"기준_년분기_코드","행정동_코드","행정동_코드_명","총_상주인구_수","남성_상주인구_수","여성_상주인구_수","연령대_10_상주인구_수","연령대_20_상주인구_수","연령대_30_상주인구_수","연령대_40_상주인구_수","연령대_50_상주인구_수","연령대_60_이상_상주인구_수","남성연령대_10_상주인구_수","남성연령대_20_상주인구_수","남성연령대_30_상주인구_수","남성연령대_40_상주인구_수","남성연령대_50_상주인구_수","남성연령대_60_이상_상주인구_수","여성연령대_10_상주인구_수","여성연령대_20_상주인구_수","여성연령대_30_상주인구_수","여성연령대_40_상주인구_수","여성연령대_50_상주인구_수","여성연령대_60_이상_상주인구_수","총_가구_수","아파트_가구_수","비_아파트_가구_수"
"20191","11110515","청운효자동","13047","6111","6936","2248","1648","1879","2304","2035","2933","1196","827","859","1021","973","1235","1052","821","1020","1283","1062","1698","5384","314","5070"
"20191","11110530","사직동","9224","4169","5055","1387","1095","1383","1558","1472","2329","690","492","602","702","662","1021","697","603","781","856","810","1308","4352","163","4189"
"20191","11110540","삼청동","2831","1344","1487","340","336","422","399","465","869","184","165","202","198","212","383","156","171","220","201","253","486","1413","0","1413"
"20191","11110550","부암동","10055","4850","5205","1490","1394","1277","1647","1713","2534","801","761","605","742","804","1137","689","633","672","905","909","1397","4243","74","4169"
"20191","11110560","평창동","18615","8775","9840","3018","2691","2303","2848","3263","4492","1546","1419","1072","1256","1506","1976","1472","1272","1231","1592","1757","2516","7463","459","7004"
"20191","11110570","무악동","8237","3844","4393","1655","927","922","1558","1327","1848","764","419","431","759","659","812","891","508","491","799","668","1036","3024","2289","735"
"20191","11110580","교남동","10525","4912","5613","1750","1357","1888","1880","1526","2124","872","608","903","898","741","890","878","749","985","982","785","1234","4485","53","4432"
"20191","11110600","가회동","4486","2081","2405","593","527","604","806","726","1230","292","253","298","369","349","520","301","274","306","437","377","710","2072","0","2072"
"20191","11110615","종로1?2?3?4가동","7425","4405","3020","477","921","953","964","1442","2668","249","466","556","596","987","1551","228","455","397","368","455","1117","5288","179","5109"
"20191","11110630","종로5?6가동","5291","2901","2390","425","955","638","702","1022","1549","217","551","369","405","580","779","208","404","269","297","442","770","3164","0","3164"
"20191","11110640","이화동","8072","3817","4255","811","1723","1437","1100","1169","1832","403","798","702","548","573","793","408","925","735","552","596","1039","4445","0","4445"
"20191","11110650","혜화동","17044","8252","8792","2155","4256","2418","2422","2288","3505","1097","2159","1240","1169","1086","1501","1058","2097","1178","1253","1202","2004","9051","662","8389"
"20191","11110670","창신1동","5403","2934","2469","469","655","596","776","1185","1722","242","358","345","415","680","894","227","297","251","361","505","828","3019","719","2300"
"20191","11110680","창신2동","9015","4600","4415","953","1324","1036","1370","1893","2439","485","713","584","740","971","1107","468","611","452","630","922","1332","4229","223","4006"
"20191","11110690","창신3동","7151","3508","3643","1042","1046","1068","1052","1308","1635","537","554","514","504","652","747","505","492","554","548","656","888","2747","1691","1056"
"20191","11110700","숭인1동","5603","2797","2806","717","727","798","903","1018","1440","354","379","441","478","511","634","363","348","357","425","507","806","2618","0","2618"
"20191","11110710","숭인2동","9589","4913","4676","773","1746","1572","1363","1746","2389","396","788","829","729","957","1214","377","958","743","634","789","1175","5654","595","5059"
"20191","11140520","소공동","1775","896","879","250","170","458","350","228","319","111","72","236","181","124","172","139","98","222","169","104","147","976","78","898"
"20191","11140540","회현동","4496","2530","1966","303","411","453","623","920","1786","137","187","257","374","597","978","166","224","196","249","323","808","2911","390","2521"
"20191","11140550","명동","2837","1192","1645","220","265","397","472","497","986","103","126","179","199","224","361","117","139","218","273","273","625","1415","0","1415"
"20191","11140570","필동","4059","2103","1956","424","615","650","530","676","1164","220","320","355","315","351","542","204","295","295","215","325","622","2281","35","2246"
"20191","11140580","장충동","4716","2396","2320","527","1126","729","640","629","1065","266","615","379","351","307","478","261","511","350","289","322","587","2623","100","2523"
"20191","11140590","광희동","4990","2652","2338","376","706","722","651","920","1615","198","354","392","363","525","820","178","352","330","288","395","795","2902","159","2743"
"20191","11140605","을지로동","1631","1033","598","85","136","187","185","362","676","47","62","110","129","260","425","38","74","77","56","102","251","1178","134","1044"
"20191","11140615","신당동","7345","3738","3607","641","1225","1108","1134","1403","1834","312","609","609","624","724","860","329","616","499","510","679","974","4015","23","3992"
"20191","11140625","다산동","14628","7105","7523","1662","2297","2442","2286","2363","3578","869","1129","1259","1131","1154","1563","793","1168","1183","1155","1209","2015","6828","133","6695"
"20191","11140635","약수동","17891","8491","9400","2390","2143","2807","2732","2885","4934","1211","1076","1335","1367","1364","2138","1179","1067","1472","1365","1521","2796","7801","5309","2492"
"20191","11140645","청구동","14714","7006","7708","1927","2051","2394","2239","2472","3631","987","998","1197","1102","1170","1552","940","1053","1197","1137","1302","2079","6452","1490","4962"
"20191","11140650","신당5동","8971","4456","4515","1179","1208","1386","1466","1607","2125","572","626","702","768","841","947","607","582","684","698","766","1178","4280","984","3296"
"20191","11140665","동화동","11451","5545","5906","1737","1700","1569","1801","2058","2586","878","869","729","912","1001","1156","859","831","840","889","1057","1430","4350","1967","2383"
"20191","11140670","황학동","12320","6070","6250","1319","1950","2697","1830","1865","2659","661","883","1357","949","979","1241","658","1067","1340","881","886","1418","6414","1892","4522"
"20191","11140680","중림동","7533","3805","3728","899","923","1250","1144","1287","2030","454","434","644","615","700","958","445","489","606","529","587","1072","3797","620","3177"
"20191","11170510","후암동","18358","8951","9407","2676","2506","3022","3010","2905","4239","1443","1288","1544","1495","1371","1810","1233","1218","1478","1515","1534","2429","8542","158","8384"
"20191","11170520","용산2가동","10502","5018","5484","1140","1499","1851","1520","1629","2863","574","769","949","731","748","1247","566","730","902","789","881","1616","5388","44","5344"
"20191","11170530","남영동","7711","4784","2927","505","946","1062","1185","1694","2319","269","464","597","792","1233","1429","236","482","465","393","461","890","5356","0","5356"
"20191","11170555","청파동","20225","9715","10510","2183","3861","3279","3083","3208","4611","1174","1694","1746","1547","1588","1966","1009","2167","1533","1536","1620","2645","10542","56","10486"
"20191","11170560","원효로1동","13991","6822","7169","2032","2018","3180","2253","1887","2621","1052","880","1597","1173","916","1204","980","1138","1583","1080","971","1417","6682","466","6216"
"20191","11170570","원효로2동","14933","7015","7918","2552","1920","2257","2551","2335","3318","1123","928","1108","1248","1168","1440","1429","992","1149","1303","1167","1878","5992","131","5861"
"20191","11170580","효창동","8783","4173","4610","1334","1328","1470","1408","1378","1865","693","622","693","678","676","811","641","706","777","730","702","1054","3653","227","3426"
"20191","11170590","용문동","12870","6204","6666","1970","1717","2244","2126","1982","2831","1018","831","1121","1051","979","1204","952","886","1123","1075","1003","1627","5397","222","5175"
"20191","11170625","한강로동","15686","7706","7980","1677","2301","3140","2327","2600","3641","882","1080","1539","1178","1300","1727","795","1221","1601","1149","1300","1914","8256","354","7902"
"20191","11170630","이촌1동","27867","12990","14877","5827","2880","3825","5240","4193","5902","2978","1408","1663","2372","2023","2546","2849","1472","2162","2868","2170","3356","10089","1826","8263"
"20191","11170640","이촌2동","9072","4285","4787","1201","1034","1571","1316","1463","2487","630","517","807","644","663","1024","571","517","764","672","800","1463","3831","583","3248"
"20191","11170650","이태원1동","6901","3276","3625","613","1004","1141","973","1112","2058","306","536","600","489","524","821","307","468","541","484","588","1237","3771","0","3771"
"20191","11170660","이태원2동","9443","4380","5063","1048","1317","1698","1480","1374","2526","507","685","831","713","612","1032","541","632","867","767","762","1494","4888","22","4866"
"20191","11170685","한남동","20476","9878","10598","2268","2694","4046","3389","3179","4900","1190","1337","2048","1670","1510","2123","1078","1357","1998","1719","1669","2777","10913","235","10678"
"20191","11170690","서빙고동","13426","6475","6951","2488","1812","1550","2592","2215","2769","1254","908","731","1244","1133","1205","1234","904","819","1348","1082","1564","5252","230","5022"
"20191","11170700","보광동","15000","7341","7659","1509","2297","2401","2356","2561","3876","824","1277","1291","1153","1188","1608","685","1020","1110","1203","1373","2268","7692","58","7634"
"20191","11200520","왕십리2동","18133","8893","9240","2677","2702","3251","2912","2912","3679","1373","1339","1639","1435","1443","1664","1304","1363","1612","1477","1469","2015","7813","776","7037"
"20191","11200535","왕십리도선동","27002","12959","14043","4157","4313","4905","4167","4429","5031","2095","2018","2362","2091","2121","2272","2062","2295","2543","2076","2308","2759","11298","1621","9677"
"20191","11200540","마장동","22989","11349","11640","3144","4214","3521","3252","3742","5116","1605","2086","1811","1630","1861","2356","1539","2128","1710","1622","1881","2760","10324","3143","7181"
"20191","11200550","사근동","11355","5864","5491","1250","3866","1735","1268","1265","1971","610","2137","966","652","613","886","640","1729","769","616","652","1085","6864","427","6437"
"20191","11200560","행당1동","13527","6610","6917","1835","2157","2114","2147","2235","3039","941","1052","1052","1079","1086","1400","894","1105","1062","1068","1149","1639","6135","1930","4205"
"20191","11200570","행당2동","25148","11887","13261","4603","3076","4049","4626","3850","4944","2165","1476","1948","2254","1901","2143","2438","1600","2101","2372","1949","2801","9465","4784","4681"
"20191","11200580","응봉동","16502","7851","8651","3227","1818","2413","3259","2395","3390","1616","864","1159","1571","1165","1476","1611","954","1254","1688","1230","1914","6255","2456","3799"
"20191","11200590","금호1가동","15796","7612","8184","2556","1882","2855","2635","2440","3428","1308","942","1387","1328","1172","1475","1248","940","1468","1307","1268","1953","6435","3184","3251"
"20191","11200615","금호2?3가동","24282","11651","12631","3650","3009","4607","3993","3676","5347","1877","1494","2195","2016","1761","2308","1773","1515","2412","1977","1915","3039","10244","3292","6952"
"20191","11200620","금호4가동","14855","7120","7735","2425","1636","2848","2641","2193","3112","1236","841","1324","1332","1062","1325","1189","795","1524","1309","1131","1787","6307","3305","3002"
"20191","11200645","옥수동","27436","12889","14547","4576","3260","5617","4560","3994","5429","2326","1528","2526","2259","1848","2402","2250","1732","3091","2301","2146","3027","10989","6754","4235"
"20191","11200650","성수1가1동","16524","8316","8208","2386","2477","2958","2692","2965","3046","1207","1299","1512","1324","1560","1414","1179","1178","1446","1368","1405","1632","7343","1937","5406"
"20191","11200660","성수1가2동","15320","7658","7662","2079","2400","2914","2467","2425","3035","1079","1206","1444","1274","1217","1438","1000","1194","1470","1193","1208","1597","7042","2053","4989"
"20191","11200670","성수2가1동","17810","9254","8556","2158","2500","2834","2716","3422","4180","1103","1309","1529","1449","1860","2004","1055","1191","1305","1267","1562","2176","8551","1792","6759"
"20191","11200690","성수2가3동","10957","5677","5280","1208","1822","2070","1521","1855","2481","615","885","1091","818","1023","1245","593","937","979","703","832","1236","5423","1627","3796"
"20191","11200720","송정동","11288","6008","5280","1365","1664","1849","1755","2174","2481","716","893","1031","972","1202","1194","649","771","818","783","972","1287","5456","796","4660"
"20191","11200790","용답동","15279","8076","7203","1596","2334","2302","2465","2897","3685","811","1181","1275","1387","1644","1778","785","1153","1027","1078","1253","1907","8006","85","7921"
"20191","11215710","화양동","21361","10250","11111","1272","8040","4490","2263","2103","3193","623","3475","2320","1267","1118","1447","649","4565","2170","996","985","1746","15105","308","14797"
"20191","11215730","군자동","19854","9809","10045","2244","3996","3802","2802","2985","4025","1174","1928","1944","1435","1499","1829","1070","2068","1858","1367","1486","2196","10272","554","9718"
"20191","11215740","중곡1동","15921","7859","8062","1793","2491","3207","2367","2624","3439","926","1196","1627","1211","1280","1619","867","1295","1580","1156","1344","1820","7735","74","7661"
"20191","11215750","중곡2동","22415","10875","11540","3012","3665","4167","3318","3795","4458","1568","1770","2066","1637","1785","2049","1444","1895","2101","1681","2010","2409","10195","362","9833"
"20191","11215760","중곡3동","17559","8727","8832","2126","2695","3058","2641","3190","3849","1095","1375","1610","1343","1544","1760","1031","1320","1448","1298","1646","2089","8347","366","7981"
"20191","11215770","중곡4동","31013","15310","15703","4259","4598","4881","4790","5654","6831","2252","2359","2493","2380","2737","3089","2007","2239","2388","2410","2917","3742","13129","295","12834"
"20191","11215780","능동","11514","5351","6163","1266","2141","2883","1610","1451","2163","663","879","1357","821","654","977","603","1262","1526","789","797","1186","6092","0","6092"
"20191","11215810","광장동","35424","17186","18238","9072","4215","4083","7910","5202","4942","4617","2095","1819","3679","2690","2286","4455","2120","2264","4231","2512","2656","11670","7161","4509"
"20191","11215820","자양1동","22578","10962","11616","2736","3977","4112","3513","3651","4589","1428","1906","2084","1765","1750","2029","1308","2071","2028","1748","1901","2560","11051","288","10763"
"20191","11215830","자양2동","27039","13304","13735","4127","3931","4637","4357","4470","5517","2195","1989","2273","2123","2126","2598","1932","1942","2364","2234","2344","2919","11183","1987","9196"
"20191","11215840","자양3동","31001","15028","15973","5546","4294","4861","5032","5079","6189","2777","2124","2330","2417","2487","2893","2769","2170","2531","2615","2592","3296","11881","4457","7424"
"20191","11215847","자양4동","18755","9430","9325","2011","2714","3062","2836","3450","4682","1022","1362","1592","1497","1760","2197","989","1352","1470","1339","1690","2485","9301","684","8617"
"20191","11215850","구의1동","22628","10857","11771","2545","4393","4577","3456","3410","4247","1310","2027","2267","1739","1632","1882","1235","2366","2310","1717","1778","2365","11487","234","11253"
"20191","11215860","구의2동","25499","12396","13103","4052","3442","4000","4176","4256","5573","2071","1727","2014","2053","2017","2514","1981","1715","1986","2123","2239","3059","10655","183","10472"
"20191","11215870","구의3동","29685","14169","15516","4773","4746","5026","4860","4864","5416","2360","2332","2384","2255","2337","2501","2413","2414","2642","2605","2527","2915","11927","4690","7237"
"20191","11230536","용신동","30468","15720","14748","3140","4989","5257","4451","4981","7650","1626","2539","2800","2436","2625","3694","1514","2450","2457","2015","2356","3956","16257","1127","15130"
"20191","11230545","제기동","24157","12393","11764","2621","3864","3521","3273","3857","7021","1376","2123","1958","1797","1970","3169","1245","1741","1563","1476","1887","3852","12288","2544","9744"
"20191","11230560","전농1동","29359","14890","14469","4036","4288","4257","4407","4924","7447","2095","2223","2222","2341","2520","3489","1941","2065","2035","2066","2404","3958","13978","3375","10603"
"20191","11230570","전농2동","19853","9570","10283","3406","2477","2551","3343","3297","4779","1695","1261","1268","1580","1627","2139","1711","1216","1283","1763","1670","2640","7590","5014","2576"
"20191","11230600","답십리1동","26520","12927","13593","4221","3745","4833","4324","4096","5301","2151","1777","2333","2225","2033","2408","2070","1968","2500","2099","2063","2893","11536","4208","7328"
"20191","11230610","답십리2동","26766","13155","13611","3947","3378","3684","4277","4678","6802","1992","1759","1912","2167","2253","3072","1955","1619","1772","2110","2425","3730","10933","6312","4621"
"20191","11230650","장안1동","38376","19215","19161","5561","5079","6726","6376","6126","8508","2868","2514","3448","3315","3042","4028","2693","2565","3278","3061","3084","4480","16915","2643","14272"
"20191","11230660","장안2동","30280","15233","15047","5432","3499","4765","5491","4616","6477","2884","1864","2367","2794","2293","3031","2548","1635","2398","2697","2323","3446","12301","5160","7141"
"20191","11230705","청량리동","21767","10952","10815","2367","2630","2738","2983","3975","7074","1207","1402","1485","1597","2028","3233","1160","1228","1253","1386","1947","3841","10394","3278","7116"
"20191","11230710","회기동","10055","4800","5255","1202","2727","1619","1326","1161","2020","577","1301","826","683","565","848","625","1426","793","643","596","1172","5759","1031","4728"
"20191","11230720","휘경1동","13046","6565","6481","1384","2757","2018","1826","2012","3049","719","1377","1077","942","1050","1400","665","1380","941","884","962","1649","6813","1322","5491"
"20191","11230730","휘경2동","24399","12029","12370","3748","4871","3338","3738","3574","5130","1847","2562","1729","1834","1770","2287","1901","2309","1609","1904","1804","2843","11023","2742","8281"
"20191","11230740","이문1동","26726","13387","13339","3012","5780","3733","3815","4016","6370","1536","3051","2012","1997","1995","2796","1476","2729","1721","1818","2021","3574","14185","1218","12967"
"20191","11230750","이문2동","21698","10650","11048","3538","2969","2920","3627","3543","5101","1813","1481","1473","1812","1778","2293","1725","1488","1447","1815","1765","2808","8692","4855","3837"
"20191","11260520","면목2동","26070","13087","12983","3515","3523","3913","4161","4951","6007","1767","1826","2087","2161","2501","2745","1748","1697","1826","2000","2450","3262","12088","2253","9835"
"20191","11260540","면목4동","20679","10264","10415","2757","2981","3236","3268","3428","5009","1445","1423","1715","1739","1732","2210","1312","1558","1521","1529","1696","2799","9459","2208","7251"
"20191","11260550","면목5동","10038","5136","4902","1343","1360","1559","1551","1856","2369","679","735","822","839","944","1117","664","625","737","712","912","1252","4572","184","4388"
"20191","11260565","면목본동","35524","17754","17770","4229","5304","5909","5524","6536","8022","2151","2677","3162","2849","3225","3690","2078","2627","2747","2675","3311","4332","17251","779","16472"
"20191","11260570","면목7동","22129","11026","11103","2631","3143","3369","3284","4080","5622","1360","1644","1734","1735","1954","2599","1271","1499","1635","1549","2126","3023","10073","2496","7577"
"20191","11260575","면목3?8동","25924","13002","12922","3094","3731","3860","3982","4801","6456","1602","1933","2052","2103","2357","2955","1492","1798","1808","1879","2444","3501","12202","1553","10649"
"20191","11260580","상봉1동","25514","12496","13018","4232","3793","3876","3876","4566","5171","2206","1913","1942","1900","2191","2344","2026","1880","1934","1976","2375","2827","10063","4437","5626"
"20191","11260590","상봉2동","18320","9062","9258","1822","3045","3704","2632","3095","4022","953","1402","1930","1337","1533","1907","869","1643","1774","1295","1562","2115","9711","165","9546"
"20191","11260600","중화1동","20759","10265","10494","2970","3069","3488","2876","3651","4705","1507","1554","1819","1489","1727","2169","1463","1515","1669","1387","1924","2536","8728","430","8298"
"20191","11260610","중화2동","28070","14514","13556","2837","3910","4257","4124","5661","7281","1519","1999","2311","2216","3007","3462","1318","1911","1946","1908","2654","3819","14230","172","14058"
"20191","11260620","묵1동","36090","17656","18434","6006","4901","5785","6010","5692","7696","3056","2452","2896","2998","2691","3563","2950","2449","2889","3012","3001","4133","14407","5148","9259"
"20191","11260630","묵2동","20004","9883","10121","2663","2902","3406","3073","3315","4645","1373","1406","1803","1558","1617","2126","1290","1496","1603","1515","1698","2519","9052","1459","7593"
"20191","11260655","망우본동","31311","15849","15462","3934","4377","4558","4559","5995","7888","1970","2274","2390","2436","3031","3748","1964","2103","2168","2123","2964","4140","14495","2795","11700"
"20191","11260660","망우3동","18199","9159","9040","2403","2488","2569","2749","3479","4511","1174","1276","1371","1413","1809","2116","1229","1212","1198","1336","1670","2395","8450","19","8431"
"20191","11260680","신내1동","40182","19711","20471","7763","5280","5639","6196","6716","8588","4010","2700","2729","3121","3223","3928","3753","2580","2910","3075","3493","4660","14150","6467","7683"
"20191","11260690","신내2동","22597","10886","11711","3715","2804","3406","3625","3787","5260","1900","1449","1690","1751","1800","2296","1815","1355","1716","1874","1987","2964","8993","8604","389"
"20191","11290525","성북동","12823","6148","6675","1610","1886","1934","2089","2107","3197","812","919","943","1050","1006","1418","798","967","991","1039","1101","1779","5818","73","5745"
"20191","11290555","삼선동","36432","17488","18944","5549","6086","5344","6043","5625","7785","2881","2873","2628","2948","2752","3406","2668","3213","2716","3095","2873","4379","16415","3894","12521"
"20191","11290575","동선동","15860","6852","9008","1781","3960","2894","2260","1914","3051","856","1328","1364","1089","921","1294","925","2632","1530","1171","993","1757","8908","564","8344"
"20191","11290580","돈암1동","15900","7472","8428","2510","2148","2183","2536","2746","3777","1191","1033","1071","1203","1314","1660","1319","1115","1112","1333","1432","2117","6103","4605","1498"
"20191","11290590","돈암2동","18821","9042","9779","4063","2164","2556","3769","2951","3318","2063","1099","1170","1819","1409","1482","2000","1065","1386","1950","1542","1836","6462","4337","2125"
"20191","11290600","안암동","15018","7616","7402","1493","4297","2319","1917","2083","2909","800","2299","1257","970","1039","1251","693","1998","1062","947","1044","1658","8584","1035","7549"
"20191","11290610","보문동","16876","8198","8678","2199","2852","3015","2738","2651","3421","1121","1367","1543","1385","1261","1521","1078","1485","1472","1353","1390","1900","7962","678","7284"
"20191","11290620","정릉1동","20748","10014","10734","3803","2511","3032","3817","3164","4421","1922","1275","1449","1875","1543","1950","1881","1236","1583","1942","1621","2471","7858","3961","3897"
"20191","11290630","정릉2동","24493","11996","12497","3920","3212","3386","4005","3945","6025","2053","1660","1743","1969","1876","2695","1867","1552","1643","2036","2069","3330","9790","1898","7892"
"20191","11290640","정릉3동","15549","7709","7840","1910","2635","2083","2169","2409","4343","1016","1445","1131","1087","1182","1848","894","1190","952","1082","1227","2495","7254","509","6745"
"20191","11290650","정릉4동","26867","13108","13759","4471","3265","3837","4679","4192","6423","2357","1649","1896","2315","2018","2873","2114","1616","1941","2364","2174","3550","10976","4870","6106"
"20191","11290660","길음1동","35064","16816","18248","8877","3195","5189","7806","4292","5705","4492","1514","2325","3876","2140","2469","4385","1681","2864","3930","2152","3236","12111","1751","10360"
"20191","11290685","길음2동","7683","3776","3907","1280","967","933","1330","1234","1939","695","483","459","648","625","866","585","484","474","682","609","1073","3209","1803","1406"
"20191","11290705","종암동","40957","20327","20630","7116","5820","5852","6940","6410","8819","3754","3130","2926","3455","3218","3844","3362","2690","2926","3485","3192","4975","16994","6060","10934"
"20191","11290715","월곡1동","31791","15462","16329","5885","3606","4533","5734","4881","7152","2927","1779","2220","2899","2411","3226","2958","1827","2313","2835","2470","3926","12468","5771","6697"
"20191","11290725","월곡2동","20294","9940","10354","2981","3224","2932","3181","3131","4845","1515","1486","1501","1642","1585","2211","1466","1738","1431","1539","1546","2634","8826","2914","5912"
"20191","11290760","장위1동","20818","10314","10504","2852","2973","2628","3278","3928","5159","1463","1564","1429","1643","1920","2295","1389","1409","1199","1635","2008","2864","8840","32","8808"
"20191","11290770","장위2동","16899","8480","8419","2077","2200","2003","2572","3136","4911","1055","1164","1104","1356","1583","2218","1022","1036","899","1216","1553","2693","7397","319","7078"
"20191","11290780","장위3동","11781","5934","5847","1934","1408","1480","1969","2098","2892","951","743","750","1035","1080","1375","983","665","730","934","1018","1517","4867","1295","3572"
"20191","11290810","석관동","33125","16486","16639","4263","4647","4713","5061","5793","8648","2237","2367","2434","2611","2832","4005","2026","2280","2279","2450","2961","4643","14636","2953","11683"
"20191","11305534","삼양동","28276","14089","14187","4146","3603","3813","4425","5089","7200","2140","1871","2028","2237","2575","3238","2006","1732","1785","2188","2514","3962","12461","2688","9773"
"20191","11305535","미아동","22668","10963","11705","2552","3607","3277","3363","3986","5883","1347","1617","1738","1714","1899","2648","1205","1990","1539","1649","2087","3235","11119","596","10523"
"20191","11305545","송중동","29477","14202","15275","3694","4122","4214","4598","4993","7856","1837","2013","2207","2316","2329","3500","1857","2109","2007","2282","2664","4356","13067","436","12631"
"20191","11305555","송천동","28794","14394","14400","3379","3797","3860","4326","5345","8087","1712","1985","2083","2286","2636","3692","1667","1812","1777","2040","2709","4395","13588","571","13017"
"20191","11305575","삼각산동","33257","16045","17212","7692","3454","4493","6955","4836","5827","3966","1737","2050","3384","2401","2507","3726","1717","2443","3571","2435","3320","11782","11348","434"
"20191","11305645","우이동","21627","10541","11086","2931","2790","2827","3289","3660","6130","1527","1403","1483","1614","1742","2772","1404","1387","1344","1675","1918","3358","9368","1106","8262"
"20191","11305660","인수동","32344","15808","16536","4327","4245","4413","4823","5563","8973","2197","2150","2344","2450","2660","4007","2130","2095","2069","2373","2903","4966","14116","546","13570"
"20191","11320511","창1동","26888","12899","13989","4393","3521","3927","4602","4410","6035","2266","1738","1945","2234","2046","2670","2127","1783","1982","2368","2364","3365","10889","7217","3672"
"20191","11320512","창2동","31059","15243","15816","4842","4397","4761","4961","5320","6778","2497","2230","2386","2471","2548","3111","2345","2167","2375","2490","2772","3667","12267","3060","9207"
"20191","11320513","창3동","15066","7522","7544","2169","1960","1994","2376","2687","3880","1127","1003","1055","1219","1333","1785","1042","957","939","1157","1354","2095","6608","1123","5485"
"20191","11320514","창4동","28602","13829","14773","5091","3955","3721","4934","5088","5813","2587","2031","1836","2305","2450","2620","2504","1924","1885","2629","2638","3193","10591","9753","838"
"20191","11320515","창5동","26183","12658","13525","4107","3688","3890","3904","4644","5950","2131","1811","1985","1843","2144","2744","1976","1877","1905","2061","2500","3206","9846","6842","3004"
"20191","11320521","도봉1동","22851","11544","11307","2530","2880","2849","3213","4107","7272","1322","1524","1577","1703","2030","3388","1208","1356","1272","1510","2077","3884","10251","997","9254"
"20191","11320522","도봉2동","28545","14030","14515","3839","3434","4030","4022","4753","8467","1938","1788","2053","2084","2269","3898","1901","1646","1977","1938","2484","4569","11844","8242","3602"
"20191","11320660","쌍문1동","21637","10531","11106","3168","2966","2689","3450","3692","5672","1556","1495","1392","1715","1791","2582","1612","1471","1297","1735","1901","3090","8927","2023","6904"
"20191","11320670","쌍문2동","20002","9699","10303","2829","2699","2927","3019","3461","5067","1490","1353","1532","1491","1583","2250","1339","1346","1395","1528","1878","2817","8450","2324","6126"
"20191","11320680","쌍문3동","17224","8349","8875","2140","2495","2625","2611","2880","4473","1098","1164","1369","1336","1337","2045","1042","1331","1256","1275","1543","2428","7606","1959","5647"
"20191","11320681","쌍문4동","18876","9000","9876","3320","2646","2399","3070","3419","4022","1670","1377","1170","1413","1540","1830","1650","1269","1229","1657","1879","2192","6774","3579","3195"
"20191","11320690","방학1동","30298","15026","15272","4297","4238","3806","4670","5590","7697","2202","2191","1932","2347","2734","3620","2095","2047","1874","2323","2856","4077","12630","4166","8464"
"20191","11320700","방학2동","21629","10942","10687","2947","2953","2683","3342","3991","5713","1551","1601","1469","1692","1997","2632","1396","1352","1214","1650","1994","3081","9501","214","9287"
"20191","11320710","방학3동","29430","14395","15035","5311","3927","3556","4768","5282","6586","2834","2144","1730","2228","2474","2985","2477","1783","1826","2540","2808","3601","10104","8867","1237"
"20191","11350560","월계1동","25078","12900","12178","3682","4147","3494","3978","3893","5884","1929","2396","1799","2076","1953","2747","1753","1751","1695","1902","1940","3137","10928","4206","6722"
"20191","11350570","월계2동","26869","12978","13891","4172","3207","3442","4351","4463","7234","2148","1672","1723","2219","2144","3072","2024","1535","1719","2132","2319","4162","11246","9450","1796"
"20191","11350580","월계3동","29560","14267","15293","4728","3488","4986","4567","4514","7277","2482","1758","2515","2295","2132","3085","2246","1730","2471","2272","2382","4192","11875","11449","426"
"20191","11350595","공릉1동","37829","18566","19263","5279","6607","6020","5644","5971","8308","2680","3349","3099","2907","2773","3758","2599","3258","2921","2737","3198","4550","17432","6974","10458"
"20191","11350600","공릉2동","40434","19790","20644","8081","6483","5606","7054","6178","7032","4147","3223","2741","3384","3040","3255","3934","3260","2865","3670","3138","3777","15762","8390","7372"
"20191","11350611","하계1동","27982","13426","14556","4881","4431","2869","4726","5255","5820","2690","2375","1415","2125","2499","2322","2191","2056","1454","2601","2756","3498","10883","8707","2176"
"20191","11350612","하계2동","24025","11525","12500","4896","3428","2784","4478","4180","4259","2506","1740","1311","2099","2037","1832","2390","1688","1473","2379","2143","2427","8350","7532","818"
"20191","11350619","중계본동","26716","13096","13620","6399","3870","2019","5602","4899","3927","3244","2030","952","2483","2585","1802","3155","1840","1067","3119","2314","2125","9070","5179","3891"
"20191","11350621","중계1동","28459","13915","14544","7973","3463","2010","6946","4703","3364","4222","1821","844","3070","2482","1476","3751","1642","1166","3876","2221","1888","9124","8757","367"
"20191","11350624","중계4동","20823","10138","10685","3804","2753","2245","3762","3510","4749","2015","1453","1114","1779","1764","2013","1789","1300","1131","1983","1746","2736","7953","6450","1503"
"20191","11350625","중계2?3동","38141","17846","20295","6424","4704","4968","6694","5885","9466","3222","2429","2440","3264","2807","3684","3202","2275","2528","3430","3078","5782","15500","14283","1217"
"20191","11350630","상계1동","40833","19946","20887","6485","5830","5472","6368","7296","9382","3359","3002","2704","3069","3460","4352","3126","2828","2768","3299","3836","5030","15486","8902","6584"
"20191","11350640","상계2동","21435","10599","10836","3236","3578","2558","3404","4013","4646","1682","1789","1312","1648","1985","2183","1554","1789","1246","1756","2028","2463","8644","3689","4955"
"20191","11350665","상계3?4동","31070","15516","15554","4270","3771","3474","4841","5596","9118","2287","2007","1868","2483","2793","4078","1983","1764","1606","2358","2803","5040","13628","4504","9124"
"20191","11350670","상계5동","22038","10777","11261","3202","3232","2590","3487","4042","5485","1624","1718","1390","1659","1974","2412","1578","1514","1200","1828","2068","3073","9226","2505","6721"
"20191","11350695","상계6?7동","35218","16445","18773","6600","4745","5464","6283","5636","6490","3317","2332","2569","2870","2612","2745","3283","2413","2895","3413","3024","3745","13884","13300","584"
"20191","11350700","상계8동","24761","11956","12805","5527","2613","5467","4322","3013","3819","2820","1315","2681","2119","1431","1590","2707","1298","2786","2203","1582","2229","9310","9209","101"
"20191","11350710","상계9동","22556","10861","11695","4227","2885","3192","3991","3664","4597","2232","1508","1595","1816","1705","2005","1995","1377","1597","2175","1959","2592","8514","8403","111"
"20191","11350720","상계10동","17165","7934","9231","2831","2493","2771","2874","2893","3303","1407","1203","1328","1271","1331","1394","1424","1290","1443","1603","1562","1909","6662","6191","471"
"20191","11380510","녹번동","32487","15649","16838","4452","4253","5048","5212","5332","8190","2251","2071","2575","2616","2557","3579","2201","2182","2473","2596","2775","4611","14600","2122","12478"
"20191","11380520","불광1동","30338","14549","15789","4619","3855","4490","5026","4999","7349","2416","1954","2153","2471","2349","3206","2203","1901","2337","2555","2650","4143","12662","5609","7053"
"20191","11380530","불광2동","40888","19772","21116","5112","5919","6157","6227","6998","10475","2618","2961","3201","3107","3259","4626","2494","2958","2956","3120","3739","5849","18490","1322","17168"
"20191","11380551","갈현1동","24172","11830","12342","3168","3700","3496","3756","4133","5919","1648","1915","1820","1839","1939","2669","1520","1785","1676","1917","2194","3250","10773","612","10161"
"20191","11380552","갈현2동","30216","14472","15744","4785","4362","4541","5078","4925","6525","2445","2098","2310","2412","2310","2897","2340","2264","2231","2666","2615","3628","12370","535","11835"
"20191","11380560","구산동","33520","16812","16708","5200","4495","4523","5451","5711","8140","2552","2252","2334","2736","2884","4054","2648","2243","2189","2715","2827","4086","12666","1466","11200"
"20191","11380570","대조동","32573","15407","17166","4125","5074","5437","5119","5114","7704","2013","2340","2737","2536","2455","3326","2112","2734","2700","2583","2659","4378","15710","789","14921"
"20191","11380580","응암1동","25757","12396","13361","4495","3277","4045","4492","3806","5642","2378","1564","1977","2231","1832","2414","2117","1713","2068","2261","1974","3228","11105","1516","9589"
"20191","11380590","응암2동","13467","6545","6922","2941","1384","2256","2698","1822","2366","1532","716","1037","1388","870","1002","1409","668","1219","1310","952","1364","5153","3140","2013"
"20191","11380600","응암3동","33658","16613","17045","4389","4429","4905","5313","5557","9065","2341","2326","2576","2711","2764","3895","2048","2103","2329","2602","2793","5170","15466","788","14678"
"20191","11380625","역촌동","49593","23684","25909","7690","6684","7966","8343","7957","10953","3902","3213","3913","4148","3735","4773","3788","3471","4053","4195","4222","6180","20644","772","19872"
"20191","11380631","신사1동","27610","13406","14204","4091","3830","4328","4442","4516","6403","2099","1986","2175","2185","2111","2850","1992","1844","2153","2257","2405","3553","11159","1727","9432"
"20191","11380632","신사2동","21670","10854","10816","3271","2935","3162","3462","3692","5148","1747","1574","1682","1732","1785","2334","1524","1361","1480","1730","1907","2814","8915","1584","7331"
"20191","11380640","증산동","17141","8461","8680","2398","2303","2341","2650","2983","4466","1229","1205","1173","1338","1454","2062","1169","1098","1168","1312","1529","2404","7125","1408","5717"
"20191","11380650","수색동","11411","5741","5670","1414","1472","1588","1626","2059","3252","737","795","840","857","1055","1457","677","677","748","769","1004","1795","4961","1417","3544"
"20191","11380690","진관동","55804","26521","29283","12611","6488","7103","11183","7904","10515","6514","2922","3128","5415","3888","4654","6097","3566","3975","5768","4016","5861","19911","0","19911"
"20191","11410520","천연동","18701","8935","9766","3126","2336","2675","3227","2976","4361","1551","1177","1306","1621","1460","1820","1575","1159","1369","1606","1516","2541","8197","3107","5090"
"20191","11410555","북아현동","17272","8258","9014","2590","2640","3090","2791","2877","3284","1300","1205","1542","1374","1430","1407","1290","1435","1548","1417","1447","1877","7475","1637","5838"
"20191","11410565","충현동","18131","8854","9277","2165","2815","2635","2787","3174","4555","1109","1422","1320","1404","1572","2027","1056","1393","1315","1383","1602","2528","8773","857","7916"
"20191","11410585","신촌동","18428","8435","9993","1873","6055","3398","2051","2035","3016","989","2445","1679","1014","993","1315","884","3610","1719","1037","1042","1701","11718","1056","10662"
"20191","11410615","연희동","37292","18078","19214","4663","7003","6017","5665","5470","8474","2367","3637","2989","2751","2611","3723","2296","3366","3028","2914","2859","4751","18407","2523","15884"
"20191","11410620","홍제1동","22979","10817","12162","3485","2919","3291","3807","3687","5790","1708","1442","1621","1826","1691","2529","1777","1477","1670","1981","1996","3261","9459","3056","6403"
"20191","11410640","홍제3동","16053","7786","8267","2132","2143","2008","2461","2781","4528","1094","1049","1066","1222","1396","1959","1038","1094","942","1239","1385","2569","6888","2113","4775"
"20191","11410655","홍제2동","14707","7058","7649","2187","1902","2029","2283","2672","3634","1141","973","977","1107","1280","1580","1046","929","1052","1176","1392","2054","5804","4019","1785"
"20191","11410660","홍은1동","22272","10869","11403","3196","2997","2720","3412","3965","5982","1626","1519","1406","1688","1983","2647","1570","1478","1314","1724","1982","3335","9193","3571","5622"
"20191","11410685","홍은2동","28833","14112","14721","4148","4240","3891","4692","4848","7014","2130","2193","2021","2305","2355","3108","2018","2047","1870","2387","2493","3906","12443","1836","10607"
"20191","11410690","남가좌1동","17491","8413","9078","3889","1909","2825","3328","2396","3144","1927","922","1260","1727","1190","1387","1962","987","1565","1601","1206","1757","6239","5349","890"
"20191","11410700","남가좌2동","22223","10793","11430","3354","3354","3147","3563","3482","5323","1713","1687","1584","1781","1704","2324","1641","1667","1563","1782","1778","2999","9914","2997","6917"
"20191","11410710","북가좌1동","17534","8484","9050","3247","2116","2537","3099","2752","3783","1686","1042","1183","1572","1322","1679","1561","1074","1354","1527","1430","2104","6403","3890","2513"
"20191","11410720","북가좌2동","35181","17207","17974","5024","5007","4965","5715","5913","8557","2552","2608","2521","2846","2825","3855","2472","2399","2444","2869","3088","4702","15141","2306","12835"
"20191","11440555","아현동","26813","12707","14106","4487","3491","5656","4293","4169","4717","2128","1618","2680","2155","2037","2089","2359","1873","2976","2138","2132","2628","11177","7314","3863"
"20191","11440565","공덕동","37998","18110","19888","4931","6009","6526","5962","6438","8132","2475","2799","3245","2937","3127","3527","2456","3210","3281","3025","3311","4605","17352","5011","12341"
"20191","11440585","도화동","22525","10747","11778","3409","3007","3928","3567","3549","5065","1808","1417","1868","1724","1703","2227","1601","1590","2060","1843","1846","2838","9553","4331","5222"
"20191","11440590","용강동","19984","9530","10454","3776","2285","3624","3949","2810","3540","1848","1081","1734","1939","1391","1537","1928","1204","1890","2010","1419","2003","8366","4579","3787"
"20191","11440600","대흥동","11917","5826","6091","1133","2774","1912","1791","1697","2610","604","1308","942","949","919","1104","529","1466","970","842","778","1506","7148","467","6681"
"20191","11440610","염리동","11946","5805","6141","1967","1705","1648","2169","1758","2699","1000","841","805","1106","883","1170","967","864","843","1063","875","1529","5503","1503","4000"
"20191","11440630","신수동","21183","10365","10818","3476","3040","3501","3773","3102","4291","1801","1585","1719","1823","1542","1895","1675","1455","1782","1950","1560","2396","9079","3285","5794"
"20191","11440655","서강동","25142","12033","13109","3838","4487","4561","4296","3676","4284","1959","2164","2114","2081","1794","1921","1879","2323","2447","2215","1882","2363","11498","2477","9021"
"20191","11440660","서교동","24656","11486","13170","2442","5003","5527","3923","3114","4647","1255","2240","2553","1893","1488","2057","1187","2763","2974","2030","1626","2590","13831","459","13372"
"20191","11440680","합정동","18409","8612","9797","2444","3245","4023","2642","2445","3610","1248","1436","1919","1311","1154","1544","1196","1809","2104","1331","1291","2066","9096","675","8421"
"20191","11440690","망원1동","21189","10110","11079","2722","3259","4072","3472","3092","4572","1379","1555","1981","1734","1514","1947","1343","1704","2091","1738","1578","2625","10212","928","9284"
"20191","11440700","망원2동","19581","9386","10195","3242","2662","3279","3500","2817","4081","1619","1263","1564","1760","1395","1785","1623","1399","1715","1740","1422","2296","8164","1945","6219"
"20191","11440710","연남동","16597","7820","8777","1737","3139","3522","2553","2202","3444","884","1433","1678","1296","1039","1490","853","1706","1844","1257","1163","1954","8767","825","7942"
"20191","11440720","성산1동","19834","9413","10421","2766","2976","3668","3606","2826","3992","1409","1446","1775","1704","1339","1740","1357","1530","1893","1902","1487","2252","9166","349","8817"
"20191","11440730","성산2동","40544","19064","21480","6992","6015","6846","7220","5623","7848","3585","2693","3251","3501","2760","3274","3407","3322","3595","3719","2863","4574","17594","5008","12586"
"20191","11440740","상암동","32983","15854","17129","7727","4046","4594","6857","4343","5416","3950","1845","2098","3401","2186","2374","3777","2201","2496","3456","2157","3042","12625","6846","5779"
"20191","11470510","목1동","28906","13908","14998","7408","3429","3224","6524","4559","3762","3707","1699","1391","3024","2355","1732","3701","1730","1833","3500","2204","2030","9461","5409","4052"
"20191","11470520","목2동","31095","15225","15870","4837","4898","5838","4757","5055","5710","2519","2466","2957","2277","2401","2605","2318","2432","2881","2480","2654","3105","12654","2228","10426"
"20191","11470530","목3동","21970","10630","11340","3077","3464","4051","3242","3688","4448","1673","1742","2033","1543","1682","1957","1404","1722","2018","1699","2006","2491","9297","2459","6838"
"20191","11470540","목4동","26806","13215","13591","5378","4140","3181","5027","4741","4339","2854","2215","1561","2267","2392","1926","2524","1925","1620","2760","2349","2413","9915","1645","8270"
"20191","11470550","목5동","43444","21497","21947","11281","5199","4374","9405","6999","6186","6073","2700","1920","4205","3626","2973","5208","2499","2454","5200","3373","3213","13564","11615","1949"
"20191","11470560","신월1동","21678","11151","10527","2786","2846","3113","3442","4089","5402","1431","1522","1686","1819","2142","2551","1355","1324","1427","1623","1947","2851","9888","890","8998"
"20191","11470570","신월2동","22349","10977","11372","3619","2814","3546","3459","3584","5327","1826","1463","1813","1723","1703","2449","1793","1351","1733","1736","1881","2878","8548","3153","5395"
"20191","11470580","신월3동","16787","8873","7914","2344","2232","2323","2603","3227","4058","1223","1198","1297","1442","1742","1971","1121","1034","1026","1161","1485","2087","8122","621","7501"
"20191","11470590","신월4동","19224","9467","9757","3608","2256","2941","3138","3078","4203","1879","1160","1430","1569","1507","1922","1729","1096","1511","1569","1571","2281","6832","2815","4017"
"20191","11470600","신월5동","15215","7533","7682","2479","2124","2331","2402","2661","3218","1265","1081","1211","1180","1283","1513","1214","1043","1120","1222","1378","1705","6183","1075","5108"
"20191","11470610","신월6동","6828","3408","3420","1172","864","888","1084","1196","1624","612","457","488","534","563","754","560","407","400","550","633","870","2538","1329","1209"
"20191","11470611","신월7동","25640","12622","13018","4097","3248","3622","4088","4259","6326","2048","1725","1882","2112","2046","2809","2049","1523","1740","1976","2213","3517","10198","3356","6842"
"20191","11470620","신정1동","21422","10504","10918","5006","2702","2334","4179","3587","3614","2600","1391","1037","1925","1885","1666","2406","1311","1297","2254","1702","1948","7193","5454","1739"
"20191","11470630","신정2동","20946","10287","10659","4460","2987","2011","4026","3828","3634","2290","1547","932","1868","1986","1664","2170","1440","1079","2158","1842","1970","7189","3391","3798"
"20191","11470640","신정3동","46020","22566","23454","9240","5734","6297","8251","7662","8836","4760","2989","3061","4041","3731","3984","4480","2745","3236","4210","3931","4852","16922","8701","8221"
"20191","11470650","신정4동","35466","17445","18021","4817","5305","6089","5607","5794","7854","2476","2602","3118","2834","2762","3653","2341","2703","2971","2773","3032","4201","15774","1284","14490"
"20191","11470670","신정6동","24756","12122","12634","5803","3394","2809","4893","4295","3562","3024","1782","1242","2195","2181","1698","2779","1612","1567","2698","2114","1864","7914","6996","918"
"20191","11470680","신정7동","30286","14764","15522","5493","4111","3416","5255","5554","6457","2878","2153","1651","2479","2789","2814","2615","1958","1765","2776","2765","3643","11224","9357","1867"
"20191","11500510","염창동","40789","19999","20790","8805","5319","6877","7720","6071","5997","4501","2603","3285","3806","2989","2815","4304","2716","3592","3914","3082","3182","14375","9258","5117"
"20191","11500520","등촌1동","22423","10604","11819","2908","4174","5423","3228","3013","3677","1589","1691","2643","1576","1443","1662","1319","2483","2780","1652","1570","2015","11287","2994","8293"
"20191","11500530","등촌2동","22100","10996","11104","3398","3418","3916","3240","3711","4417","1827","1820","1967","1556","1761","2065","1571","1598","1949","1684","1950","2352","8536","2365","6171"
"20191","11500535","등촌3동","33329","15992","17337","4584","4777","4963","4529","5993","8483","2372","2506","2553","2132","2836","3593","2212","2271","2410","2397","3157","4890","14560","11563","2997"
"20191","11500540","화곡1동","53679","26433","27246","6336","8353","11831","7707","8040","11412","3194","3979","6245","4044","3768","5203","3142","4374","5586","3663","4272","6209","25470","3068","22402"
"20191","11500550","화곡2동","19851","9667","10184","3290","2563","3641","3484","2911","3962","1667","1266","1878","1753","1338","1765","1623","1297","1763","1731","1573","2197","8222","331","7891"
"20191","11500560","화곡3동","22514","10831","11683","3244","3263","3552","3291","3650","5514","1664","1563","1772","1587","1698","2547","1580","1700","1780","1704","1952","2967","9098","3648","5450"
"20191","11500570","화곡4동","22378","11010","11368","3065","3062","4002","3494","3687","5068","1580","1616","2074","1739","1736","2265","1485","1446","1928","1755","1951","2803","9587","677","8910"
"20191","11500590","화곡본동","35876","17543","18333","5638","5198","7152","6064","5090","6734","2917","2509","3744","3106","2333","2934","2721","2689","3408","2958","2757","3800","15927","831","15096"
"20191","11500591","화곡6동","24327","12031","12296","3330","3708","4217","3731","4056","5285","1750","1848","2196","1879","1911","2447","1580","1860","2021","1852","2145","2838","10759","2168","8591"
"20191","11500593","화곡8동","26614","12905","13709","3657","3716","5057","4241","4000","5943","1856","1831","2619","2156","1802","2641","1801","1885","2438","2085","2198","3302","11580","664","10916"
"20191","11500603","가양1동","38641","18381","20260","5701","8104","8689","5725","5194","5228","2922","3130","4361","2983","2480","2505","2779","4974","4328","2742","2714","2723","19526","7381","12145"
"20191","11500604","가양2동","16043","7649","8394","1208","2182","2858","1629","2812","5354","623","1026","1496","847","1274","2383","585","1156","1362","782","1538","2971","8133","6907","1226"
"20191","11500605","가양3동","16377","7791","8586","1726","2040","3241","2077","2640","4653","873","1048","1693","1092","1217","1868","853","992","1548","985","1423","2785","7702","7151","551"
"20191","11500611","발산1동","38710","18502","20208","9302","4815","5164","7560","5695","6174","4618","2396","2431","3633","2780","2644","4684","2419","2733","3927","2915","3530","13313","6405","6908"
"20191","11500615","우장산동","45548","21881","23667","9879","5488","6662","8855","6714","7950","4864","2695","3140","4191","3311","3680","5015","2793","3522","4664","3403","4270","16276","8524","7752"
"20191","11500620","공항동","31294","15724","15570","5708","4190","6314","4889","4366","5827","2907","2075","3236","2635","2128","2743","2801","2115","3078","2254","2238","3084","13595","884","12711"
"20191","11500630","방화1동","36468","17946","18522","6632","4623","5968","6054","5577","7614","3373","2263","2978","3124","2682","3526","3259","2360","2990","2930","2895","4088","14345","2506","11839"
"20191","11500640","방화2동","24136","11982","12154","3071","3490","3859","3451","3910","6355","1614","1703","2083","1859","1906","2817","1457","1787","1776","1592","2004","3538","11296","2682","8614"
"20191","11500641","방화3동","24976","12068","12908","3378","3000","4239","3754","3999","6606","1690","1494","2198","1910","1901","2875","1688","1506","2041","1844","2098","3731","11229","8469","2760"
"20191","11530510","신도림동","34659","16999","17660","7115","4146","6099","6215","4874","6210","3619","2039","2888","3072","2429","2952","3496","2107","3211","3143","2445","3258","12226","7881","4345"
"20191","11530520","구로1동","21613","10677","10936","4292","2692","4082","3751","3137","3659","2247","1381","2006","1860","1486","1697","2045","1311","2076","1891","1651","1962","7820","7202","618"
"20191","11530530","구로2동","26054","13162","12892","2877","3368","3243","4183","4965","7418","1486","1745","1759","2221","2602","3349","1391","1623","1484","1962","2363","4069","12746","1141","11605"
"20191","11530540","구로3동","24968","12620","12348","3175","4369","5905","4101","3038","4380","1630","2053","3174","2270","1508","1985","1545","2316","2731","1831","1530","2395","13408","3201","10207"
"20191","11530550","구로4동","21966","10867","11099","2513","2945","3554","3423","3729","5802","1296","1471","1847","1801","1829","2623","1217","1474","1707","1622","1900","3179","10685","2676","8009"
"20191","11530560","구로5동","30545","14820","15725","4120","4959","6021","4501","4729","6215","2049","2223","2989","2321","2328","2910","2071","2736","3032","2180","2401","3305","14258","2427","11831"
"20191","11530595","가리봉동","9950","5420","4530","757","1219","1228","1588","2196","2962","398","646","712","903","1323","1438","359","573","516","685","873","1524","5907","122","5785"
"20191","11530720","고척1동","23590","11799","11791","3793","3211","3215","3783","3987","5601","1949","1680","1657","1930","1955","2628","1844","1531","1558","1853","2032","2973","9197","5237","3960"
"20191","11530730","고척2동","29121","14537","14584","4802","3915","3884","4889","5025","6606","2482","2024","1938","2490","2531","3072","2320","1891","1946","2399","2494","3534","11649","3261","8388"
"20191","11530740","개봉1동","33216","16627","16589","5039","4253","4793","5225","5664","8242","2533","2208","2439","2740","2819","3888","2506","2045","2354","2485","2845","4354","13776","4818","8958"
"20191","11530750","개봉2동","32461","15936","16525","5166","3851","5354","4903","5027","8160","2626","1970","2681","2509","2303","3847","2540","1881","2673","2394","2724","4313","12407","5042","7365"
"20191","11530760","개봉3동","22578","11071","11507","3484","2882","3539","3611","3634","5428","1747","1493","1799","1828","1706","2498","1737","1389","1740","1783","1928","2930","8943","2753","6190"
"20191","11530770","오류1동","22030","10852","11178","2699","3476","4448","3138","3146","5123","1357","1568","2332","1690","1506","2399","1342","1908","2116","1448","1640","2724","10452","2025","8427"
"20191","11530780","오류2동","43411","21164","22247","8783","5172","6532","7365","6217","9342","4488","2564","3196","3753","2937","4226","4295","2608","3336","3612","3280","5116","16322","3619","12703"
"20191","11530790","수궁동","25090","12498","12592","4165","3187","3755","4134","4052","5797","2237","1655","1891","2086","1936","2693","1928","1532","1864","2048","2116","3104","9705","1140","8565"
"20191","11545510","가산동","19803","10890","8913","1609","4540","4583","2619","3012","3440","794","2214","2758","1625","1717","1782","815","2326","1825","994","1295","1658","12426","1773","10653"
"20191","11545610","독산1동","36168","18882","17286","4961","5932","7209","5385","5612","7069","2576","3096","4052","2973","2851","3334","2385","2836","3157","2412","2761","3735","17038","6748","10290"
"20191","11545620","독산2동","20443","10422","10021","2604","2967","2835","3091","4222","4724","1359","1575","1530","1570","2151","2237","1245","1392","1305","1521","2071","2487","9378","224","9154"
"20191","11545630","독산3동","25555","12909","12646","2972","3669","3789","3854","5108","6163","1495","1893","2099","1964","2564","2894","1477","1776","1690","1890","2544","3269","12085","966","11119"
"20191","11545640","독산4동","16655","8381","8274","2073","2374","2206","2615","3446","3941","1030","1227","1211","1294","1763","1856","1043","1147","995","1321","1683","2085","7624","131","7493"
"20191","11545670","시흥1동","34351","17194","17157","4944","4595","5274","5349","6166","8023","2609","2389","2777","2706","3030","3683","2335","2206","2497","2643","3136","4340","15131","4134","10997"
"20191","11545680","시흥2동","22952","11200","11752","4101","2799","2833","3841","3970","5408","2050","1474","1390","1872","1910","2504","2051","1325","1443","1969","2060","2904","8388","7331","1057"
"20191","11545690","시흥3동","11402","5729","5673","1489","1541","1627","1655","2084","3006","750","807","884","867","1013","1408","739","734","743","788","1071","1598","4613","314","4299"
"20191","11545700","시흥4동","23776","11764","12012","3388","3263","3195","3676","4468","5786","1670","1688","1688","1831","2203","2684","1718","1575","1507","1845","2265","3102","9885","1856","8029"
"20191","11545710","시흥5동","18176","9151","9025","2389","2395","2179","2886","3335","4992","1237","1284","1171","1522","1722","2215","1152","1111","1008","1364","1613","2777","8274","1284","6990"
"20191","11560515","영등포본동","23564","11971","11593","3422","3079","3764","3747","3893","5659","1790","1597","1961","1939","2009","2675","1632","1482","1803","1808","1884","2984","10486","3019","7467"
"20191","11560535","영등포동","24448","13541","10907","2198","4683","5705","3327","3615","4920","1138","2125","3218","2036","2299","2725","1060","2558","2487","1291","1316","2195","15434","1734","13700"
"20191","11560540","여의동","32562","15396","17166","5756","3792","5113","5321","4838","7742","2916","1802","2308","2551","2297","3522","2840","1990","2805","2770","2541","4220","12419","8834","3585"
"20191","11560550","당산1동","20781","10279","10502","2483","3190","4312","3111","3064","4621","1249","1534","2222","1620","1522","2132","1234","1656","2090","1491","1542","2489","10174","3092","7082"
"20191","11560560","당산2동","35029","16513","18516","4937","6733","7830","4906","4581","6042","2493","2814","3773","2430","2190","2813","2444","3919","4057","2476","2391","3229","16648","6136","10512"
"20191","11560585","도림동","18669","9457","9212","2230","2643","3407","2931","3137","4321","1180","1331","1759","1602","1609","1976","1050","1312","1648","1329","1528","2345","8918","708","8210"
"20191","11560605","문래동","31847","15764","16083","6280","3471","6100","5651","4070","6275","3268","1674","2930","2918","2023","2951","3012","1797","3170","2733","2047","3324","12308","5769","6539"
"20191","11560610","양평1동","17269","8625","8644","2487","2345","4157","2784","2180","3316","1274","1118","2178","1517","1094","1444","1213","1227","1979","1267","1086","1872","8323","2290","6033"
"20191","11560620","양평2동","22282","11135","11147","3670","3523","4897","3637","3050","3505","1902","1622","2549","1852","1584","1626","1768","1901","2348","1785","1466","1879","9639","4114","5525"
"20191","11560630","신길1동","17257","8710","8547","1736","2874","2919","2611","2784","4333","886","1437","1645","1401","1433","1908","850","1437","1274","1210","1351","2425","9442","1059","8383"
"20191","11560650","신길3동","15775","7878","7897","2219","2043","2129","2501","2859","4024","1166","1063","1111","1282","1424","1832","1053","980","1018","1219","1435","2192","6889","2145","4744"
"20191","11560660","신길4동","9452","4750","4702","1101","1379","1156","1403","1802","2611","593","712","647","709","901","1188","508","667","509","694","901","1423","4306","860","3446"
"20191","11560670","신길5동","10627","5154","5473","1399","1362","1377","1657","1989","2843","693","701","718","818","951","1273","706","661","659","839","1038","1570","4721","688","4033"
"20191","11560680","신길6동","18222","9055","9167","2410","2771","3037","2649","2980","4375","1289","1403","1578","1324","1449","2012","1121","1368","1459","1325","1531","2363","8061","1783","6278"
"20191","11560690","신길7동","15929","7974","7955","3007","2304","2676","2763","2427","2752","1646","1155","1328","1369","1202","1274","1361","1149","1348","1394","1225","1478","6122","2185","3937"
"20191","11560700","대림1동","13513","6813","6700","1592","1988","1689","2036","2457","3751","868","1022","942","1025","1254","1702","724","966","747","1011","1203","2049","6374","1311","5063"
"20191","11560710","대림2동","12872","6294","6578","1367","1664","1798","1947","2375","3721","698","848","965","950","1167","1666","669","816","833","997","1208","2055","6503","166","6337"
"20191","11560720","대림3동","24151","12235","11916","3269","3291","3777","3719","4446","5649","1747","1691","2043","1896","2216","2642","1522","1600","1734","1823","2230","3007","10391","3291","7100"
"20191","11590510","노량진1동","31972","15887","16085","4349","5336","5336","4558","4895","7498","2243","2826","2849","2341","2311","3317","2106","2510","2487","2217","2584","4181","14455","6002","8453"
"20191","11590520","노량진2동","14606","7458","7148","1377","2444","2296","1953","2635","3901","694","1322","1308","1065","1302","1767","683","1122","988","888","1333","2134","7579","330","7249"
"20191","11590530","상도1동","46671","22837","23834","7005","9235","7540","7107","6379","9405","3593","4787","3726","3582","2933","4216","3412","4448","3814","3525","3446","5189","21041","6575","14466"
"20191","11590540","상도2동","25940","12546","13394","4023","3933","4588","4194","3696","5506","2037","1923","2238","2097","1796","2455","1986","2010","2350","2097","1900","3051","11380","3043","8337"
"20191","11590550","상도3동","25798","12410","13388","3421","4058","4651","3915","3976","5777","1737","1933","2378","1925","1881","2556","1684","2125","2273","1990","2095","3221","11471","661","10810"
"20191","11590560","상도4동","29450","14560","14890","4086","4335","5253","4646","4582","6548","2150","2246","2750","2383","2161","2870","1936","2089","2503","2263","2421","3678","12785","252","12533"
"20191","11590605","흑석동","29373","14359","15014","4154","4641","4376","4457","4633","7112","2126","2474","2211","2256","2236","3056","2028","2167","2165","2201","2397","4056","12832","3905","8927"
"20191","11590620","사당1동","23117","11091","12026","2074","4741","5042","3006","3293","4961","1075","2145","2570","1548","1478","2275","999","2596","2472","1458","1815","2686","12320","221","12099"
"20191","11590630","사당2동","27975","13514","14461","3774","3773","5019","4250","4265","6894","1996","1803","2497","2121","1962","3135","1778","1970","2522","2129","2303","3759","11721","6063","5658"
"20191","11590640","사당3동","24423","11922","12501","3604","3428","4076","3719","3754","5842","1895","1645","2004","1891","1775","2712","1709","1783","2072","1828","1979","3130","9924","4406","5518"
"20191","11590650","사당4동","14567","7031","7536","1685","2422","2723","2151","2204","3382","859","1169","1417","1082","1041","1463","826","1253","1306","1069","1163","1919","6646","577","6069"
"20191","11590651","사당5동","12669","6186","6483","1856","1906","2291","2012","1906","2698","975","938","1171","1009","883","1210","881","968","1120","1003","1023","1488","5547","1325","4222"
"20191","11590660","대방동","40184","19200","20984","7245","6393","5962","7243","5829","7512","3632","3028","2934","3504","2913","3189","3613","3365","3028","3739","2916","4323","16772","5216","11556"
"20191","11590670","신대방1동","24475","11841","12634","4546","3242","3447","4448","3772","5020","2274","1568","1673","2155","1882","2289","2272","1674","1774","2293","1890","2731","9918","3778","6140"
"20191","11590680","신대방2동","21439","10360","11079","3752","3209","3766","3649","2869","4194","1921","1474","1815","1813","1413","1924","1831","1735","1951","1836","1456","2270","9267","2063","7204"
"20191","11620525","보라매동","24522","12070","12452","3083","4109","4413","3578","3629","5710","1607","2059","2346","1824","1707","2527","1476","2050","2067","1754","1922","3183","11509","1112","10397"
"20191","11620545","청림동","17591","8633","8958","3011","2091","3191","2880","2520","3898","1553","1089","1601","1480","1217","1693","1458","1002","1590","1400","1303","2205","7011","3751","3260"
"20191","11620565","성현동","33109","16114","16995","5815","4075","4668","5894","5065","7592","3027","2019","2332","2981","2443","3312","2788","2056","2336","2913","2622","4280","13009","2231","10778"
"20191","11620575","행운동","29893","14600","15293","2955","6905","6475","3872","3795","5891","1516","3172","3389","2036","1831","2656","1439","3733","3086","1836","1964","3235","16604","1718","14886"
"20191","11620585","낙성대동","16429","8156","8273","1608","4757","3661","2030","1677","2696","782","2240","2004","1077","831","1222","826","2517","1657","953","846","1474","10139","492","9647"
"20191","11620595","청룡동","28262","13709","14553","2560","8109","5684","3513","3181","5215","1251","3633","2981","1872","1571","2401","1309","4476","2703","1641","1610","2814","17637","1075","16562"
"20191","11620605","은천동","35277","17453","17824","5451","5067","6172","5689","5124","7774","2832","2541","3150","2998","2408","3524","2619","2526","3022","2691","2716","4250","15420","5753","9667"
"20191","11620615","중앙동","15224","7299","7925","1227","3872","3091","1867","1990","3177","633","1654","1612","1001","992","1407","594","2218","1479","866","998","1770","8821","585","8236"
"20191","11620625","인헌동","27192","13343","13849","3332","5388","5567","4032","3632","5241","1716","2593","2938","2027","1757","2312","1616","2795","2629","2005","1875","2929","13824","1051","12773"
"20191","11620630","남현동","18847","9037","9810","2187","3694","4136","2507","2659","3664","1071","1634","2154","1261","1212","1705","1116","2060","1982","1246","1447","1959","9098","1288","7810"
"20191","11620645","서원동","22954","11749","11205","1838","5673","4958","2962","3053","4470","956","2877","2845","1608","1415","2048","882","2796","2113","1354","1638","2422","13060","444","12616"
"20191","11620655","신원동","18766","9370","9396","1772","4012","3584","2564","2578","4256","890","2071","1988","1359","1203","1859","882","1941","1596","1205","1375","2397","10147","798","9349"
"20191","11620665","서림동","24364","13542","10822","2281","5653","5086","3355","3208","4781","1207","3280","3189","1997","1656","2213","1074","2373","1897","1358","1552","2568","14126","1915","12211"
"20191","11620685","신사동","23047","11557","11490","2395","4922","4369","3377","3399","4585","1278","2331","2429","1749","1662","2108","1117","2591","1940","1628","1737","2477","12712","47","12665"
"20191","11620695","신림동","20882","10508","10374","1029","7228","5778","2432","1753","2662","512","3268","3188","1416","905","1219","517","3960","2590","1016","848","1443","15570","257","15313"
"20191","11620715","난향동","16617","8241","8376","3044","1802","2264","3241","2549","3717","1564","962","1123","1655","1258","1679","1480","840","1141","1586","1291","2038","6436","357","6079"
"20191","11620725","조원동","17778","9022","8756","1772","3524","3572","2483","2607","3820","906","1589","2006","1355","1356","1810","866","1935","1566","1128","1251","2010","10024","980","9044"
"20191","11620735","대학동","23709","14305","9404","1919","6344","4930","3612","3062","3842","1008","3872","3288","2443","1842","1852","911","2472","1642","1169","1220","1990","15479","1474","14005"
"20191","11620745","삼성동","26018","13111","12907","3136","3302","3223","4034","4683","7640","1658","1781","1792","2158","2325","3397","1478","1521","1431","1876","2358","4243","11430","4511","6919"
"20191","11620765","미성동","31951","15744","16207","4586","4821","4874","5012","5222","7436","2301","2400","2528","2551","2506","3458","2285","2421","2346","2461","2716","3978","13737","2679","11058"
"20191","11620775","난곡동","29106","14753","14353","3930","4202","4133","4451","5261","7129","2060","2227","2258","2334","2590","3284","1870","1975","1875","2117","2671","3845","12786","817","11969"
"20191","11650510","서초1동","21014","10169","10845","3533","2894","3822","3784","2918","4063","1828","1440","1739","1857","1410","1895","1705","1454","2083","1927","1508","2168","9016","3170","5846"
"20191","11650520","서초2동","17506","8323","9183","3079","2397","3541","3203","2290","2996","1560","1106","1602","1537","1117","1401","1519","1291","1939","1666","1173","1595","7678","2436","5242"
"20191","11650530","서초3동","29471","14488","14983","4412","4620","4757","4796","4808","6078","2460","2309","2250","2263","2318","2888","1952","2311","2507","2533","2490","3190","12421","1300","11121"
"20191","11650531","서초4동","29761","14418","15343","6928","3426","3850","6142","4202","5213","3590","1662","1661","2869","2174","2462","3338","1764","2189","3273","2028","2751","10216","7480","2736"
"20191","11650540","잠원동","33956","16173","17783","6679","4287","5553","6808","5095","5534","3448","2085","2520","3110","2534","2476","3231","2202","3033","3698","2561","3058","13654","8407","5247"
"20191","11650550","반포본동","12509","5912","6597","2876","1466","985","2782","1948","2452","1467","713","419","1174","1025","1114","1409","753","566","1608","923","1338","4204","3714","490"
"20191","11650560","반포1동","28085","13485","14600","5451","3895","5219","5737","3499","4284","2746","1784","2318","2914","1799","1924","2705","2111","2901","2823","1700","2360","12732","3258","9474"
"20191","11650570","반포2동","23419","11186","12233","6029","2450","2740","5034","3159","4007","3120","1183","1120","2327","1619","1817","2909","1267","1620","2707","1540","2190","7624","5066","2558"
"20191","11650580","반포3동","19029","9048","9981","4330","2157","2427","4121","2723","3271","2229","1090","1032","1913","1358","1426","2101","1067","1395","2208","1365","1845","6615","5627","988"
"20191","11650581","반포4동","19338","9167","10171","3896","2402","2980","3578","2753","3729","2025","1176","1321","1613","1333","1699","1871","1226","1659","1965","1420","2030","7160","2519","4641"
"20191","11650590","방배본동","21123","9817","11306","4405","2702","2688","4094","3288","3946","2086","1286","1164","1837","1653","1791","2319","1416","1524","2257","1635","2155","7733","1890","5843"
"20191","11650600","방배1동","17143","8057","9086","2552","2546","3225","2827","2425","3568","1334","1196","1478","1308","1120","1621","1218","1350","1747","1519","1305","1947","7434","544","6890"
"20191","11650610","방배2동","26047","12365","13682","3672","3868","4197","3905","4224","6181","1890","1882","1994","1864","1910","2825","1782","1986","2203","2041","2314","3356","10828","1688","9140"
"20191","11650620","방배3동","21949","10568","11381","3427","3115","3108","3387","3702","5210","1719","1625","1505","1572","1696","2451","1708","1490","1603","1815","2006","2759","8352","3771","4581"
"20191","11650621","방배4동","25360","11678","13682","4667","3509","4053","4580","3760","4791","2214","1579","1817","2093","1817","2158","2453","1930","2236","2487","1943","2633","10148","447","9701"
"20191","11650651","양재1동","46560","22309","24251","9309","5662","8108","7992","6390","9099","4755","2799","3796","3990","2981","3988","4554","2863","4312","4002","3409","5111","18279","9869","8410"
"20191","11650652","양재2동","23673","11832","11841","3500","3412","5093","4110","3440","4118","1792","1735","2630","2111","1676","1888","1708","1677","2463","1999","1764","2230","10960","241","10719"
"20191","11650660","내곡동","18557","9003","9554","3648","1986","3325","2912","2462","4224","1820","1043","1550","1505","1123","1962","1828","943","1775","1407","1339","2262","7123","379","6744"
"20191","11680510","신사동","17636","8175","9461","2884","2438","2775","3228","2476","3835","1479","1118","1192","1468","1193","1725","1405","1320","1583","1760","1283","2110","7539","3239","4300"
"20191","11680521","논현1동","23372","10816","12556","1850","4383","6315","3878","2856","4090","931","1909","2876","1922","1361","1817","919","2474","3439","1956","1495","2273","14027","766","13261"
"20191","11680531","논현2동","21749","10202","11547","2684","3343","4939","3794","2806","4183","1411","1525","2191","1863","1337","1875","1273","1818","2748","1931","1469","2308","11051","2048","9003"
"20191","11680545","압구정동","27906","12879","15027","5356","3292","3876","5180","3820","6382","2597","1565","1649","2401","1819","2848","2759","1727","2227","2779","2001","3534","10679","7806","2873"
"20191","11680565","청담동","29383","13790","15593","4962","4139","4920","5219","4410","5733","2615","1972","2113","2429","2058","2603","2347","2167","2807","2790","2352","3130","12004","4134","7870"
"20191","11680580","삼성1동","14620","7305","7315","2406","2135","2309","2432","2349","2989","1385","1172","1084","1115","1136","1413","1021","963","1225","1317","1213","1576","5779","1819","3960"
"20191","11680590","삼성2동","29604","14081","15523","5826","3818","5405","6273","3771","4511","3169","1851","2213","2919","1920","2009","2657","1967","3192","3354","1851","2502","12946","5109","7837"
"20191","11680600","대치1동","25277","12655","12622","7409","2905","1819","6033","3856","3255","4119","1471","726","2626","2147","1566","3290","1434","1093","3407","1709","1689","7393","5848","1545"
"20191","11680610","대치2동","40877","20803","20074","8682","6160","3873","7739","7559","6864","5064","3350","1827","3314","3909","3339","3618","2810","2046","4425","3650","3525","13548","7311","6237"
"20191","11680630","대치4동","20835","9846","10989","3389","3577","3624","4281","3205","2759","1840","1647","1632","1866","1623","1238","1549","1930","1992","2415","1582","1521","10104","625","9479"
"20191","11680640","역삼1동","35362","17042","18320","2715","6883","10490","5805","4231","5238","1359","2981","5066","3020","2169","2447","1356","3902","5424","2785","2062","2791","22625","1140","21485"
"20191","11680650","역삼2동","36308","17149","19159","8310","4491","5725","8330","4609","4843","4126","2058","2455","3879","2469","2162","4184","2433","3270","4451","2140","2681","14859","6644","8215"
"20191","11680655","도곡1동","22626","10676","11950","4228","3311","3539","3879","3566","4103","2004","1537","1584","1839","1719","1993","2224","1774","1955","2040","1847","2110","8495","4484","4011"
"20191","11680656","도곡2동","30066","13941","16125","7074","3758","3607","6101","4698","4828","3288","1729","1477","2732","2410","2305","3786","2029","2130","3369","2288","2523","10366","7215","3151"
"20191","11680660","개포1동","13183","6399","6784","1722","2006","1643","1756","2519","3537","860","1038","837","819","1194","1651","862","968","806","937","1325","1886","5254","3723","1531"
"20191","11680670","개포2동","13973","6802","7171","2568","2056","1529","2303","2657","2860","1303","1040","764","1014","1336","1345","1265","1016","765","1289","1321","1515","4950","3543","1407"
"20191","11680690","개포4동","18616","9142","9474","3007","2759","3040","3217","3156","3437","1567","1395","1538","1517","1531","1594","1440","1364","1502","1700","1625","1843","7790","1326","6464"
"20191","11680700","세곡동","44648","21309","23339","9747","5338","7731","7561","5894","8377","4840","2596","3547","3816","2808","3702","4907","2742","4184","3745","3086","4675","17103","9490","7613"
"20191","11680720","일원본동","24865","12224","12641","5911","2816","3271","4817","3828","4222","3277","1496","1490","2196","1844","1921","2634","1320","1781","2621","1984","2301","8308","3962","4346"
"20191","11680730","일원1동","16987","8328","8659","2328","2519","2624","2393","2785","4338","1241","1355","1355","1195","1302","1880","1087","1164","1269","1198","1483","2458","7567","82","7485"
"20191","11680740","일원2동","15553","7392","8161","2605","1741","2465","2680","2326","3736","1470","917","1181","1275","1098","1451","1135","824","1284","1405","1228","2285","6351","5612","739"
"20191","11680750","수서동","16560","7589","8971","1493","1980","2883","1807","2645","5752","729","1031","1466","951","1140","2272","764","949","1417","856","1505","3480","7851","6294","1557"
"20191","11710510","풍납1동","15742","7773","7969","2019","2007","2471","2378","2721","4146","1041","1047","1301","1204","1287","1893","978","960","1170","1174","1434","2253","6861","1414","5447"
"20191","11710520","풍납2동","24657","11882","12775","4239","3382","4300","4116","3667","4953","2193","1612","2011","1996","1760","2310","2046","1770","2289","2120","1907","2643","10025","4591","5434"
"20191","11710531","거여1동","11384","5813","5571","1699","1558","1440","1952","2067","2668","864","871","752","995","1047","1284","835","687","688","957","1020","1384","4687","794","3893"
"20191","11710532","거여2동","17218","8524","8694","2743","1944","2422","3019","2932","4158","1420","1040","1257","1483","1447","1877","1323","904","1165","1536","1485","2281","7100","3977","3123"
"20191","11710540","마천1동","18893","9736","9157","2617","2426","2358","2956","3457","5079","1345","1281","1296","1580","1826","2408","1272","1145","1062","1376","1631","2671","8438","1129","7309"
"20191","11710550","마천2동","22571","11386","11185","3294","2873","2812","3509","4293","5790","1666","1553","1468","1843","2200","2656","1628","1320","1344","1666","2093","3134","9247","1750","7497"
"20191","11710561","방이1동","16527","8043","8484","3052","2544","2312","2836","2815","2968","1582","1276","1108","1297","1362","1418","1470","1268","1204","1539","1453","1550","6147","2060","4087"
"20191","11710562","방이2동","24951","12062","12889","2956","4095","5494","3740","3894","4772","1572","1943","2711","1864","1750","2222","1384","2152","2783","1876","2144","2550","12495","405","12090"
"20191","11710566","오륜동","19304","9463","9841","4451","2518","1897","3593","3255","3590","2422","1293","811","1560","1639","1738","2029","1225","1086","2033","1616","1852","6022","5848","174"
"20191","11710570","오금동","39465","19354","20111","6335","5876","5855","5903","7138","8358","3330","3085","2880","2769","3355","3935","3005","2791","2975","3134","3783","4423","14976","4537","10439"
"20191","11710580","송파1동","25931","12309","13622","3204","4427","5931","3692","3829","4848","1598","2039","2874","1755","1783","2260","1606","2388","3057","1937","2046","2588","12118","1000","11118"
"20191","11710590","송파2동","21084","10238","10846","3819","3141","3092","3248","3559","4225","1991","1530","1480","1549","1669","2019","1828","1611","1612","1699","1890","2206","7304","3610","3694"
"20191","11710600","석촌동","34014","16469","17545","4334","5368","7494","5384","5086","6348","2261","2507","3686","2696","2434","2885","2073","2861","3808","2688","2652","3463","16428","512","15916"
"20191","11710610","삼전동","33048","15784","17264","4402","5114","7507","5583","4828","5614","2276","2416","3646","2743","2206","2497","2126","2698","3861","2840","2622","3117","16176","75","16101"
"20191","11710620","가락본동","27459","13680","13779","3959","4311","4980","4157","4888","5164","2066","2138","2521","2043","2392","2520","1893","2173","2459","2114","2496","2644","11425","3678","7747"
"20191","11710631","가락1동","880","432","448","142","115","111","153","169","190","71","68","54","75","85","79","71","47","57","78","84","111","356","0","356"
"20191","11710632","가락2동","33883","16661","17222","6669","4866","5179","5833","5468","5868","3493","2451","2515","2803","2596","2803","3176","2415","2664","3030","2872","3065","12085","6267","5818"
"20191","11710641","문정1동","21368","10570","10798","3107","3463","3766","3066","3749","4217","1602","1777","1923","1483","1737","2048","1505","1686","1843","1583","2012","2169","8435","2688","5747"
"20191","11710642","문정2동","29142","13726","15416","3469","4961","7854","4198","3512","5148","1755","2064","3726","2011","1672","2498","1714","2897","4128","2187","1840","2650","14516","7728","6788"
"20191","11710646","장지동","34780","16879","17901","6349","4843","5681","5583","5813","6511","3258","2473","2817","2736","2727","2868","3091","2370","2864","2847","3086","3643","13359","2434","10925"
"20191","11710647","위례동","29034","14160","14874","8367","3010","5635","5513","3361","3148","4243","1481","2563","2839","1676","1358","4124","1529","3072","2674","1685","1790","9222","4249","4973"
"20191","11710650","잠실본동","29053","13778","15275","3672","4763","6374","4726","4269","5249","1874","2193","3040","2282","2009","2380","1798","2570","3334","2444","2260","2869","14437","842","13595"
"20191","11710670","잠실2동","36915","17598","19317","10462","3467","4812","9054","4451","4669","5269","1636","1902","4312","2384","2095","5193","1831","2910","4742","2067","2574","12041","0","12041"
"20191","11710680","잠실3동","36378","17394","18984","7483","4412","5319","6237","5379","7548","3849","2137","2332","2908","2582","3586","3634","2275","2987","3329","2797","3962","12415","4548","7867"
"20191","11710690","잠실4동","30216","14594","15622","6632","3151","5443","5317","4097","5576","3464","1586","2412","2652","1890","2590","3168","1565","3031","2665","2207","2986","10411","9654","757"
"20191","11710710","잠실6동","16151","7724","8427","2929","2161","2278","2493","2670","3620","1493","1064","1033","1126","1262","1746","1436","1097","1245","1367","1408","1874","5384","3941","1443"
"20191","11710720","잠실7동","10152","4729","5423","1829","1346","1193","1518","1634","2632","831","650","540","653","798","1257","998","696","653","865","836","1375","3374","3286","88"
"20191","11740515","강일동","33028","16074","16954","7767","4071","3872","5930","4933","6455","3962","2054","1781","2935","2464","2878","3805","2017","2091","2995","2469","3577","11211","10113","1098"
"20191","11740520","상일동","10684","5391","5293","1894","1478","1331","1640","2029","2312","1005","842","664","758","1010","1112","889","636","667","882","1019","1200","3931","764","3167"
"20191","11740530","명일1동","22267","10947","11320","4166","2935","3088","3754","3651","4673","2197","1570","1540","1767","1721","2152","1969","1365","1548","1987","1930","2521","8132","3695","4437"
"20191","11740540","명일2동","17996","8939","9057","3825","2455","1918","3148","3161","3489","2049","1325","924","1411","1552","1678","1776","1130","994","1737","1609","1811","5893","4062","1831"
"20191","11740550","고덕1동","27075","13688","13387","6624","2882","4502","5147","3795","4125","3621","1557","2110","2593","1871","1936","3003","1325","2392","2554","1924","2189","9004","2226","6778"
"20191","11740560","고덕2동","7807","4140","3667","923","1029","871","1140","1639","2205","497","606","487","614","882","1054","426","423","384","526","757","1151","3556","0","3556"
"20191","11740570","암사1동","37478","18693","18785","5667","5059","6108","6044","6355","8245","2909","2628","3163","3104","3152","3737","2758","2431","2945","2940","3203","4508","16223","1043","15180"
"20191","11740580","암사2동","14743","7182","7561","2453","1941","2718","2425","2242","2964","1246","966","1318","1226","1066","1360","1207","975","1400","1199","1176","1604","5888","3540","2348"
"20191","11740590","암사3동","18912","9297","9615","4132","2160","2849","3403","2830","3538","2104","1125","1317","1699","1347","1705","2028","1035","1532","1704","1483","1833","6307","4571","1736"
"20191","11740600","천호1동","29101","14391","14710","3884","4077","4612","4356","5140","7032","1963","2069","2424","2250","2445","3240","1921","2008","2188","2106","2695","3792","12873","1947","10926"
"20191","11740610","천호2동","35656","17900","17756","4209","4814","6486","5413","6389","8345","2167","2393","3388","2810","3240","3902","2042","2421","3098","2603","3149","4443","17371","1451","15920"
"20191","11740620","천호3동","27681","13789","13892","3236","3954","5133","4038","4716","6604","1659","1892","2613","2159","2362","3104","1577","2062","2520","1879","2354","3500","13283","1950","11333"
"20191","11740640","성내1동","20527","9973","10554","3548","2720","3544","3456","3129","4130","1811","1359","1725","1696","1489","1893","1737","1361","1819","1760","1640","2237","8014","2102","5912"
"20191","11740650","성내2동","25164","12544","12620","2819","3700","4719","3804","4289","5833","1441","1794","2506","1991","2075","2737","1378","1906","2213","1813","2214","3096","12329","1066","11263"
"20191","11740660","성내3동","23723","11800","11923","3546","3507","3893","3801","4029","4947","2023","1833","1973","1870","1882","2219","1523","1674","1920","1931","2147","2728","10073","1548","8525"
"20191","11740685","길동","48792","24073","24719","6720","7184","8316","7369","8323","10880","3569","3526","4246","3714","3903","5115","3151","3658","4070","3655","4420","5765","20843","4046","16797"
"20191","11740690","둔촌1동","131","66","65","18","25","12","20","27","29","6","8","7","14","14","17","12","17","5","6","13","12","68","51","17"
"20191","11740700","둔촌2동","28457","14122","14335","4809","4087","4302","4376","4840","6043","2558","2092","2202","2130","2315","2825","2251","1995","2100","2246","2525","3218","11111","3847","7264"
"20192","11110515","청운효자동","13030","6109","6921","2288","1641","1883","2314","2002","2902","1218","829","860","1021","953","1228","1070","812","1023","1293","1049","1674","5395","316","5079"
"20192","11110530","사직동","9210","4158","5052","1384","1105","1383","1528","1465","2345","683","506","604","681","654","1030","701","599","779","847","811","1315","4383","202","4181"
"20192","11110540","삼청동","2819","1328","1491","345","343","420","392","465","854","186","167","200","196","213","366","159","176","220","196","252","488","1410","0","1410"
"20192","11110550","부암동","10131","4885","5246","1496","1416","1308","1655","1723","2533","808","773","619","744","810","1131","688","643","689","911","913","1402","4318","79","4239"
"20192","11110560","평창동","18656","8785","9871","3068","2668","2295","2888","3266","4471","1577","1402","1072","1275","1500","1959","1491","1266","1223","1613","1766","2512","7470","469","7001"
"20192","11110570","무악동","8195","3833","4362","1675","916","911","1557","1310","1826","778","415","423","761","656","800","897","501","488","796","654","1026","2999","2271","728"
"20192","11110580","교남동","10626","4942","5684","1791","1370","1918","1897","1535","2115","886","618","906","903","743","886","905","752","1012","994","792","1229","4537","53","4484"
"20192","11110600","가회동","4447","2070","2377","606","515","605","802","726","1193","302","250","289","371","352","506","304","265","316","431","374","687","2059","0","2059"
"20192","11110615","종로1?2?3?4가동","7387","4389","2998","473","939","921","959","1445","2650","247","479","531","591","981","1560","226","460","390","368","464","1090","5278","189","5089"
"20192","11110630","종로5?6가동","5260","2878","2382","448","948","629","705","1024","1506","229","540","366","403","578","762","219","408","263","302","446","744","3150","0","3150"
"20192","11110640","이화동","8083","3824","4259","820","1764","1393","1086","1172","1848","413","809","679","548","574","801","407","955","714","538","598","1047","4475","0","4475"
"20192","11110650","혜화동","16998","8219","8779","2222","4309","2341","2396","2273","3457","1098","2216","1200","1155","1078","1472","1124","2093","1141","1241","1195","1985","9101","652","8449"
"20192","11110670","창신1동","5540","3009","2531","481","652","593","776","1212","1826","244","359","341","409","699","957","237","293","252","367","513","869","3133","721","2412"
"20192","11110680","창신2동","8812","4503","4309","944","1281","989","1345","1870","2383","478","690","565","722","967","1081","466","591","424","623","903","1302","4168","220","3948"
"20192","11110690","창신3동","7105","3493","3612","1051","1045","1070","1051","1287","1601","545","550","515","506","639","738","506","495","555","545","648","863","2747","1691","1056"
"20192","11110700","숭인1동","5527","2746","2781","717","715","760","879","1013","1443","358","371","418","461","502","636","359","344","342","418","511","807","2597","0","2597"
"20192","11110710","숭인2동","10431","5282","5149","870","1947","1691","1491","1890","2542","445","866","880","791","1016","1284","425","1081","811","700","874","1258","6083","600","5483"
"20192","11140520","소공동","1095","592","503","139","93","242","210","159","252","65","41","136","125","92","133","74","52","106","85","67","119","609","82","527"
"20192","11140540","회현동","4516","2547","1969","301","428","458","620","928","1781","139","195","261","369","604","979","162","233","197","251","324","802","2932","387","2545"
"20192","11140550","명동","2835","1207","1628","228","277","381","476","493","980","110","137","176","199","223","362","118","140","205","277","270","618","1389","0","1389"
"20192","11140570","필동","4055","2121","1934","430","646","647","533","657","1142","224","343","359","318","348","529","206","303","288","215","309","613","2301","37","2264"
"20192","11140580","장충동","4660","2374","2286","520","1134","715","623","618","1050","261","628","379","338","302","466","259","506","336","285","316","584","2632","92","2540"
"20192","11140590","광희동","4936","2604","2332","381","712","716","650","901","1576","201","356","388","359","512","788","180","356","328","291","389","788","2896","158","2738"
"20192","11140605","을지로동","1706","1049","657","87","189","214","190","368","658","46","82","127","129","260","405","41","107","87","61","108","253","1244","133","1111"
"20192","11140615","신당동","7260","3696","3564","646","1208","1095","1130","1372","1809","317","606","598","619","702","854","329","602","497","511","670","955","4025","28","3997"
"20192","11140625","다산동","14640","7119","7521","1670","2347","2401","2277","2398","3547","874","1141","1250","1126","1171","1557","796","1206","1151","1151","1227","1990","6886","131","6755"
"20192","11140635","약수동","17759","8384","9375","2412","2120","2770","2697","2872","4888","1200","1062","1313","1343","1354","2112","1212","1058","1457","1354","1518","2776","7777","5297","2480"
"20192","11140645","청구동","14672","6968","7704","1965","2064","2407","2193","2462","3581","996","1001","1199","1080","1164","1528","969","1063","1208","1113","1298","2053","6453","1487","4966"
"20192","11140650","신당5동","9006","4468","4538","1176","1268","1374","1459","1618","2111","568","649","694","764","851","942","608","619","680","695","767","1169","4336","992","3344"
"20192","11140665","동화동","11358","5484","5874","1766","1665","1570","1785","2038","2534","896","847","724","903","986","1128","870","818","846","882","1052","1406","4348","1961","2387"
"20192","11140670","황학동","12372","6089","6283","1332","2030","2726","1823","1840","2621","673","923","1382","934","956","1221","659","1107","1344","889","884","1400","6486","1893","4593"
"20192","11140680","중림동","7931","4008","3923","944","953","1299","1171","1361","2203","480","454","662","623","748","1041","464","499","637","548","613","1162","4089","630","3459"
"20192","11170510","후암동","18205","8854","9351","2652","2531","2975","2980","2908","4159","1423","1290","1514","1475","1386","1766","1229","1241","1461","1505","1522","2393","8518","159","8359"
"20192","11170520","용산2가동","10405","5002","5403","1138","1547","1820","1493","1593","2814","584","806","940","718","738","1216","554","741","880","775","855","1598","5345","40","5305"
"20192","11170530","남영동","7826","4813","3013","549","962","1064","1211","1704","2336","293","468","574","815","1227","1436","256","494","490","396","477","900","5410","0","5410"
"20192","11170555","청파동","20285","9698","10587","2245","3981","3174","3132","3174","4579","1206","1727","1690","1556","1567","1952","1039","2254","1484","1576","1607","2627","10610","59","10551"
"20192","11170560","원효로1동","14136","6904","7232","2062","2086","3204","2269","1899","2616","1070","900","1616","1188","918","1212","992","1186","1588","1081","981","1404","6829","480","6349"
"20192","11170570","원효로2동","14934","7027","7907","2561","1948","2251","2548","2334","3292","1134","934","1116","1249","1168","1426","1427","1014","1135","1299","1166","1866","6040","132","5908"
"20192","11170580","효창동","9133","4303","4830","1385","1483","1583","1388","1445","1849","700","681","762","668","707","785","685","802","821","720","738","1064","3850","202","3648"
"20192","11170590","용문동","13059","6290","6769","2007","1800","2247","2121","2039","2845","1033","878","1132","1040","1000","1207","974","922","1115","1081","1039","1638","5509","222","5287"
"20192","11170625","한강로동","15615","7662","7953","1687","2334","3041","2298","2568","3687","891","1099","1492","1159","1281","1740","796","1235","1549","1139","1287","1947","8257","366","7891"
"20192","11170630","이촌1동","27720","12934","14786","5806","2900","3815","5182","4176","5841","2957","1424","1660","2342","2022","2529","2849","1476","2155","2840","2154","3312","10046","1826","8220"
"20192","11170640","이촌2동","8948","4220","4728","1195","1027","1556","1298","1444","2428","632","505","803","630","652","998","563","522","753","668","792","1430","3828","562","3266"
"20192","11170650","이태원1동","6892","3253","3639","614","1032","1130","949","1126","2041","300","540","588","484","528","813","314","492","542","465","598","1228","3739","0","3739"
"20192","11170660","이태원2동","9499","4415","5084","1068","1363","1689","1492","1384","2503","523","706","837","711","608","1030","545","657","852","781","776","1473","4949","23","4926"
"20192","11170685","한남동","20616","9982","10634","2317","2764","4062","3393","3170","4910","1224","1363","2069","1675","1520","2131","1093","1401","1993","1718","1650","2779","11065","244","10821"
"20192","11170690","서빙고동","13370","6434","6936","2456","1800","1542","2538","2215","2819","1236","909","720","1221","1124","1224","1220","891","822","1317","1091","1595","5237","225","5012"
"20192","11170700","보광동","15109","7341","7768","1519","2339","2369","2354","2598","3930","833","1278","1269","1133","1193","1635","686","1061","1100","1221","1405","2295","7797","56","7741"
"20192","11200520","왕십리2동","17971","8788","9183","2718","2693","3204","2864","2877","3615","1401","1314","1614","1405","1417","1637","1317","1379","1590","1459","1460","1978","7779","773","7006"
"20192","11200535","왕십리도선동","26879","12889","13990","4208","4338","4825","4119","4413","4976","2117","2022","2322","2066","2115","2247","2091","2316","2503","2053","2298","2729","11321","1624","9697"
"20192","11200540","마장동","23396","11562","11834","3206","4371","3484","3333","3807","5195","1656","2151","1804","1675","1878","2398","1550","2220","1680","1658","1929","2797","10623","3183","7440"
"20192","11200550","사근동","11676","6042","5634","1307","4092","1719","1295","1273","1990","638","2275","951","672","611","895","669","1817","768","623","662","1095","7174","420","6754"
"20192","11200560","행당1동","17319","8335","8984","2242","2826","3115","2495","3087","3554","1145","1496","1431","1255","1365","1643","1097","1330","1684","1240","1722","1911","7735","1930","5805"
"20192","11200570","행당2동","25021","11811","13210","4600","3088","4001","4586","3848","4898","2154","1484","1921","2230","1894","2128","2446","1604","2080","2356","1954","2770","9494","4797","4697"
"20192","11200580","응봉동","16316","7729","8587","3199","1798","2410","3212","2366","3331","1595","855","1150","1545","1145","1439","1604","943","1260","1667","1221","1892","6217","2446","3771"
"20192","11200590","금호1가동","16086","7746","8340","2604","1957","2972","2669","2450","3434","1335","967","1437","1357","1166","1484","1269","990","1535","1312","1284","1950","6601","3185","3416"
"20192","11200615","금호2?3가동","24232","11582","12650","3674","3042","4555","3993","3674","5294","1874","1496","2170","2004","1761","2277","1800","1546","2385","1989","1913","3017","10327","3304","7023"
"20192","11200620","금호4가동","15046","7202","7844","2474","1679","2934","2629","2220","3110","1264","848","1368","1320","1077","1325","1210","831","1566","1309","1143","1785","6410","3300","3110"
"20192","11200645","옥수동","27509","12892","14617","4647","3275","5625","4513","4016","5433","2359","1524","2525","2222","1865","2397","2288","1751","3100","2291","2151","3036","11045","6745","4300"
"20192","11200650","성수1가1동","16890","8480","8410","2458","2586","3001","2727","3006","3112","1246","1375","1520","1325","1566","1448","1212","1211","1481","1402","1440","1664","7512","1940","5572"
"20192","11200660","성수1가2동","15287","7640","7647","2074","2443","2834","2476","2414","3046","1069","1219","1413","1277","1225","1437","1005","1224","1421","1199","1189","1609","7157","2057","5100"
"20192","11200670","성수2가1동","17624","9151","8473","2126","2507","2781","2670","3423","4117","1085","1304","1496","1428","1861","1977","1041","1203","1285","1242","1562","2140","8568","1797","6771"
"20192","11200690","성수2가3동","11168","5759","5409","1232","1933","2032","1550","1907","2514","629","926","1074","834","1040","1256","603","1007","958","716","867","1258","5531","1623","3908"
"20192","11200720","송정동","11263","5993","5270","1350","1689","1830","1725","2189","2480","714","906","1014","952","1215","1192","636","783","816","773","974","1288","5509","818","4691"
"20192","11200790","용답동","15001","7945","7056","1567","2327","2218","2432","2841","3616","795","1169","1243","1376","1610","1752","772","1158","975","1056","1231","1864","7927","84","7843"
"20192","11215710","화양동","21452","10274","11178","1304","8341","4308","2247","2092","3160","628","3621","2228","1255","1113","1429","676","4720","2080","992","979","1731","15302","305","14997"
"20192","11215730","군자동","19648","9715","9933","2233","4065","3663","2721","2960","4006","1157","1965","1886","1388","1494","1825","1076","2100","1777","1333","1466","2181","10252","549","9703"
"20192","11215740","중곡1동","16138","7942","8196","1840","2631","3207","2395","2637","3428","976","1233","1622","1218","1285","1608","864","1398","1585","1177","1352","1820","7939","77","7862"
"20192","11215750","중곡2동","22346","10818","11528","3019","3710","4142","3275","3763","4437","1574","1771","2044","1614","1773","2042","1445","1939","2098","1661","1990","2395","10232","357","9875"
"20192","11215760","중곡3동","17516","8722","8794","2149","2712","3013","2613","3208","3821","1112","1375","1597","1325","1560","1753","1037","1337","1416","1288","1648","2068","8406","363","8043"
"20192","11215770","중곡4동","30927","15287","15640","4270","4626","4802","4770","5670","6789","2263","2369","2464","2372","2740","3079","2007","2257","2338","2398","2930","3710","13175","293","12882"
"20192","11215780","능동","11464","5309","6155","1257","2214","2809","1603","1445","2136","649","911","1322","820","647","960","608","1303","1487","783","798","1176","6120","0","6120"
"20192","11215810","광장동","34980","16978","18002","8961","4142","4019","7792","5118","4948","4574","2064","1777","3623","2649","2291","4387","2078","2242","4169","2469","2657","11643","7081","4562"
"20192","11215820","자양1동","23160","11210","11950","2933","4137","4133","3600","3737","4620","1536","1957","2075","1807","1804","2031","1397","2180","2058","1793","1933","2589","11262","260","11002"
"20192","11215830","자양2동","27212","13378","13834","4202","4003","4641","4389","4463","5514","2232","2017","2292","2128","2121","2588","1970","1986","2349","2261","2342","2926","11302","1982","9320"
"20192","11215840","자양3동","30912","14957","15955","5634","4290","4789","5031","5030","6138","2819","2131","2276","2411","2445","2875","2815","2159","2513","2620","2585","3263","11849","4441","7408"
"20192","11215847","자양4동","21501","10610","10891","2582","3215","3578","3269","3930","4927","1302","1550","1773","1698","1957","2330","1280","1665","1805","1571","1973","2597","10194","684","9510"
"20192","11215850","구의1동","22520","10776","11744","2542","4515","4493","3401","3373","4196","1293","2076","2221","1712","1617","1857","1249","2439","2272","1689","1756","2339","11542","231","11311"
"20192","11215860","구의2동","25167","12223","12944","4021","3416","3916","4120","4219","5475","2046","1719","1983","2026","1996","2453","1975","1697","1933","2094","2223","3022","10614","183","10431"
"20192","11215870","구의3동","30555","14551","16004","4943","4952","5113","4953","5000","5594","2434","2442","2426","2279","2391","2579","2509","2510","2687","2674","2609","3015","12287","4671","7616"
"20192","11230536","용신동","30251","15600","14651","3147","5153","5150","4403","4903","7495","1636","2624","2741","2401","2595","3603","1511","2529","2409","2002","2308","3892","16319","1133","15186"
"20192","11230545","제기동","24483","12573","11910","2624","3962","3459","3303","3950","7185","1371","2183","1928","1814","2021","3256","1253","1779","1531","1489","1929","3929","12535","2554","9981"
"20192","11230560","전농1동","31001","15639","15362","4451","4515","4731","4645","5113","7546","2269","2318","2476","2449","2599","3528","2182","2197","2255","2196","2514","4018","14700","3355","11345"
"20192","11230570","전농2동","19823","9557","10266","3407","2467","2570","3284","3319","4776","1699","1262","1270","1560","1636","2130","1708","1205","1300","1724","1683","2646","7656","5041","2615"
"20192","11230600","답십리1동","27121","13241","13880","4404","3867","4954","4374","4189","5333","2228","1841","2405","2248","2076","2443","2176","2026","2549","2126","2113","2890","11848","4191","7657"
"20192","11230610","답십리2동","27022","13262","13760","3978","3425","3669","4313","4773","6864","2014","1766","1899","2170","2309","3104","1964","1659","1770","2143","2464","3760","11101","6512","4589"
"20192","11230650","장안1동","37622","18869","18753","5419","5079","6497","6232","6033","8362","2804","2483","3353","3267","2995","3967","2615","2596","3144","2965","3038","4395","16814","2503","14311"
"20192","11230660","장안2동","30332","15220","15112","5489","3472","4811","5476","4636","6448","2908","1833","2387","2788","2304","3000","2581","1639","2424","2688","2332","3448","12426","5155","7271"
"20192","11230705","청량리동","21609","10851","10758","2358","2629","2653","2954","3975","7040","1215","1394","1427","1577","2026","3212","1143","1235","1226","1377","1949","3828","10413","3252","7161"
"20192","11230710","회기동","10176","4854","5322","1251","2822","1594","1349","1160","2000","604","1355","803","692","570","830","647","1467","791","657","590","1170","5834","1040","4794"
"20192","11230720","휘경1동","13109","6568","6541","1442","2799","1959","1847","2003","3059","749","1387","1047","943","1043","1399","693","1412","912","904","960","1660","6909","1322","5587"
"20192","11230730","휘경2동","24371","12005","12366","3725","4975","3272","3698","3569","5132","1824","2622","1697","1815","1754","2293","1901","2353","1575","1883","1815","2839","11135","2746","8389"
"20192","11230740","이문1동","25054","12559","12495","2925","5464","3372","3610","3721","5962","1492","2883","1811","1900","1853","2620","1433","2581","1561","1710","1868","3342","13388","1214","12174"
"20192","11230750","이문2동","21540","10554","10986","3550","2929","2873","3596","3524","5068","1826","1460","1451","1781","1771","2265","1724","1469","1422","1815","1753","2803","8673","4851","3822"
"20192","11260520","면목2동","26106","13095","13011","3569","3532","3886","4194","4972","5953","1774","1837","2081","2179","2513","2711","1795","1695","1805","2015","2459","3242","12162","2314","9848"
"20192","11260540","면목4동","20472","10175","10297","2776","2911","3178","3230","3413","4964","1459","1403","1681","1716","1724","2192","1317","1508","1497","1514","1689","2772","9414","2219","7195"
"20192","11260550","면목5동","9919","5069","4850","1342","1339","1504","1542","1851","2341","683","721","793","823","951","1098","659","618","711","719","900","1243","4551","187","4364"
"20192","11260565","면목본동","35651","17762","17889","4336","5369","5831","5534","6516","8065","2204","2699","3113","2852","3202","3692","2132","2670","2718","2682","3314","4373","17389","776","16613"
"20192","11260570","면목7동","21968","10933","11035","2621","3170","3285","3242","4080","5570","1358","1645","1679","1710","1961","2580","1263","1525","1606","1532","2119","2990","10079","2490","7589"
"20192","11260575","면목3?8동","25936","13018","12918","3059","3762","3804","3909","4826","6576","1565","1937","2045","2070","2371","3030","1494","1825","1759","1839","2455","3546","12283","1560","10723"
"20192","11260580","상봉1동","26543","12978","13565","4456","3984","3997","3906","4774","5426","2333","1995","1981","1939","2271","2459","2123","1989","2016","1967","2503","2967","10491","4428","6063"
"20192","11260590","상봉2동","18688","9251","9437","1879","3220","3737","2702","3142","4008","974","1492","1946","1388","1559","1892","905","1728","1791","1314","1583","2116","9983","231","9752"
"20192","11260600","중화1동","21373","10576","10797","3077","3160","3572","2937","3818","4809","1575","1597","1862","1511","1810","2221","1502","1563","1710","1426","2008","2588","9099","676","8423"
"20192","11260610","중화2동","27997","14451","13546","2859","3955","4231","4113","5614","7225","1532","2022","2268","2215","2975","3439","1327","1933","1963","1898","2639","3786","14288","169","14119"
"20192","11260620","묵1동","36448","17853","18595","6148","4926","5804","6082","5771","7717","3149","2451","2905","3039","2742","3567","2999","2475","2899","3043","3029","4150","14595","5135","9460"
"20192","11260630","묵2동","19840","9796","10044","2642","2915","3350","3003","3294","4636","1348","1410","1782","1513","1613","2130","1294","1505","1568","1490","1681","2506","9010","1467","7543"
"20192","11260655","망우본동","31107","15770","15337","3908","4334","4404","4525","5983","7953","1963","2265","2305","2428","3035","3774","1945","2069","2099","2097","2948","4179","14518","2795","11723"
"20192","11260660","망우3동","18089","9087","9002","2402","2486","2518","2705","3487","4491","1174","1280","1337","1385","1807","2104","1228","1206","1181","1320","1680","2387","8467","19","8448"
"20192","11260680","신내1동","40458","19818","20640","7817","5296","5676","6188","6772","8709","4037","2696","2745","3103","3242","3995","3780","2600","2931","3085","3530","4714","14415","6552","7863"
"20192","11260690","신내2동","22374","10763","11611","3713","2790","3349","3573","3752","5197","1909","1419","1661","1729","1774","2271","1804","1371","1688","1844","1978","2926","8994","8594","400"
"20192","11290525","성북동","13139","6278","6861","1673","1941","1975","2137","2156","3257","846","943","956","1067","1020","1446","827","998","1019","1070","1136","1811","6003","72","5931"
"20192","11290555","삼선동","36449","17453","18996","5607","6143","5339","6021","5631","7708","2903","2877","2619","2926","2747","3381","2704","3266","2720","3095","2884","4327","16571","3889","12682"
"20192","11290575","동선동","15816","6812","9004","1799","4048","2799","2227","1925","3018","857","1362","1326","1061","921","1285","942","2686","1473","1166","1004","1733","8932","569","8363"
"20192","11290580","돈암1동","15833","7435","8398","2504","2161","2149","2499","2744","3776","1187","1046","1040","1188","1314","1660","1317","1115","1109","1311","1430","2116","6109","4659","1450"
"20192","11290590","돈암2동","18858","9028","9830","4138","2144","2565","3804","2916","3291","2087","1087","1171","1822","1398","1463","2051","1057","1394","1982","1518","1828","6498","4367","2131"
"20192","11290600","안암동","15040","7661","7379","1526","4380","2242","1895","2096","2901","824","2364","1225","956","1047","1245","702","2016","1017","939","1049","1656","8660","1018","7642"
"20192","11290610","보문동","16822","8172","8650","2239","2895","2966","2699","2629","3394","1144","1393","1511","1363","1262","1499","1095","1502","1455","1336","1367","1895","7966","677","7289"
"20192","11290620","정릉1동","20586","9912","10674","3791","2513","3011","3768","3112","4391","1916","1271","1445","1841","1512","1927","1875","1242","1566","1927","1600","2464","7874","3954","3920"
"20192","11290630","정릉2동","24589","12056","12533","3999","3258","3382","4014","3942","5994","2093","1690","1742","1970","1876","2685","1906","1568","1640","2044","2066","3309","9865","1886","7979"
"20192","11290640","정릉3동","15556","7736","7820","1911","2693","2039","2164","2412","4337","1025","1489","1124","1076","1184","1838","886","1204","915","1088","1228","2499","7346","505","6841"
"20192","11290650","정릉4동","26788","13067","13721","4467","3273","3824","4626","4197","6401","2353","1644","1887","2301","2023","2859","2114","1629","1937","2325","2174","3542","11020","4837","6183"
"20192","11290660","길음1동","35047","16775","18272","8951","3185","5222","7795","4265","5629","4515","1510","2329","3876","2118","2427","4436","1675","2893","3919","2147","3202","12151","1748","10403"
"20192","11290685","길음2동","7593","3729","3864","1289","936","934","1304","1237","1893","703","467","458","628","625","848","586","469","476","676","612","1045","3176","1810","1366"
"20192","11290705","종암동","40852","20255","20597","7171","5848","5764","6937","6382","8750","3774","3130","2873","3466","3213","3799","3397","2718","2891","3471","3169","4951","17097","6044","11053"
"20192","11290715","월곡1동","31618","15375","16243","5861","3607","4487","5689","4858","7116","2917","1777","2193","2876","2398","3214","2944","1830","2294","2813","2460","3902","12449","5760","6689"
"20192","11290725","월곡2동","20231","9885","10346","2987","3272","2884","3175","3122","4791","1506","1507","1471","1645","1591","2165","1481","1765","1413","1530","1531","2626","8922","2921","6001"
"20192","11290760","장위1동","20873","10314","10559","2910","3008","2581","3269","3986","5119","1496","1586","1397","1623","1938","2274","1414","1422","1184","1646","2048","2845","8937","33","8904"
"20192","11290770","장위2동","15197","7600","7597","1855","1952","1780","2328","2823","4459","925","1026","979","1236","1430","2004","930","926","801","1092","1393","2455","6731","318","6413"
"20192","11290780","장위3동","11681","5875","5806","1958","1381","1479","1940","2070","2853","966","729","746","1015","1063","1356","992","652","733","925","1007","1497","4853","1289","3564"
"20192","11290810","석관동","32793","16287","16506","4244","4599","4624","5001","5759","8566","2216","2326","2380","2583","2811","3971","2028","2273","2244","2418","2948","4595","14633","2941","11692"
"20192","11305534","삼양동","26825","13355","13470","4045","3372","3605","4250","4775","6778","2108","1743","1896","2142","2422","3044","1937","1629","1709","2108","2353","3734","11903","2694","9209"
"20192","11305535","미아동","22780","11029","11751","2606","3666","3238","3367","3987","5916","1390","1646","1712","1717","1904","2660","1216","2020","1526","1650","2083","3256","11237","602","10635"
"20192","11305545","송중동","29062","14016","15046","3675","4058","4088","4563","4941","7737","1832","1981","2150","2302","2303","3448","1843","2077","1938","2261","2638","4289","13012","428","12584"
"20192","11305555","송천동","29268","14595","14673","3427","3895","3852","4398","5471","8225","1721","2032","2080","2311","2715","3736","1706","1863","1772","2087","2756","4489","13846","640","13206"
"20192","11305575","삼각산동","33122","15947","17175","7730","3409","4528","6901","4792","5762","3989","1693","2057","3355","2384","2469","3741","1716","2471","3546","2408","3293","11784","11356","428"
"20192","11305645","우이동","21662","10564","11098","2960","2784","2815","3273","3680","6150","1538","1403","1473","1609","1755","2786","1422","1381","1342","1664","1925","3364","9450","1119","8331"
"20192","11305660","인수동","32486","15856","16630","4334","4283","4360","4847","5636","9026","2206","2157","2320","2452","2695","4026","2128","2126","2040","2395","2941","5000","14336","530","13806"
"20192","11320511","창1동","26594","12773","13821","4361","3497","3868","4531","4363","5974","2250","1731","1914","2213","2021","2644","2111","1766","1954","2318","2342","3330","10863","7204","3659"
"20192","11320512","창2동","30934","15189","15745","4855","4376","4713","4965","5284","6741","2509","2220","2372","2470","2528","3090","2346","2156","2341","2495","2756","3651","12319","3060","9259"
"20192","11320513","창3동","15038","7509","7529","2190","1960","1969","2388","2688","3843","1132","1008","1056","1219","1333","1761","1058","952","913","1169","1355","2082","6660","1115","5545"
"20192","11320514","창4동","28487","13775","14712","5166","3895","3738","4921","5025","5742","2624","2016","1828","2290","2424","2593","2542","1879","1910","2631","2601","3149","10613","9750","863"
"20192","11320515","창5동","26003","12583","13420","4094","3651","3809","3888","4633","5928","2135","1801","1953","1825","2125","2744","1959","1850","1856","2063","2508","3184","9865","6831","3034"
"20192","11320521","도봉1동","22695","11487","11208","2516","2854","2812","3238","4081","7194","1322","1506","1571","1718","2021","3349","1194","1348","1241","1520","2060","3845","10265","989","9276"
"20192","11320522","도봉2동","28527","14008","14519","3850","3489","3951","3988","4794","8455","1964","1799","1999","2068","2303","3875","1886","1690","1952","1920","2491","4580","11931","8267","3664"
"20192","11320660","쌍문1동","21736","10560","11176","3209","3010","2662","3478","3702","5675","1572","1503","1373","1739","1791","2582","1637","1507","1289","1739","1911","3093","9005","2027","6978"
"20192","11320670","쌍문2동","20367","9858","10509","2909","2750","3011","3049","3528","5120","1538","1374","1574","1501","1614","2257","1371","1376","1437","1548","1914","2863","8667","2390","6277"
"20192","11320680","쌍문3동","17185","8310","8875","2139","2534","2600","2576","2872","4464","1098","1182","1349","1316","1324","2041","1041","1352","1251","1260","1548","2423","7663","1955","5708"
"20192","11320681","쌍문4동","19746","9414","10332","3489","2785","2493","3209","3613","4157","1761","1444","1223","1459","1637","1890","1728","1341","1270","1750","1976","2267","7061","3665","3396"
"20192","11320690","방학1동","30332","15075","15257","4329","4285","3780","4646","5609","7683","2213","2224","1933","2336","2761","3608","2116","2061","1847","2310","2848","4075","12724","4162","8562"
"20192","11320700","방학2동","21477","10859","10618","2922","2954","2614","3321","3975","5691","1539","1617","1425","1677","1983","2618","1383","1337","1189","1644","1992","3073","9543","212","9331"
"20192","11320710","방학3동","29132","14243","14889","5268","3852","3497","4695","5253","6567","2800","2120","1695","2197","2457","2974","2468","1732","1802","2498","2796","3593","10082","8839","1243"
"20192","11350560","월계1동","25753","13286","12467","3720","4262","3491","4054","4016","6210","1962","2488","1826","2121","2015","2874","1758","1774","1665","1933","2001","3336","11341","4387","6954"
"20192","11350570","월계2동","27725","13410","14315","4429","3255","3562","4498","4605","7376","2289","1709","1785","2277","2203","3147","2140","1546","1777","2221","2402","4229","11608","9797","1811"
"20192","11350580","월계3동","29372","14146","15226","4685","3476","4901","4488","4500","7322","2461","1755","2490","2234","2103","3103","2224","1721","2411","2254","2397","4219","11911","11531","380"
"20192","11350595","공릉1동","38505","18888","19617","5466","6821","6017","5699","6065","8437","2775","3465","3072","2925","2822","3829","2691","3356","2945","2774","3243","4608","17806","7119","10687"
"20192","11350600","공릉2동","40796","20003","20793","8172","6548","5603","7079","6221","7173","4190","3261","2764","3403","3057","3328","3982","3287","2839","3676","3164","3845","16061","8471","7590"
"20192","11350611","하계1동","27951","13400","14551","4970","4363","2845","4792","5209","5772","2759","2338","1387","2146","2474","2296","2211","2025","1458","2646","2735","3476","10932","8718","2214"
"20192","11350612","하계2동","23900","11457","12443","4943","3378","2754","4472","4156","4197","2531","1705","1297","2097","2026","1801","2412","1673","1457","2375","2130","2396","8350","7536","814"
"20192","11350619","중계본동","27087","13332","13755","6556","3796","2080","5707","4919","4029","3342","2011","988","2543","2603","1845","3214","1785","1092","3164","2316","2184","9341","5237","4104"
"20192","11350621","중계1동","28303","13826","14477","8075","3296","2048","6977","4556","3351","4273","1727","853","3107","2402","1464","3802","1569","1195","3870","2154","1887","9081","8770","311"
"20192","11350624","중계4동","21231","10318","10913","3888","2745","2243","3848","3569","4938","2074","1449","1111","1830","1784","2070","1814","1296","1132","2018","1785","2868","8196","6625","1571"
"20192","11350625","중계2?3동","37805","17672","20133","6433","4652","4921","6615","5825","9359","3216","2406","2413","3222","2775","3640","3217","2246","2508","3393","3050","5719","15503","14278","1225"
"20192","11350630","상계1동","40750","19904","20846","6522","5817","5364","6373","7298","9376","3371","2996","2672","3084","3449","4332","3151","2821","2692","3289","3849","5044","15542","8976","6566"
"20192","11350640","상계2동","21400","10586","10814","3252","3551","2529","3415","4018","4635","1689","1763","1291","1686","1991","2166","1563","1788","1238","1729","2027","2469","8716","3679","5037"
"20192","11350665","상계3?4동","31489","15679","15810","4345","3848","3481","4897","5735","9183","2332","2047","1868","2475","2849","4108","2013","1801","1613","2422","2886","5075","13872","4501","9371"
"20192","11350670","상계5동","22426","10958","11468","3274","3298","2635","3541","4086","5592","1666","1735","1421","1690","1994","2452","1608","1563","1214","1851","2092","3140","9438","2481","6957"
"20192","11350695","상계6?7동","35009","16351","18658","6626","4692","5434","6227","5565","6465","3339","2323","2555","2834","2578","2722","3287","2369","2879","3393","2987","3743","13923","13371","552"
"20192","11350700","상계8동","24560","11851","12709","5492","2639","5407","4263","2991","3768","2805","1314","2664","2073","1421","1574","2687","1325","2743","2190","1570","2194","9301","9202","99"
"20192","11350710","상계9동","22334","10748","11586","4202","2831","3152","3932","3649","4568","2214","1480","1571","1805","1696","1982","1988","1351","1581","2127","1953","2586","8492","8383","109"
"20192","11350720","상계10동","16973","7868","9105","2827","2462","2728","2830","2859","3267","1406","1188","1321","1254","1320","1379","1421","1274","1407","1576","1539","1888","6644","6174","470"
"20192","11380510","녹번동","33074","15960","17114","4601","4315","5220","5262","5442","8234","2319","2099","2671","2647","2610","3614","2282","2216","2549","2615","2832","4620","14948","1934","13014"
"20192","11380520","불광1동","30158","14428","15730","4605","3854","4436","4955","4975","7333","2384","1936","2144","2430","2341","3193","2221","1918","2292","2525","2634","4140","12726","5605","7121"
"20192","11380530","불광2동","40702","19707","20995","5110","5966","6064","6184","7000","10378","2629","2984","3176","3072","3265","4581","2481","2982","2888","3112","3735","5797","18585","1306","17279"
"20192","11380551","갈현1동","24539","11953","12586","3238","3772","3487","3785","4241","6016","1684","1944","1795","1844","1984","2702","1554","1828","1692","1941","2257","3314","11002","619","10383"
"20192","11380552","갈현2동","30015","14355","15660","4778","4336","4509","5016","4909","6467","2427","2073","2292","2378","2309","2876","2351","2263","2217","2638","2600","3591","12441","546","11895"
"20192","11380560","구산동","33506","16759","16747","5283","4493","4537","5459","5700","8034","2618","2238","2330","2726","2863","3984","2665","2255","2207","2733","2837","4050","12765","1469","11296"
"20192","11380570","대조동","32294","15263","17031","4082","5107","5325","5076","5078","7626","1985","2368","2671","2506","2430","3303","2097","2739","2654","2570","2648","4323","15670","781","14889"
"20192","11380580","응암1동","25774","12402","13372","4545","3286","4010","4473","3841","5619","2404","1564","1958","2220","1848","2408","2141","1722","2052","2253","1993","3211","11174","1522","9652"
"20192","11380590","응암2동","12726","6188","6538","2801","1271","2208","2519","1707","2220","1463","661","1016","1294","815","939","1338","610","1192","1225","892","1281","4908","3063","1845"
"20192","11380600","응암3동","33734","16616","17118","4473","4450","4865","5306","5558","9082","2358","2325","2562","2698","2777","3896","2115","2125","2303","2608","2781","5186","15568","795","14773"
"20192","11380625","역촌동","49049","23410","25639","7656","6634","7858","8171","7868","10862","3850","3227","3856","4065","3675","4737","3806","3407","4002","4106","4193","6125","20638","786","19852"
"20192","11380631","신사1동","28561","13865","14696","4296","3969","4534","4588","4655","6519","2203","2030","2305","2256","2193","2878","2093","1939","2229","2332","2462","3641","11595","1716","9879"
"20192","11380632","신사2동","21778","10906","10872","3324","2972","3129","3480","3739","5134","1784","1577","1653","1739","1797","2356","1540","1395","1476","1741","1942","2778","9023","1577","7446"
"20192","11380640","증산동","16950","8381","8569","2388","2268","2307","2625","2956","4406","1234","1182","1162","1312","1453","2038","1154","1086","1145","1313","1503","2368","7099","1395","5704"
"20192","11380650","수색동","10901","5478","5423","1355","1433","1483","1540","1987","3103","720","775","775","815","1017","1376","635","658","708","725","970","1727","4762","1414","3348"
"20192","11380690","진관동","60227","28431","31796","13709","6835","7914","11961","8395","11413","7005","3049","3486","5823","4070","4998","6704","3786","4428","6138","4325","6415","21848","0","21848"
"20192","11410520","천연동","18579","8874","9705","3112","2322","2637","3194","2986","4328","1543","1186","1287","1593","1466","1799","1569","1136","1350","1601","1520","2529","8190","3089","5101"
"20192","11410555","북아현동","17313","8255","9058","2652","2637","3084","2798","2871","3271","1327","1197","1526","1376","1420","1409","1325","1440","1558","1422","1451","1862","7501","1646","5855"
"20192","11410565","충현동","18076","8827","9249","2169","2822","2620","2778","3166","4521","1117","1419","1315","1399","1565","2012","1052","1403","1305","1379","1601","2509","8828","852","7976"
"20192","11410585","신촌동","18596","8513","10083","1941","6314","3337","2057","2013","2934","1017","2568","1660","1005","985","1278","924","3746","1677","1052","1028","1656","11914","1065","10849"
"20192","11410615","연희동","37208","18061","19147","4721","7095","5872","5652","5457","8411","2411","3713","2906","2734","2613","3684","2310","3382","2966","2918","2844","4727","18514","2505","16009"
"20192","11410620","홍제1동","22728","10701","12027","3470","2911","3229","3735","3657","5726","1716","1436","1589","1790","1669","2501","1754","1475","1640","1945","1988","3225","9452","3069","6383"
"20192","11410640","홍제3동","16394","7947","8447","2217","2197","2025","2515","2824","4616","1133","1082","1070","1257","1413","1992","1084","1115","955","1258","1411","2624","7057","2117","4940"
"20192","11410655","홍제2동","14603","6987","7616","2195","1896","1996","2278","2643","3595","1143","955","966","1093","1270","1560","1052","941","1030","1185","1373","2035","5777","3982","1795"
"20192","11410660","홍은1동","22150","10791","11359","3220","2926","2708","3391","3956","5949","1643","1483","1396","1673","1978","2618","1577","1443","1312","1718","1978","3331","9183","3554","5629"
"20192","11410685","홍은2동","30505","14905","15600","4611","4460","4141","5016","5119","7158","2375","2286","2136","2479","2467","3162","2236","2174","2005","2537","2652","3996","13008","1832","11176"
"20192","11410690","남가좌1동","17458","8431","9027","3917","1916","2838","3306","2388","3093","1951","936","1274","1719","1185","1366","1966","980","1564","1587","1203","1727","6261","5374","887"
"20192","11410700","남가좌2동","22200","10758","11442","3394","3392","3158","3558","3449","5249","1717","1687","1573","1785","1685","2311","1677","1705","1585","1773","1764","2938","9995","2997","6998"
"20192","11410710","북가좌1동","17519","8499","9020","3302","2093","2498","3090","2777","3759","1726","1037","1165","1570","1338","1663","1576","1056","1333","1520","1439","2096","6421","3884","2537"
"20192","11410720","북가좌2동","34947","17070","17877","5007","5007","4911","5656","5873","8493","2559","2608","2482","2810","2804","3807","2448","2399","2429","2846","3069","4686","15183","2288","12895"
"20192","11440555","아현동","27361","12948","14413","4687","3600","5718","4335","4300","4721","2230","1645","2718","2161","2098","2096","2457","1955","3000","2174","2202","2625","11321","7517","3804"
"20192","11440565","공덕동","38196","18155","20041","5026","6138","6478","5941","6517","8096","2501","2836","3215","2930","3168","3505","2525","3302","3263","3011","3349","4591","17548","5009","12539"
"20192","11440585","도화동","22308","10656","11652","3397","3067","3841","3499","3518","4986","1795","1447","1842","1682","1695","2195","1602","1620","1999","1817","1823","2791","9515","4324","5191"
"20192","11440590","용강동","19994","9534","10460","3834","2296","3609","3947","2804","3504","1882","1071","1740","1939","1394","1508","1952","1225","1869","2008","1410","1996","8414","4576","3838"
"20192","11440600","대흥동","11771","5764","6007","1151","2785","1878","1747","1657","2553","617","1308","940","920","902","1077","534","1477","938","827","755","1476","7154","466","6688"
"20192","11440610","염리동","12941","6275","6666","2296","1799","1871","2388","1871","2716","1148","898","907","1221","931","1170","1148","901","964","1167","940","1546","5832","1490","4342"
"20192","11440630","신수동","21166","10360","10806","3510","3108","3458","3725","3117","4248","1834","1613","1689","1790","1554","1880","1676","1495","1769","1935","1563","2368","9127","3273","5854"
"20192","11440655","서강동","24950","11907","13043","3826","4540","4442","4219","3648","4275","1941","2198","2061","2019","1784","1904","1885","2342","2381","2200","1864","2371","11486","2462","9024"
"20192","11440660","서교동","22863","10637","12226","2198","4889","5144","3595","2736","4301","1130","2177","2386","1754","1297","1893","1068","2712","2758","1841","1439","2408","13283","473","12810"
"20192","11440680","합정동","18246","8561","9685","2451","3313","3918","2574","2415","3575","1282","1467","1866","1283","1126","1537","1169","1846","2052","1291","1289","2038","9048","686","8362"
"20192","11440690","망원1동","21500","10241","11259","2819","3380","4121","3490","3123","4567","1426","1605","1987","1743","1527","1953","1393","1775","2134","1747","1596","2614","10410","931","9479"
"20192","11440700","망원2동","19446","9323","10123","3236","2663","3250","3467","2808","4022","1624","1269","1552","1733","1388","1757","1612","1394","1698","1734","1420","2265","8224","1944","6280"
"20192","11440710","연남동","16363","7664","8699","1732","3203","3390","2501","2172","3365","875","1469","1600","1247","1025","1448","857","1734","1790","1254","1147","1917","8708","816","7892"
"20192","11440720","성산1동","19818","9407","10411","2795","3025","3638","3589","2790","3981","1421","1459","1778","1684","1327","1738","1374","1566","1860","1905","1463","2243","9178","352","8826"
"20192","11440730","성산2동","41252","19297","21955","7033","6363","6991","7247","5629","7989","3593","2819","3322","3498","2756","3309","3440","3544","3669","3749","2873","4680","18209","5198","13011"
"20192","11440740","상암동","32937","15820","17117","7770","4152","4570","6821","4284","5340","3970","1885","2086","3387","2155","2337","3800","2267","2484","3434","2129","3003","12772","6827","5945"
"20192","11470510","목1동","29306","14092","15214","7308","3532","3263","6396","4680","4127","3678","1750","1400","2938","2404","1922","3630","1782","1863","3458","2276","2205","9621","5391","4230"
"20192","11470520","목2동","31169","15295","15874","4899","4971","5780","4759","5043","5717","2563","2478","2956","2277","2405","2616","2336","2493","2824","2482","2638","3101","12765","2246","10519"
"20192","11470530","목3동","22924","11053","11871","3247","3669","4284","3370","3831","4523","1758","1835","2147","1581","1745","1987","1489","1834","2137","1789","2086","2536","9749","2462","7287"
"20192","11470540","목4동","27003","13305","13698","5487","4159","3156","5078","4767","4356","2933","2208","1541","2282","2405","1936","2554","1951","1615","2796","2362","2420","10046","1686","8360"
"20192","11470550","목5동","43329","21400","21929","11454","5043","4364","9512","6855","6101","6153","2616","1895","4257","3553","2926","5301","2427","2469","5255","3302","3175","13555","11578","1977"
"20192","11470560","신월1동","21902","11246","10656","2811","2891","3106","3444","4161","5489","1452","1545","1686","1812","2171","2580","1359","1346","1420","1632","1990","2909","10047","913","9134"
"20192","11470570","신월2동","22315","10955","11360","3642","2829","3525","3434","3583","5302","1824","1477","1814","1706","1701","2433","1818","1352","1711","1728","1882","2869","8566","3167","5399"
"20192","11470580","신월3동","15930","8434","7496","2052","2127","2039","2463","3186","4063","1079","1130","1144","1376","1730","1975","973","997","895","1087","1456","2088","7930","625","7305"
"20192","11470590","신월4동","19243","9487","9756","3623","2240","2921","3156","3078","4225","1886","1155","1428","1582","1507","1929","1737","1085","1493","1574","1571","2296","6882","2814","4068"
"20192","11470600","신월5동","16601","8241","8360","2906","2387","2658","2542","2807","3301","1487","1223","1381","1255","1350","1545","1419","1164","1277","1287","1457","1756","6680","1072","5608"
"20192","11470610","신월6동","6772","3366","3406","1171","831","879","1082","1193","1616","596","447","473","541","560","749","575","384","406","541","633","867","2551","1324","1227"
"20192","11470611","신월7동","25426","12506","12920","4102","3211","3546","4039","4242","6286","2067","1702","1832","2076","2042","2787","2035","1509","1714","1963","2200","3499","10203","3340","6863"
"20192","11470620","신정1동","21399","10469","10930","5062","2642","2357","4209","3551","3578","2613","1356","1049","1954","1855","1642","2449","1286","1308","2255","1696","1936","7194","5434","1760"
"20192","11470630","신정2동","20930","10253","10677","4538","2938","2023","4060","3764","3607","2321","1508","936","1886","1949","1653","2217","1430","1087","2174","1815","1954","7193","3393","3800"
"20192","11470640","신정3동","45194","22200","22994","9215","5568","6157","8151","7480","8623","4762","2895","3005","3987","3653","3898","4453","2673","3152","4164","3827","4725","16681","8696","7985"
"20192","11470650","신정4동","35400","17420","17980","4837","5357","5999","5549","5836","7822","2500","2636","3082","2794","2781","3627","2337","2721","2917","2755","3055","4195","15934","1293","14641"
"20192","11470670","신정6동","25020","12214","12806","5879","3353","2878","4908","4316","3686","3050","1744","1278","2203","2183","1756","2829","1609","1600","2705","2133","1930","8026","6990","1036"
"20192","11470680","신정7동","30082","14634","15448","5566","4005","3393","5272","5441","6405","2911","2088","1633","2502","2727","2773","2655","1917","1760","2770","2714","3632","11213","9341","1872"
"20192","11500510","염창동","40412","19802","20610","8815","5259","6872","7566","5987","5913","4508","2551","3280","3736","2944","2783","4307","2708","3592","3830","3043","3130","14337","9232","5105"
"20192","11500520","등촌1동","22503","10626","11877","2899","4400","5303","3205","3047","3649","1575","1770","2588","1584","1464","1645","1324","2630","2715","1621","1583","2004","11434","3007","8427"
"20192","11500530","등촌2동","22020","10949","11071","3436","3442","3836","3218","3702","4386","1855","1802","1951","1537","1758","2046","1581","1640","1885","1681","1944","2340","8573","2372","6201"
"20192","11500535","등촌3동","33006","15805","17201","4576","4684","4870","4456","5969","8451","2376","2457","2506","2085","2809","3572","2200","2227","2364","2371","3160","4879","14652","11714","2938"
"20192","11500540","화곡1동","53344","26283","27061","6276","8540","11627","7632","7980","11289","3183","4072","6176","4003","3718","5131","3093","4468","5451","3629","4262","6158","25572","3085","22487"
"20192","11500550","화곡2동","19667","9563","10104","3266","2608","3552","3414","2898","3929","1657","1291","1834","1708","1332","1741","1609","1317","1718","1706","1566","2188","8217","332","7885"
"20192","11500560","화곡3동","22476","10846","11630","3292","3270","3549","3325","3648","5392","1674","1569","1780","1609","1708","2506","1618","1701","1769","1716","1940","2886","9215","3670","5545"
"20192","11500570","화곡4동","22382","11023","11359","3060","3054","3950","3506","3726","5086","1580","1608","2047","1760","1756","2272","1480","1446","1903","1746","1970","2814","9738","687","9051"
"20192","11500590","화곡본동","35990","17592","18398","5666","5402","7120","6025","5074","6703","2941","2593","3744","3060","2319","2935","2725","2809","3376","2965","2755","3768","16201","842","15359"
"20192","11500591","화곡6동","24482","12114","12368","3396","3759","4085","3751","4118","5373","1799","1912","2105","1871","1939","2488","1597","1847","1980","1880","2179","2885","10817","2292","8525"
"20192","11500593","화곡8동","26384","12763","13621","3636","3784","4975","4149","3986","5854","1842","1853","2579","2105","1790","2594","1794","1931","2396","2044","2196","3260","11564","682","10882"
"20192","11500603","가양1동","38818","18417","20401","5765","8365","8693","5670","5173","5152","2932","3181","4403","2964","2459","2478","2833","5184","4290","2706","2714","2674","19793","7437","12356"
"20192","11500604","가양2동","15847","7543","8304","1197","2187","2791","1584","2810","5278","610","1024","1470","818","1277","2344","587","1163","1321","766","1533","2934","8104","6870","1234"
"20192","11500605","가양3동","16410","7761","8649","1704","2130","3291","2060","2621","4604","856","1068","1712","1077","1217","1831","848","1062","1579","983","1404","2773","7880","7145","735"
"20192","11500611","발산1동","38376","18359","20017","9284","4663","5059","7558","5669","6143","4608","2327","2381","3641","2761","2641","4676","2336","2678","3917","2908","3502","13289","6446","6843"
"20192","11500615","우장산동","45883","22046","23837","10071","5478","6711","8914","6701","8008","4967","2705","3150","4214","3312","3698","5104","2773","3561","4700","3389","4310","16473","8581","7892"
"20192","11500620","공항동","31315","15745","15570","5752","4282","6308","4882","4342","5749","2936","2131","3241","2627","2117","2693","2816","2151","3067","2255","2225","3056","13702","883","12819"
"20192","11500630","방화1동","36180","17757","18423","6613","4621","5850","5968","5559","7569","3367","2233","2918","3072","2664","3503","3246","2388","2932","2896","2895","4066","14362","2484","11878"
"20192","11500640","방화2동","23912","11863","12049","3031","3514","3773","3382","3912","6300","1595","1711","2034","1819","1911","2793","1436","1803","1739","1563","2001","3507","11321","2696","8625"
"20192","11500641","방화3동","24727","11969","12758","3360","2981","4183","3678","3969","6556","1687","1496","2180","1867","1892","2847","1673","1485","2003","1811","2077","3709","11206","8430","2776"
"20192","11530510","신도림동","35097","17194","17903","7256","4200","6203","6225","4981","6232","3682","2069","2950","3068","2464","2961","3574","2131","3253","3157","2517","3271","12422","7866","4556"
"20192","11530520","구로1동","21555","10650","10905","4334","2698","4088","3711","3124","3600","2260","1379","2016","1844","1480","1671","2074","1319","2072","1867","1644","1929","7862","7242","620"
"20192","11530530","구로2동","26036","13172","12864","2913","3413","3173","4169","4967","7401","1505","1771","1729","2205","2606","3356","1408","1642","1444","1964","2361","4045","12799","1226","11573"
"20192","11530540","구로3동","24901","12591","12310","3215","4498","5671","4087","3038","4392","1660","2137","3029","2265","1513","1987","1555","2361","2642","1822","1525","2405","13378","3210","10168"
"20192","11530550","구로4동","21594","10644","10950","2457","2972","3387","3356","3712","5710","1267","1459","1764","1753","1827","2574","1190","1513","1623","1603","1885","3136","10594","2665","7929"
"20192","11530560","구로5동","30564","14791","15773","4125","5060","5884","4504","4751","6240","2055","2251","2921","2306","2338","2920","2070","2809","2963","2198","2413","3320","14407","2431","11976"
"20192","11530595","가리봉동","9769","5316","4453","741","1247","1188","1553","2149","2891","385","665","680","886","1305","1395","356","582","508","667","844","1496","5864","123","5741"
"20192","11530720","고척1동","23768","11893","11875","3852","3267","3195","3797","4015","5642","1978","1709","1645","1935","1966","2660","1874","1558","1550","1862","2049","2982","9309","5261","4048"
"20192","11530730","고척2동","28992","14464","14528","4836","3841","3877","4816","5042","6580","2483","1996","1927","2455","2530","3073","2353","1845","1950","2361","2512","3507","11692","3265","8427"
"20192","11530740","개봉1동","33152","16627","16525","5089","4254","4785","5174","5647","8203","2559","2209","2449","2728","2799","3883","2530","2045","2336","2446","2848","4320","13802","4816","8986"
"20192","11530750","개봉2동","32308","15782","16526","5218","3881","5270","4873","5036","8030","2640","1980","2612","2489","2298","3763","2578","1901","2658","2384","2738","4267","12346","5053","7293"
"20192","11530760","개봉3동","22528","11072","11456","3472","2902","3531","3562","3642","5419","1750","1501","1813","1798","1706","2504","1722","1401","1718","1764","1936","2915","9054","2746","6308"
"20192","11530770","오류1동","22110","10869","11241","2754","3576","4395","3130","3139","5116","1385","1610","2306","1681","1501","2386","1369","1966","2089","1449","1638","2730","10565","2029","8536"
"20192","11530780","오류2동","44314","21600","22714","8891","5434","6661","7477","6299","9552","4566","2682","3274","3810","2959","4309","4325","2752","3387","3667","3340","5243","16834","3650","13184"
"20192","11530790","수궁동","25043","12481","12562","4177","3183","3724","4133","4086","5740","2250","1655","1885","2081","1952","2658","1927","1528","1839","2052","2134","3082","9780","1149","8631"
"20192","11545510","가산동","20231","11184","9047","1623","4944","4582","2627","2992","3463","808","2451","2792","1641","1700","1792","815","2493","1790","986","1292","1671","12909","1749","11160"
"20192","11545610","독산1동","37109","19302","17807","5133","6198","7320","5484","5764","7210","2651","3254","4090","3005","2903","3399","2482","2944","3230","2479","2861","3811","17533","6908","10625"
"20192","11545620","독산2동","20189","10276","9913","2596","2940","2784","3017","4177","4675","1342","1570","1504","1527","2129","2204","1254","1370","1280","1490","2048","2471","9336","223","9113"
"20192","11545630","독산3동","25830","13076","12754","2984","3799","3808","3868","5155","6216","1533","1950","2113","1969","2590","2921","1451","1849","1695","1899","2565","3295","12267","1010","11257"
"20192","11545640","독산4동","16538","8357","8181","2052","2371","2144","2588","3458","3925","1034","1240","1171","1282","1765","1865","1018","1131","973","1306","1693","2060","7625","130","7495"
"20192","11545670","시흥1동","34010","17053","16957","4859","4672","5121","5264","6158","7936","2586","2454","2699","2658","3029","3627","2273","2218","2422","2606","3129","4309","15162","4140","11022"
"20192","11545680","시흥2동","23016","11227","11789","4171","2752","2839","3851","3984","5419","2072","1461","1396","1874","1917","2507","2099","1291","1443","1977","2067","2912","8458","7357","1101"
"20192","11545690","시흥3동","11348","5692","5656","1472","1512","1592","1636","2100","3036","733","784","873","858","1026","1418","739","728","719","778","1074","1618","4614","310","4304"
"20192","11545700","시흥4동","23533","11649","11884","3365","3235","3091","3633","4442","5767","1661","1696","1630","1799","2184","2679","1704","1539","1461","1834","2258","3088","9845","1854","7991"
"20192","11545710","시흥5동","18937","9509","9428","2560","2495","2278","3000","3434","5170","1322","1325","1238","1573","1758","2293","1238","1170","1040","1427","1676","2877","8558","1558","7000"
"20192","11560515","영등포본동","22164","11272","10892","3169","2915","3460","3482","3718","5420","1654","1515","1805","1808","1923","2567","1515","1400","1655","1674","1795","2853","10040","3007","7033"
"20192","11560535","영등포동","25010","13814","11196","2216","5094","5799","3344","3648","4909","1147","2297","3287","2042","2333","2708","1069","2797","2512","1302","1315","2201","15966","1739","14227"
"20192","11560540","여의동","33055","15626","17429","5881","3843","5164","5380","4912","7875","2965","1834","2337","2580","2337","3573","2916","2009","2827","2800","2575","4302","12681","8923","3758"
"20192","11560550","당산1동","20849","10273","10576","2532","3318","4269","3102","3072","4556","1266","1587","2204","1607","1517","2092","1266","1731","2065","1495","1555","2464","10232","3112","7120"
"20192","11560560","당산2동","35003","16450","18553","4891","6927","7681","4839","4599","6066","2468","2868","3722","2392","2189","2811","2423","4059","3959","2447","2410","3255","16778","6152","10626"
"20192","11560585","도림동","18590","9400","9190","2232","2684","3364","2900","3137","4273","1182","1345","1738","1578","1610","1947","1050","1339","1626","1322","1527","2326","8948","703","8245"
"20192","11560605","문래동","31870","15761","16109","6343","3535","6116","5571","4073","6232","3308","1684","2937","2872","2027","2933","3035","1851","3179","2699","2046","3299","12338","5758","6580"
"20192","11560610","양평1동","17462","8705","8757","2509","2474","4234","2766","2165","3314","1289","1164","2221","1501","1089","1441","1220","1310","2013","1265","1076","1873","8505","2288","6217"
"20192","11560620","양평2동","22624","11304","11320","3715","3670","4971","3627","3059","3582","1933","1684","2598","1849","1578","1662","1782","1986","2373","1778","1481","1920","9930","4227","5703"
"20192","11560630","신길1동","17494","8859","8635","1789","3015","2999","2609","2768","4314","913","1517","1704","1388","1425","1912","876","1498","1295","1221","1343","2402","9663","1068","8595"
"20192","11560650","신길3동","15619","7778","7841","2215","2024","2081","2477","2830","3992","1157","1047","1080","1277","1411","1806","1058","977","1001","1200","1419","2186","6881","2154","4727"
"20192","11560660","신길4동","9367","4697","4670","1092","1368","1122","1394","1800","2591","584","707","627","710","893","1176","508","661","495","684","907","1415","4315","857","3458"
"20192","11560670","신길5동","10232","4951","5281","1340","1311","1321","1591","1927","2742","667","677","686","784","920","1217","673","634","635","807","1007","1525","4574","703","3871"
"20192","11560680","신길6동","18542","9212","9330","2461","2917","3036","2672","3081","4375","1321","1477","1567","1342","1508","1997","1140","1440","1469","1330","1573","2378","8273","1885","6388"
"20192","11560690","신길7동","15788","7897","7891","3032","2269","2643","2727","2415","2702","1655","1139","1312","1344","1203","1244","1377","1130","1331","1383","1212","1458","6129","2187","3942"
"20192","11560700","대림1동","13380","6730","6650","1558","1997","1651","2024","2434","3716","832","1035","927","1016","1234","1686","726","962","724","1008","1200","2030","6418","1313","5105"
"20192","11560710","대림2동","12642","6173","6469","1358","1660","1745","1914","2314","3651","680","854","931","941","1142","1625","678","806","814","973","1172","2026","6426","164","6262"
"20192","11560720","대림3동","23860","12068","11792","3194","3246","3560","3681","4427","5752","1697","1681","1928","1869","2215","2678","1497","1565","1632","1812","2212","3074","10371","3228","7143"
"20192","11590510","노량진1동","32311","16041","16270","4442","5478","5345","4534","4952","7560","2281","2894","2868","2318","2342","3338","2161","2584","2477","2216","2610","4222","14776","6044","8732"
"20192","11590520","노량진2동","14559","7428","7131","1398","2512","2247","1945","2638","3819","710","1363","1271","1057","1304","1723","688","1149","976","888","1334","2096","7663","333","7330"
"20192","11590530","상도1동","46609","22780","23829","7062","9446","7373","7012","6379","9337","3606","4934","3605","3525","2935","4175","3456","4512","3768","3487","3444","5162","21153","6562","14591"
"20192","11590540","상도2동","25629","12348","13281","4035","3954","4475","4124","3652","5389","2030","1906","2178","2053","1780","2401","2005","2048","2297","2071","1872","2988","11336","3051","8285"
"20192","11590550","상도3동","25778","12411","13367","3447","4163","4567","3950","3954","5697","1764","1960","2346","1960","1873","2508","1683","2203","2221","1990","2081","3189","11617","654","10963"
"20192","11590560","상도4동","29601","14588","15013","4147","4451","5246","4618","4588","6551","2182","2281","2736","2365","2152","2872","1965","2170","2510","2253","2436","3679","13034","251","12783"
"20192","11590605","흑석동","29303","14339","14964","4209","4694","4304","4426","4615","7055","2158","2507","2173","2245","2232","3024","2051","2187","2131","2181","2383","4031","12844","3938","8906"
"20192","11590620","사당1동","22934","10986","11948","2030","4873","4910","2935","3239","4947","1066","2182","2513","1502","1451","2272","964","2691","2397","1433","1788","2675","12430","223","12207"
"20192","11590630","사당2동","28261","13680","14581","3840","3892","4984","4262","4343","6940","2028","1899","2476","2117","2003","3157","1812","1993","2508","2145","2340","3783","11934","6109","5825"
"20192","11590640","사당3동","24369","11857","12512","3630","3475","4045","3664","3773","5782","1894","1655","1977","1865","1786","2680","1736","1820","2068","1799","1987","3102","9990","4440","5550"
"20192","11590650","사당4동","14675","7047","7628","1708","2509","2678","2173","2211","3396","853","1204","1397","1090","1039","1464","855","1305","1281","1083","1172","1932","6784","576","6208"
"20192","11590651","사당5동","12764","6224","6540","1871","1957","2266","1999","1943","2728","988","962","1155","1004","893","1222","883","995","1111","995","1050","1506","5615","1337","4278"
"20192","11590660","대방동","40019","19092","20927","7279","6435","5871","7227","5803","7404","3655","3011","2878","3504","2901","3143","3624","3424","2993","3723","2902","4261","16881","5215","11666"
"20192","11590670","신대방1동","24303","11749","12554","4573","3225","3363","4435","3729","4978","2285","1552","1637","2143","1863","2269","2288","1673","1726","2292","1866","2709","9835","3772","6063"
"20192","11590680","신대방2동","21504","10362","11142","3761","3331","3721","3643","2847","4201","1908","1550","1771","1805","1405","1923","1853","1781","1950","1838","1442","2278","9409","2061","7348"
"20192","11620525","보라매동","24517","12038","12479","3068","4305","4362","3503","3615","5664","1606","2134","2315","1783","1696","2504","1462","2171","2047","1720","1919","3160","11704","1105","10599"
"20192","11620545","청림동","17506","8600","8906","3053","2068","3190","2842","2497","3856","1578","1080","1598","1459","1206","1679","1475","988","1592","1383","1291","2177","7013","3751","3262"
"20192","11620565","성현동","32985","16039","16946","5878","4106","4594","5852","5038","7517","3073","2035","2275","2964","2413","3279","2805","2071","2319","2888","2625","4238","13025","2229","10796"
"20192","11620575","행운동","29938","14596","15342","2986","7300","6297","3838","3752","5765","1535","3355","3284","2004","1823","2595","1451","3945","3013","1834","1929","3170","16788","1736","15052"
"20192","11620585","낙성대동","16263","8049","8214","1617","4858","3520","1993","1635","2640","786","2292","1930","1048","800","1193","831","2566","1590","945","835","1447","10081","502","9579"
"20192","11620595","청룡동","28476","13809","14667","2566","8635","5540","3447","3161","5127","1264","3839","2922","1845","1571","2368","1302","4796","2618","1602","1590","2759","18075","1080","16995"
"20192","11620605","은천동","35210","17426","17784","5434","5203","6093","5655","5115","7710","2837","2599","3107","2986","2409","3488","2597","2604","2986","2669","2706","4222","15559","5765","9794"
"20192","11620615","중앙동","15288","7333","7955","1250","4085","3003","1827","1975","3148","648","1766","1570","967","989","1393","602","2319","1433","860","986","1755","8948","570","8378"
"20192","11620625","인헌동","27008","13199","13809","3312","5569","5361","3981","3601","5184","1695","2666","2828","2008","1723","2279","1617","2903","2533","1973","1878","2905","13867","1052","12815"
"20192","11620630","남현동","18822","9028","9794","2190","3829","4029","2478","2661","3635","1086","1718","2090","1245","1195","1694","1104","2111","1939","1233","1466","1941","9143","1295","7848"
"20192","11620645","서원동","22904","11739","11165","1871","5884","4769","2919","3037","4424","979","3018","2740","1579","1403","2020","892","2866","2029","1340","1634","2404","13146","410","12736"
"20192","11620655","신원동","18767","9367","9400","1794","4130","3502","2556","2555","4230","890","2135","1958","1358","1186","1840","904","1995","1544","1198","1369","2390","10275","799","9476"
"20192","11620665","서림동","24291","13452","10839","2324","5800","4907","3334","3234","4692","1221","3342","3067","1987","1674","2161","1103","2458","1840","1347","1560","2531","14167","1904","12263"
"20192","11620685","신사동","23104","11608","11496","2404","5135","4312","3348","3375","4530","1287","2458","2396","1726","1662","2079","1117","2677","1916","1622","1713","2451","12874","46","12828"
"20192","11620695","신림동","21314","10776","10538","1048","7775","5698","2409","1760","2624","520","3575","3156","1409","901","1215","528","4200","2542","1000","859","1409","16028","254","15774"
"20192","11620715","난향동","16589","8251","8338","3053","1810","2270","3212","2564","3680","1566","970","1129","1648","1273","1665","1487","840","1141","1564","1291","2015","6475","358","6117"
"20192","11620725","조원동","17651","8960","8691","1792","3648","3489","2434","2564","3724","925","1648","1951","1333","1333","1770","867","2000","1538","1101","1231","1954","10020","934","9086"
"20192","11620735","대학동","23860","14328","9532","1984","6475","4860","3628","3062","3851","1017","3962","3226","2448","1831","1844","967","2513","1634","1180","1231","2007","15638","1500","14138"
"20192","11620745","삼성동","27742","14088","13654","3597","3449","3374","4434","5028","7860","1984","1843","1857","2410","2526","3468","1613","1606","1517","2024","2502","4392","12186","4536","7650"
"20192","11620765","미성동","31960","15715","16245","4601","4915","4756","4962","5265","7461","2312","2446","2476","2511","2519","3451","2289","2469","2280","2451","2746","4010","13829","2729","11100"
"20192","11620775","난곡동","28894","14590","14304","3944","4204","4052","4426","5250","7018","2049","2215","2210","2314","2572","3230","1895","1989","1842","2112","2678","3788","12722","809","11913"
"20192","11650510","서초1동","21345","10335","11010","3679","2986","3825","3848","2934","4073","1902","1495","1747","1884","1412","1895","1777","1491","2078","1964","1522","2178","9226","3169","6057"
"20192","11650520","서초2동","17884","8528","9356","3183","2540","3631","3217","2313","3000","1623","1158","1667","1544","1130","1406","1560","1382","1964","1673","1183","1594","7901","2439","5462"
"20192","11650530","서초3동","31499","15533","15966","4966","4927","4928","5127","5127","6424","2766","2483","2342","2410","2476","3056","2200","2444","2586","2717","2651","3368","13191","1308","11883"
"20192","11650531","서초4동","31362","15159","16203","7304","3717","4097","6458","4384","5402","3778","1788","1762","3002","2278","2551","3526","1929","2335","3456","2106","2851","10962","7686","3276"
"20192","11650540","잠원동","34132","16266","17866","6763","4430","5483","6805","5144","5507","3503","2160","2487","3104","2560","2452","3260","2270","2996","3701","2584","3055","13772","8416","5356"
"20192","11650550","반포본동","12542","5942","6600","2886","1485","975","2773","1963","2460","1464","729","420","1172","1034","1123","1422","756","555","1601","929","1337","4224","3715","509"
"20192","11650560","반포1동","29570","14226","15344","5895","4142","5446","5992","3639","4456","2981","1897","2427","3045","1857","2019","2914","2245","3019","2947","1782","2437","13296","3238","10058"
"20192","11650570","반포2동","18121","8662","9459","5096","1705","2089","4126","2256","2849","2621","829","833","1958","1157","1264","2475","876","1256","2168","1099","1585","5845","3317","2528"
"20192","11650580","반포3동","19502","9269","10233","4486","2162","2513","4226","2784","3331","2302","1089","1082","1964","1383","1449","2184","1073","1431","2262","1401","1882","6775","5279","1496"
"20192","11650581","반포4동","19586","9244","10342","4001","2461","2997","3563","2797","3767","2086","1199","1310","1602","1338","1709","1915","1262","1687","1961","1459","2058","7249","2511","4738"
"20192","11650590","방배본동","21469","9977","11492","4562","2709","2687","4159","3347","4005","2174","1294","1167","1863","1669","1810","2388","1415","1520","2296","1678","2195","7876","1922","5954"
"20192","11650600","방배1동","17427","8167","9260","2652","2605","3242","2854","2437","3637","1393","1208","1488","1320","1109","1649","1259","1397","1754","1534","1328","1988","7515","538","6977"
"20192","11650610","방배2동","23856","11328","12528","3514","3525","3777","3602","3805","5633","1817","1697","1795","1715","1725","2579","1697","1828","1982","1887","2080","3054","9979","1690","8289"
"20192","11650620","방배3동","21855","10534","11321","3467","3092","3032","3397","3673","5194","1741","1606","1468","1567","1696","2456","1726","1486","1564","1830","1977","2738","8310","3744","4566"
"20192","11650621","방배4동","24237","11184","13053","4586","3292","3821","4480","3533","4525","2180","1470","1708","2055","1718","2053","2406","1822","2113","2425","1815","2472","9753","448","9305"
"20192","11650651","양재1동","46317","22185","24132","9279","5710","7960","7923","6399","9046","4748","2820","3740","3943","2977","3957","4531","2890","4220","3980","3422","5089","18290","9829","8461"
"20192","11650652","양재2동","23729","11909","11820","3532","3530","5027","4068","3465","4107","1827","1794","2601","2101","1694","1892","1705","1736","2426","1967","1771","2215","11010","239","10771"
"20192","11650660","내곡동","18662","9125","9537","3716","2035","3281","2926","2496","4208","1880","1072","1534","1518","1146","1975","1836","963","1747","1408","1350","2233","7202","370","6832"
"20192","11680510","신사동","17604","8196","9408","2923","2428","2758","3251","2426","3818","1509","1108","1194","1497","1177","1711","1414","1320","1564","1754","1249","2107","7548","3251","4297"
"20192","11680521","논현1동","23606","10939","12667","1893","4658","6257","3836","2882","4080","944","2046","2872","1893","1364","1820","949","2612","3385","1943","1518","2260","14198","774","13424"
"20192","11680531","논현2동","21644","10162","11482","2687","3428","4836","3770","2763","4160","1413","1545","2162","1868","1318","1856","1274","1883","2674","1902","1445","2304","11108","2044","9064"
"20192","11680545","압구정동","27957","12883","15074","5418","3301","3879","5160","3808","6391","2614","1557","1654","2403","1804","2851","2804","1744","2225","2757","2004","3540","10706","7821","2885"
"20192","11680565","청담동","30014","14104","15910","5123","4207","5080","5286","4450","5868","2705","1995","2187","2467","2082","2668","2418","2212","2893","2819","2368","3200","12328","4182","8146"
"20192","11680580","삼성1동","15114","7541","7573","2559","2213","2312","2597","2429","3004","1487","1175","1098","1199","1165","1417","1072","1038","1214","1398","1264","1587","5987","1826","4161"
"20192","11680590","삼성2동","30160","14361","15799","6020","3927","5546","6369","3785","4513","3275","1903","2301","2960","1922","2000","2745","2024","3245","3409","1863","2513","13173","5084","8089"
"20192","11680600","대치1동","25583","12841","12742","7660","2790","1848","6255","3788","3242","4258","1418","731","2763","2110","1561","3402","1372","1117","3492","1678","1681","7470","5895","1575"
"20192","11680610","대치2동","40569","20617","19952","8925","5976","3763","7867","7343","6695","5200","3234","1739","3383","3809","3252","3725","2742","2024","4484","3534","3443","13485","7336","6149"
"20192","11680630","대치4동","21068","9988","11080","3609","3592","3624","4342","3161","2740","1954","1676","1639","1890","1599","1230","1655","1916","1985","2452","1562","1510","10239","625","9614"
"20192","11680640","역삼1동","35867","17318","18549","2903","7455","10339","5761","4235","5174","1446","3265","5006","3009","2170","2422","1457","4190","5333","2752","2065","2752","23129","1135","21994"
"20192","11680650","역삼2동","36406","17176","19230","8471","4523","5683","8419","4535","4775","4188","2051","2446","3927","2443","2121","4283","2472","3237","4492","2092","2654","14957","6670","8287"
"20192","11680655","도곡1동","21790","10272","11518","4139","3152","3360","3779","3381","3979","1965","1454","1505","1801","1622","1925","2174","1698","1855","1978","1759","2054","8241","4308","3933"
"20192","11680656","도곡2동","33881","15722","18159","7648","4227","4043","6565","5277","6121","3555","1964","1685","2925","2653","2940","4093","2263","2358","3640","2624","3181","11740","8191","3549"
"20192","11680660","개포1동","8834","4281","4553","1303","1235","996","1237","1598","2465","641","631","473","579","803","1154","662","604","523","658","795","1311","3503","2143","1360"
"20192","11680670","개포2동","13798","6718","7080","2574","2026","1471","2250","2618","2859","1308","1032","728","982","1315","1353","1266","994","743","1268","1303","1506","4892","3466","1426"
"20192","11680690","개포4동","18662","9149","9513","3043","2773","3002","3196","3163","3485","1580","1400","1510","1509","1529","1621","1463","1373","1492","1687","1634","1864","7815","1318","6497"
"20192","11680700","세곡동","44695","21312","23383","9760","5390","7806","7537","5885","8317","4843","2600","3603","3791","2811","3664","4917","2790","4203","3746","3074","4653","17390","9479","7911"
"20192","11680720","일원본동","24990","12265","12725","6005","2796","3284","4846","3826","4233","3324","1476","1490","2228","1832","1915","2681","1320","1794","2618","1994","2318","8387","3945","4442"
"20192","11680730","일원1동","17135","8420","8715","2386","2568","2604","2414","2844","4319","1275","1365","1355","1211","1342","1872","1111","1203","1249","1203","1502","2447","7669","83","7586"
"20192","11680740","일원2동","15446","7331","8115","2539","1753","2390","2616","2372","3776","1439","920","1144","1241","1115","1472","1100","833","1246","1375","1257","2304","6352","5605","747"
"20192","11680750","수서동","16249","7459","8790","1490","1924","2780","1782","2630","5643","736","1000","1413","936","1135","2239","754","924","1367","846","1495","3404","7762","6284","1478"
"20192","11710510","풍납1동","15502","7681","7821","1982","1991","2421","2339","2709","4060","1031","1039","1288","1198","1276","1849","951","952","1133","1141","1433","2211","6833","1419","5414"
"20192","11710520","풍납2동","24567","11842","12725","4256","3423","4237","4094","3647","4910","2200","1634","1981","1982","1742","2303","2056","1789","2256","2112","1905","2607","10049","4579","5470"
"20192","11710531","거여1동","12365","6298","6067","1838","1738","1555","2061","2236","2937","937","948","825","1033","1135","1420","901","790","730","1028","1101","1517","5085","1041","4044"
"20192","11710532","거여2동","16957","8369","8588","2735","1909","2378","2978","2874","4083","1406","1016","1234","1453","1422","1838","1329","893","1144","1525","1452","2245","7043","3957","3086"
"20192","11710540","마천1동","18631","9609","9022","2587","2408","2306","2892","3426","5012","1338","1284","1277","1542","1800","2368","1249","1124","1029","1350","1626","2644","8347","1118","7229"
"20192","11710550","마천2동","22906","11570","11336","3359","2911","2812","3581","4356","5887","1707","1588","1461","1873","2219","2722","1652","1323","1351","1708","2137","3165","9434","1740","7694"
"20192","11710561","방이1동","16485","8001","8484","3078","2555","2312","2823","2792","2925","1591","1277","1104","1280","1356","1393","1487","1278","1208","1543","1436","1532","6180","2052","4128"
"20192","11710562","방이2동","25079","12107","12972","2970","4273","5504","3692","3894","4746","1592","2011","2714","1843","1753","2194","1378","2262","2790","1849","2141","2552","12648","398","12250"
"20192","11710566","오륜동","19273","9430","9843","4498","2457","1901","3639","3218","3560","2444","1255","801","1589","1621","1720","2054","1202","1100","2050","1597","1840","6028","5850","178"
"20192","11710570","오금동","40717","19951","20766","6835","5997","6038","6132","7255","8460","3605","3116","2959","2877","3425","3969","3230","2881","3079","3255","3830","4491","15492","4530","10962"
"20192","11710580","송파1동","26093","12394","13699","3262","4648","5864","3668","3821","4830","1627","2141","2847","1744","1774","2261","1635","2507","3017","1924","2047","2569","12298","999","11299"
"20192","11710590","송파2동","21046","10190","10856","3904","3116","3114","3238","3527","4147","2030","1516","1477","1534","1656","1977","1874","1600","1637","1704","1871","2170","7290","3599","3691"
"20192","11710600","석촌동","34048","16455","17593","4327","5557","7480","5265","5114","6305","2243","2557","3676","2642","2461","2876","2084","3000","3804","2623","2653","3429","16649","509","16140"
"20192","11710610","삼전동","32956","15733","17223","4416","5237","7382","5519","4809","5593","2299","2447","3588","2721","2199","2479","2117","2790","3794","2798","2610","3114","16303","74","16229"
"20192","11710620","가락본동","28290","14070","14220","4146","4488","5091","4256","5048","5261","2165","2239","2573","2086","2455","2552","1981","2249","2518","2170","2593","2709","11848","3698","8150"
"20192","11710631","가락1동","875","426","449","146","113","110","155","167","184","74","66","51","75","85","75","72","47","59","80","82","109","353","0","353"
"20192","11710632","가락2동","33774","16554","17220","6709","4858","5131","5791","5467","5818","3519","2436","2459","2783","2591","2766","3190","2422","2672","3008","2876","3052","12128","6243","5885"
"20192","11710641","문정1동","21736","10800","10936","3221","3578","3855","3108","3779","4195","1664","1826","1990","1530","1754","2036","1557","1752","1865","1578","2025","2159","8688","2823","5865"
"20192","11710642","문정2동","29680","13912","15768","3476","5378","7905","4215","3547","5159","1752","2215","3737","2016","1683","2509","1724","3163","4168","2199","1864","2650","15113","7770","7343"
"20192","11710646","장지동","34499","16773","17726","6377","4820","5614","5505","5765","6418","3275","2463","2802","2698","2702","2833","3102","2357","2812","2807","3063","3585","13335","2420","10915"
"20192","11710647","위례동","28836","14035","14801","8414","2962","5621","5443","3317","3079","4274","1437","2553","2794","1649","1328","4140","1525","3068","2649","1668","1751","9170","4262","4908"
"20192","11710650","잠실본동","28901","13729","15172","3650","4903","6281","4659","4230","5178","1862","2250","3023","2257","1990","2347","1788","2653","3258","2402","2240","2831","14470","848","13622"
"20192","11710670","잠실2동","36912","17590","19322","10601","3375","4864","9053","4376","4643","5320","1580","1939","4325","2343","2083","5281","1795","2925","4728","2033","2560","12051","0","12051"
"20192","11710680","잠실3동","36329","17350","18979","7572","4371","5241","6260","5391","7494","3898","2102","2286","2919","2583","3562","3674","2269","2955","3341","2808","3932","12364","4539","7825"
"20192","11710690","잠실4동","30044","14493","15551","6678","3121","5425","5245","4084","5491","3472","1558","2405","2612","1889","2557","3206","1563","3020","2633","2195","2934","10414","9666","748"
"20192","11710710","잠실6동","16459","7858","8601","3015","2180","2312","2555","2732","3665","1540","1083","1029","1157","1291","1758","1475","1097","1283","1398","1441","1907","5513","3943","1570"
"20192","11710720","잠실7동","10262","4779","5483","1854","1345","1180","1550","1643","2690","836","651","541","665","807","1279","1018","694","639","885","836","1411","3443","3318","125"
"20192","11740515","강일동","32662","15844","16818","7732","3965","3802","5843","4914","6406","3937","2003","1743","2879","2438","2844","3795","1962","2059","2964","2476","3562","11155","10078","1077"
"20192","11740520","상일동","11117","5573","5544","1969","1501","1388","1710","2110","2439","1050","845","689","782","1057","1150","919","656","699","928","1053","1289","4200","776","3424"
"20192","11740530","명일1동","22270","10934","11336","4188","2932","3079","3769","3645","4657","2199","1560","1523","1786","1711","2155","1989","1372","1556","1983","1934","2502","8124","3687","4437"
"20192","11740540","명일2동","18098","9003","9095","3931","2403","1940","3232","3110","3482","2117","1287","938","1463","1531","1667","1814","1116","1002","1769","1579","1815","5928","4052","1876"
"20192","11740550","고덕1동","26980","13665","13315","6650","2855","4486","5108","3789","4092","3629","1557","2100","2576","1869","1934","3021","1298","2386","2532","1920","2158","9006","2222","6784"
"20192","11740560","고덕2동","7654","4063","3591","930","999","841","1148","1592","2144","501","591","474","617","853","1027","429","408","367","531","739","1117","3508","0","3508"
"20192","11740570","암사1동","37354","18650","18704","5694","5102","6041","5979","6350","8188","2934","2659","3153","3052","3149","3703","2760","2443","2888","2927","3201","4485","16241","1062","15179"
"20192","11740580","암사2동","14692","7167","7525","2458","1944","2703","2390","2234","2963","1251","973","1318","1206","1062","1357","1207","971","1385","1184","1172","1606","5881","3537","2344"
"20192","11740590","암사3동","18847","9246","9601","4173","2107","2869","3396","2795","3507","2118","1101","1310","1701","1331","1685","2055","1006","1559","1695","1464","1822","6339","4559","1780"
"20192","11740600","천호1동","28989","14332","14657","3912","4085","4531","4320","5129","7012","1988","2053","2376","2226","2458","3231","1924","2032","2155","2094","2671","3781","12898","1992","10906"
"20192","11740610","천호2동","35129","17659","17470","4142","4821","6337","5315","6290","8224","2150","2402","3315","2781","3190","3821","1992","2419","3022","2534","3100","4403","17350","1381","15969"
"20192","11740620","천호3동","27941","13903","14038","3282","4101","5154","4067","4724","6613","1669","1954","2627","2176","2362","3115","1613","2147","2527","1891","2362","3498","13539","1950","11589"
"20192","11740640","성내1동","20882","10129","10753","3683","2779","3547","3497","3200","4176","1876","1383","1718","1721","1520","1911","1807","1396","1829","1776","1680","2265","8177","2149","6028"
"20192","11740650","성내2동","24974","12409","12565","2744","3792","4638","3746","4241","5813","1398","1825","2454","1959","2049","2724","1346","1967","2184","1787","2192","3089","12379","1029","11350"
"20192","11740660","성내3동","23832","11838","11994","3598","3559","3854","3797","4061","4963","2053","1851","1946","1869","1899","2220","1545","1708","1908","1928","2162","2743","10144","1584","8560"
"20192","11740685","길동","47359","23287","24072","6545","7062","7899","7139","8072","10642","3460","3452","4038","3570","3772","4995","3085","3610","3861","3569","4300","5647","20437","3506","16931"
"20192","11740690","둔촌1동","311","146","165","20","29","36","56","43","127","8","13","17","31","21","56","12","16","19","25","22","71","187","34","153"
"20192","11740700","둔촌2동","28372","14034","14338","4801","4136","4250","4317","4832","6036","2539","2105","2169","2102","2305","2814","2262","2031","2081","2215","2527","3222","11183","3904","7279"
"20193","11110515","청운효자동","13030","6109","6921","2288","1641","1883","2314","2002","2902","1218","829","860","1021","953","1228","1070","812","1023","1293","1049","1674","5395","316","5079"
"20193","11110530","사직동","9210","4158","5052","1384","1105","1383","1528","1465","2345","683","506","604","681","654","1030","701","599","779","847","811","1315","4383","202","4181"
"20193","11110540","삼청동","2819","1328","1491","345","343","420","392","465","854","186","167","200","196","213","366","159","176","220","196","252","488","1410","0","1410"
"20193","11110550","부암동","10131","4885","5246","1496","1416","1308","1655","1723","2533","808","773","619","744","810","1131","688","643","689","911","913","1402","4318","79","4239"
"20193","11110560","평창동","18656","8785","9871","3068","2668","2295","2888","3266","4471","1577","1402","1072","1275","1500","1959","1491","1266","1223","1613","1766","2512","7470","469","7001"
"20193","11110570","무악동","8195","3833","4362","1675","916","911","1557","1310","1826","778","415","423","761","656","800","897","501","488","796","654","1026","2999","2271","728"
"20193","11110580","교남동","10626","4942","5684","1791","1370","1918","1897","1535","2115","886","618","906","903","743","886","905","752","1012","994","792","1229","4537","53","4484"
"20193","11110600","가회동","4447","2070","2377","606","515","605","802","726","1193","302","250","289","371","352","506","304","265","316","431","374","687","2059","0","2059"
"20193","11110615","종로1?2?3?4가동","7387","4389","2998","473","939","921","959","1445","2650","247","479","531","591","981","1560","226","460","390","368","464","1090","5278","189","5089"
"20193","11110630","종로5?6가동","5260","2878","2382","448","948","629","705","1024","1506","229","540","366","403","578","762","219","408","263","302","446","744","3150","0","3150"
"20193","11110640","이화동","8083","3824","4259","820","1764","1393","1086","1172","1848","413","809","679","548","574","801","407","955","714","538","598","1047","4475","0","4475"
"20193","11110650","혜화동","16998","8219","8779","2222","4309","2341","2396","2273","3457","1098","2216","1200","1155","1078","1472","1124","2093","1141","1241","1195","1985","9101","652","8449"
"20193","11110670","창신1동","5540","3009","2531","481","652","593","776","1212","1826","244","359","341","409","699","957","237","293","252","367","513","869","3133","721","2412"
"20193","11110680","창신2동","8812","4503","4309","944","1281","989","1345","1870","2383","478","690","565","722","967","1081","466","591","424","623","903","1302","4168","220","3948"
"20193","11110690","창신3동","7105","3493","3612","1051","1045","1070","1051","1287","1601","545","550","515","506","639","738","506","495","555","545","648","863","2747","1691","1056"
"20193","11110700","숭인1동","5527","2746","2781","717","715","760","879","1013","1443","358","371","418","461","502","636","359","344","342","418","511","807","2597","0","2597"
"20193","11110710","숭인2동","10431","5282","5149","870","1947","1691","1491","1890","2542","445","866","880","791","1016","1284","425","1081","811","700","874","1258","6083","600","5483"
"20193","11140520","소공동","1095","592","503","139","93","242","210","159","252","65","41","136","125","92","133","74","52","106","85","67","119","609","82","527"
"20193","11140540","회현동","4516","2547","1969","301","428","458","620","928","1781","139","195","261","369","604","979","162","233","197","251","324","802","2932","387","2545"
"20193","11140550","명동","2835","1207","1628","228","277","381","476","493","980","110","137","176","199","223","362","118","140","205","277","270","618","1389","0","1389"
"20193","11140570","필동","4055","2121","1934","430","646","647","533","657","1142","224","343","359","318","348","529","206","303","288","215","309","613","2301","37","2264"
"20193","11140580","장충동","4660","2374","2286","520","1134","715","623","618","1050","261","628","379","338","302","466","259","506","336","285","316","584","2632","92","2540"
"20193","11140590","광희동","4936","2604","2332","381","712","716","650","901","1576","201","356","388","359","512","788","180","356","328","291","389","788","2896","158","2738"
"20193","11140605","을지로동","1706","1049","657","87","189","214","190","368","658","46","82","127","129","260","405","41","107","87","61","108","253","1244","133","1111"
"20193","11140615","신당동","7260","3696","3564","646","1208","1095","1130","1372","1809","317","606","598","619","702","854","329","602","497","511","670","955","4025","28","3997"
"20193","11140625","다산동","14640","7119","7521","1670","2347","2401","2277","2398","3547","874","1141","1250","1126","1171","1557","796","1206","1151","1151","1227","1990","6886","131","6755"
"20193","11140635","약수동","17759","8384","9375","2412","2120","2770","2697","2872","4888","1200","1062","1313","1343","1354","2112","1212","1058","1457","1354","1518","2776","7777","5297","2480"
"20193","11140645","청구동","14672","6968","7704","1965","2064","2407","2193","2462","3581","996","1001","1199","1080","1164","1528","969","1063","1208","1113","1298","2053","6453","1487","4966"
"20193","11140650","신당5동","9006","4468","4538","1176","1268","1374","1459","1618","2111","568","649","694","764","851","942","608","619","680","695","767","1169","4336","992","3344"
"20193","11140665","동화동","11358","5484","5874","1766","1665","1570","1785","2038","2534","896","847","724","903","986","1128","870","818","846","882","1052","1406","4348","1961","2387"
"20193","11140670","황학동","12372","6089","6283","1332","2030","2726","1823","1840","2621","673","923","1382","934","956","1221","659","1107","1344","889","884","1400","6486","1893","4593"
"20193","11140680","중림동","7931","4008","3923","944","953","1299","1171","1361","2203","480","454","662","623","748","1041","464","499","637","548","613","1162","4089","630","3459"
"20193","11170510","후암동","18205","8854","9351","2652","2531","2975","2980","2908","4159","1423","1290","1514","1475","1386","1766","1229","1241","1461","1505","1522","2393","8518","159","8359"
"20193","11170520","용산2가동","10405","5002","5403","1138","1547","1820","1493","1593","2814","584","806","940","718","738","1216","554","741","880","775","855","1598","5345","40","5305"
"20193","11170530","남영동","7826","4813","3013","549","962","1064","1211","1704","2336","293","468","574","815","1227","1436","256","494","490","396","477","900","5410","0","5410"
"20193","11170555","청파동","20285","9698","10587","2245","3981","3174","3132","3174","4579","1206","1727","1690","1556","1567","1952","1039","2254","1484","1576","1607","2627","10610","59","10551"
"20193","11170560","원효로1동","14136","6904","7232","2062","2086","3204","2269","1899","2616","1070","900","1616","1188","918","1212","992","1186","1588","1081","981","1404","6829","480","6349"
"20193","11170570","원효로2동","14934","7027","7907","2561","1948","2251","2548","2334","3292","1134","934","1116","1249","1168","1426","1427","1014","1135","1299","1166","1866","6040","132","5908"
"20193","11170580","효창동","9133","4303","4830","1385","1483","1583","1388","1445","1849","700","681","762","668","707","785","685","802","821","720","738","1064","3850","202","3648"
"20193","11170590","용문동","13059","6290","6769","2007","1800","2247","2121","2039","2845","1033","878","1132","1040","1000","1207","974","922","1115","1081","1039","1638","5509","222","5287"
"20193","11170625","한강로동","15615","7662","7953","1687","2334","3041","2298","2568","3687","891","1099","1492","1159","1281","1740","796","1235","1549","1139","1287","1947","8257","366","7891"
"20193","11170630","이촌1동","27720","12934","14786","5806","2900","3815","5182","4176","5841","2957","1424","1660","2342","2022","2529","2849","1476","2155","2840","2154","3312","10046","1826","8220"
"20193","11170640","이촌2동","8948","4220","4728","1195","1027","1556","1298","1444","2428","632","505","803","630","652","998","563","522","753","668","792","1430","3828","562","3266"
"20193","11170650","이태원1동","6892","3253","3639","614","1032","1130","949","1126","2041","300","540","588","484","528","813","314","492","542","465","598","1228","3739","0","3739"
"20193","11170660","이태원2동","9499","4415","5084","1068","1363","1689","1492","1384","2503","523","706","837","711","608","1030","545","657","852","781","776","1473","4949","23","4926"
"20193","11170685","한남동","20616","9982","10634","2317","2764","4062","3393","3170","4910","1224","1363","2069","1675","1520","2131","1093","1401","1993","1718","1650","2779","11065","244","10821"
"20193","11170690","서빙고동","13370","6434","6936","2456","1800","1542","2538","2215","2819","1236","909","720","1221","1124","1224","1220","891","822","1317","1091","1595","5237","225","5012"
"20193","11170700","보광동","15109","7341","7768","1519","2339","2369","2354","2598","3930","833","1278","1269","1133","1193","1635","686","1061","1100","1221","1405","2295","7797","56","7741"
"20193","11200520","왕십리2동","17971","8788","9183","2718","2693","3204","2864","2877","3615","1401","1314","1614","1405","1417","1637","1317","1379","1590","1459","1460","1978","7779","773","7006"
"20193","11200535","왕십리도선동","26879","12889","13990","4208","4338","4825","4119","4413","4976","2117","2022","2322","2066","2115","2247","2091","2316","2503","2053","2298","2729","11321","1624","9697"
"20193","11200540","마장동","23396","11562","11834","3206","4371","3484","3333","3807","5195","1656","2151","1804","1675","1878","2398","1550","2220","1680","1658","1929","2797","10623","3183","7440"
"20193","11200550","사근동","11676","6042","5634","1307","4092","1719","1295","1273","1990","638","2275","951","672","611","895","669","1817","768","623","662","1095","7174","420","6754"
"20193","11200560","행당1동","17319","8335","8984","2242","2826","3115","2495","3087","3554","1145","1496","1431","1255","1365","1643","1097","1330","1684","1240","1722","1911","7735","1930","5805"
"20193","11200570","행당2동","25021","11811","13210","4600","3088","4001","4586","3848","4898","2154","1484","1921","2230","1894","2128","2446","1604","2080","2356","1954","2770","9494","4797","4697"
"20193","11200580","응봉동","16316","7729","8587","3199","1798","2410","3212","2366","3331","1595","855","1150","1545","1145","1439","1604","943","1260","1667","1221","1892","6217","2446","3771"
"20193","11200590","금호1가동","16086","7746","8340","2604","1957","2972","2669","2450","3434","1335","967","1437","1357","1166","1484","1269","990","1535","1312","1284","1950","6601","3185","3416"
"20193","11200615","금호2?3가동","24232","11582","12650","3674","3042","4555","3993","3674","5294","1874","1496","2170","2004","1761","2277","1800","1546","2385","1989","1913","3017","10327","3304","7023"
"20193","11200620","금호4가동","15046","7202","7844","2474","1679","2934","2629","2220","3110","1264","848","1368","1320","1077","1325","1210","831","1566","1309","1143","1785","6410","3300","3110"
"20193","11200645","옥수동","27509","12892","14617","4647","3275","5625","4513","4016","5433","2359","1524","2525","2222","1865","2397","2288","1751","3100","2291","2151","3036","11045","6745","4300"
"20193","11200650","성수1가1동","16890","8480","8410","2458","2586","3001","2727","3006","3112","1246","1375","1520","1325","1566","1448","1212","1211","1481","1402","1440","1664","7512","1940","5572"
"20193","11200660","성수1가2동","15287","7640","7647","2074","2443","2834","2476","2414","3046","1069","1219","1413","1277","1225","1437","1005","1224","1421","1199","1189","1609","7157","2057","5100"
"20193","11200670","성수2가1동","17624","9151","8473","2126","2507","2781","2670","3423","4117","1085","1304","1496","1428","1861","1977","1041","1203","1285","1242","1562","2140","8568","1797","6771"
"20193","11200690","성수2가3동","11168","5759","5409","1232","1933","2032","1550","1907","2514","629","926","1074","834","1040","1256","603","1007","958","716","867","1258","5531","1623","3908"
"20193","11200720","송정동","11263","5993","5270","1350","1689","1830","1725","2189","2480","714","906","1014","952","1215","1192","636","783","816","773","974","1288","5509","818","4691"
"20193","11200790","용답동","15001","7945","7056","1567","2327","2218","2432","2841","3616","795","1169","1243","1376","1610","1752","772","1158","975","1056","1231","1864","7927","84","7843"
"20193","11215710","화양동","21452","10274","11178","1304","8341","4308","2247","2092","3160","628","3621","2228","1255","1113","1429","676","4720","2080","992","979","1731","15302","305","14997"
"20193","11215730","군자동","19648","9715","9933","2233","4065","3663","2721","2960","4006","1157","1965","1886","1388","1494","1825","1076","2100","1777","1333","1466","2181","10252","549","9703"
"20193","11215740","중곡1동","16138","7942","8196","1840","2631","3207","2395","2637","3428","976","1233","1622","1218","1285","1608","864","1398","1585","1177","1352","1820","7939","77","7862"
"20193","11215750","중곡2동","22346","10818","11528","3019","3710","4142","3275","3763","4437","1574","1771","2044","1614","1773","2042","1445","1939","2098","1661","1990","2395","10232","357","9875"
"20193","11215760","중곡3동","17516","8722","8794","2149","2712","3013","2613","3208","3821","1112","1375","1597","1325","1560","1753","1037","1337","1416","1288","1648","2068","8406","363","8043"
"20193","11215770","중곡4동","30927","15287","15640","4270","4626","4802","4770","5670","6789","2263","2369","2464","2372","2740","3079","2007","2257","2338","2398","2930","3710","13175","293","12882"
"20193","11215780","능동","11464","5309","6155","1257","2214","2809","1603","1445","2136","649","911","1322","820","647","960","608","1303","1487","783","798","1176","6120","0","6120"
"20193","11215810","광장동","34980","16978","18002","8961","4142","4019","7792","5118","4948","4574","2064","1777","3623","2649","2291","4387","2078","2242","4169","2469","2657","11643","7081","4562"
"20193","11215820","자양1동","23160","11210","11950","2933","4137","4133","3600","3737","4620","1536","1957","2075","1807","1804","2031","1397","2180","2058","1793","1933","2589","11262","260","11002"
"20193","11215830","자양2동","27212","13378","13834","4202","4003","4641","4389","4463","5514","2232","2017","2292","2128","2121","2588","1970","1986","2349","2261","2342","2926","11302","1982","9320"
"20193","11215840","자양3동","30912","14957","15955","5634","4290","4789","5031","5030","6138","2819","2131","2276","2411","2445","2875","2815","2159","2513","2620","2585","3263","11849","4441","7408"
"20193","11215847","자양4동","21501","10610","10891","2582","3215","3578","3269","3930","4927","1302","1550","1773","1698","1957","2330","1280","1665","1805","1571","1973","2597","10194","684","9510"
"20193","11215850","구의1동","22520","10776","11744","2542","4515","4493","3401","3373","4196","1293","2076","2221","1712","1617","1857","1249","2439","2272","1689","1756","2339","11542","231","11311"
"20193","11215860","구의2동","25167","12223","12944","4021","3416","3916","4120","4219","5475","2046","1719","1983","2026","1996","2453","1975","1697","1933","2094","2223","3022","10614","183","10431"
"20193","11215870","구의3동","30555","14551","16004","4943","4952","5113","4953","5000","5594","2434","2442","2426","2279","2391","2579","2509","2510","2687","2674","2609","3015","12287","4671","7616"
"20193","11230536","용신동","30251","15600","14651","3147","5153","5150","4403","4903","7495","1636","2624","2741","2401","2595","3603","1511","2529","2409","2002","2308","3892","16319","1133","15186"
"20193","11230545","제기동","24483","12573","11910","2624","3962","3459","3303","3950","7185","1371","2183","1928","1814","2021","3256","1253","1779","1531","1489","1929","3929","12535","2554","9981"
"20193","11230560","전농1동","31001","15639","15362","4451","4515","4731","4645","5113","7546","2269","2318","2476","2449","2599","3528","2182","2197","2255","2196","2514","4018","14700","3355","11345"
"20193","11230570","전농2동","19823","9557","10266","3407","2467","2570","3284","3319","4776","1699","1262","1270","1560","1636","2130","1708","1205","1300","1724","1683","2646","7656","5041","2615"
"20193","11230600","답십리1동","27121","13241","13880","4404","3867","4954","4374","4189","5333","2228","1841","2405","2248","2076","2443","2176","2026","2549","2126","2113","2890","11848","4191","7657"
"20193","11230610","답십리2동","27022","13262","13760","3978","3425","3669","4313","4773","6864","2014","1766","1899","2170","2309","3104","1964","1659","1770","2143","2464","3760","11101","6512","4589"
"20193","11230650","장안1동","37622","18869","18753","5419","5079","6497","6232","6033","8362","2804","2483","3353","3267","2995","3967","2615","2596","3144","2965","3038","4395","16814","2503","14311"
"20193","11230660","장안2동","30332","15220","15112","5489","3472","4811","5476","4636","6448","2908","1833","2387","2788","2304","3000","2581","1639","2424","2688","2332","3448","12426","5155","7271"
"20193","11230705","청량리동","21609","10851","10758","2358","2629","2653","2954","3975","7040","1215","1394","1427","1577","2026","3212","1143","1235","1226","1377","1949","3828","10413","3252","7161"
"20193","11230710","회기동","10176","4854","5322","1251","2822","1594","1349","1160","2000","604","1355","803","692","570","830","647","1467","791","657","590","1170","5834","1040","4794"
"20193","11230720","휘경1동","13109","6568","6541","1442","2799","1959","1847","2003","3059","749","1387","1047","943","1043","1399","693","1412","912","904","960","1660","6909","1322","5587"
"20193","11230730","휘경2동","24371","12005","12366","3725","4975","3272","3698","3569","5132","1824","2622","1697","1815","1754","2293","1901","2353","1575","1883","1815","2839","11135","2746","8389"
"20193","11230740","이문1동","25054","12559","12495","2925","5464","3372","3610","3721","5962","1492","2883","1811","1900","1853","2620","1433","2581","1561","1710","1868","3342","13388","1214","12174"
"20193","11230750","이문2동","21540","10554","10986","3550","2929","2873","3596","3524","5068","1826","1460","1451","1781","1771","2265","1724","1469","1422","1815","1753","2803","8673","4851","3822"
"20193","11260520","면목2동","26106","13095","13011","3569","3532","3886","4194","4972","5953","1774","1837","2081","2179","2513","2711","1795","1695","1805","2015","2459","3242","12162","2314","9848"
"20193","11260540","면목4동","20472","10175","10297","2776","2911","3178","3230","3413","4964","1459","1403","1681","1716","1724","2192","1317","1508","1497","1514","1689","2772","9414","2219","7195"
"20193","11260550","면목5동","9919","5069","4850","1342","1339","1504","1542","1851","2341","683","721","793","823","951","1098","659","618","711","719","900","1243","4551","187","4364"
"20193","11260565","면목본동","35651","17762","17889","4336","5369","5831","5534","6516","8065","2204","2699","3113","2852","3202","3692","2132","2670","2718","2682","3314","4373","17389","776","16613"
"20193","11260570","면목7동","21968","10933","11035","2621","3170","3285","3242","4080","5570","1358","1645","1679","1710","1961","2580","1263","1525","1606","1532","2119","2990","10079","2490","7589"
"20193","11260575","면목3?8동","25936","13018","12918","3059","3762","3804","3909","4826","6576","1565","1937","2045","2070","2371","3030","1494","1825","1759","1839","2455","3546","12283","1560","10723"
"20193","11260580","상봉1동","26543","12978","13565","4456","3984","3997","3906","4774","5426","2333","1995","1981","1939","2271","2459","2123","1989","2016","1967","2503","2967","10491","4428","6063"
"20193","11260590","상봉2동","18688","9251","9437","1879","3220","3737","2702","3142","4008","974","1492","1946","1388","1559","1892","905","1728","1791","1314","1583","2116","9983","231","9752"
"20193","11260600","중화1동","21373","10576","10797","3077","3160","3572","2937","3818","4809","1575","1597","1862","1511","1810","2221","1502","1563","1710","1426","2008","2588","9099","676","8423"
"20193","11260610","중화2동","27997","14451","13546","2859","3955","4231","4113","5614","7225","1532","2022","2268","2215","2975","3439","1327","1933","1963","1898","2639","3786","14288","169","14119"
"20193","11260620","묵1동","36448","17853","18595","6148","4926","5804","6082","5771","7717","3149","2451","2905","3039","2742","3567","2999","2475","2899","3043","3029","4150","14595","5135","9460"
"20193","11260630","묵2동","19840","9796","10044","2642","2915","3350","3003","3294","4636","1348","1410","1782","1513","1613","2130","1294","1505","1568","1490","1681","2506","9010","1467","7543"
"20193","11260655","망우본동","31107","15770","15337","3908","4334","4404","4525","5983","7953","1963","2265","2305","2428","3035","3774","1945","2069","2099","2097","2948","4179","14518","2795","11723"
"20193","11260660","망우3동","18089","9087","9002","2402","2486","2518","2705","3487","4491","1174","1280","1337","1385","1807","2104","1228","1206","1181","1320","1680","2387","8467","19","8448"
"20193","11260680","신내1동","40458","19818","20640","7817","5296","5676","6188","6772","8709","4037","2696","2745","3103","3242","3995","3780","2600","2931","3085","3530","4714","14415","6552","7863"
"20193","11260690","신내2동","22374","10763","11611","3713","2790","3349","3573","3752","5197","1909","1419","1661","1729","1774","2271","1804","1371","1688","1844","1978","2926","8994","8594","400"
"20193","11290525","성북동","13139","6278","6861","1673","1941","1975","2137","2156","3257","846","943","956","1067","1020","1446","827","998","1019","1070","1136","1811","6003","72","5931"
"20193","11290555","삼선동","36449","17453","18996","5607","6143","5339","6021","5631","7708","2903","2877","2619","2926","2747","3381","2704","3266","2720","3095","2884","4327","16571","3889","12682"
"20193","11290575","동선동","15816","6812","9004","1799","4048","2799","2227","1925","3018","857","1362","1326","1061","921","1285","942","2686","1473","1166","1004","1733","8932","569","8363"
"20193","11290580","돈암1동","15833","7435","8398","2504","2161","2149","2499","2744","3776","1187","1046","1040","1188","1314","1660","1317","1115","1109","1311","1430","2116","6109","4659","1450"
"20193","11290590","돈암2동","18858","9028","9830","4138","2144","2565","3804","2916","3291","2087","1087","1171","1822","1398","1463","2051","1057","1394","1982","1518","1828","6498","4367","2131"
"20193","11290600","안암동","15040","7661","7379","1526","4380","2242","1895","2096","2901","824","2364","1225","956","1047","1245","702","2016","1017","939","1049","1656","8660","1018","7642"
"20193","11290610","보문동","16822","8172","8650","2239","2895","2966","2699","2629","3394","1144","1393","1511","1363","1262","1499","1095","1502","1455","1336","1367","1895","7966","677","7289"
"20193","11290620","정릉1동","20586","9912","10674","3791","2513","3011","3768","3112","4391","1916","1271","1445","1841","1512","1927","1875","1242","1566","1927","1600","2464","7874","3954","3920"
"20193","11290630","정릉2동","24589","12056","12533","3999","3258","3382","4014","3942","5994","2093","1690","1742","1970","1876","2685","1906","1568","1640","2044","2066","3309","9865","1886","7979"
"20193","11290640","정릉3동","15556","7736","7820","1911","2693","2039","2164","2412","4337","1025","1489","1124","1076","1184","1838","886","1204","915","1088","1228","2499","7346","505","6841"
"20193","11290650","정릉4동","26788","13067","13721","4467","3273","3824","4626","4197","6401","2353","1644","1887","2301","2023","2859","2114","1629","1937","2325","2174","3542","11020","4837","6183"
"20193","11290660","길음1동","35047","16775","18272","8951","3185","5222","7795","4265","5629","4515","1510","2329","3876","2118","2427","4436","1675","2893","3919","2147","3202","12151","1748","10403"
"20193","11290685","길음2동","7593","3729","3864","1289","936","934","1304","1237","1893","703","467","458","628","625","848","586","469","476","676","612","1045","3176","1810","1366"
"20193","11290705","종암동","40852","20255","20597","7171","5848","5764","6937","6382","8750","3774","3130","2873","3466","3213","3799","3397","2718","2891","3471","3169","4951","17097","6044","11053"
"20193","11290715","월곡1동","31618","15375","16243","5861","3607","4487","5689","4858","7116","2917","1777","2193","2876","2398","3214","2944","1830","2294","2813","2460","3902","12449","5760","6689"
"20193","11290725","월곡2동","20231","9885","10346","2987","3272","2884","3175","3122","4791","1506","1507","1471","1645","1591","2165","1481","1765","1413","1530","1531","2626","8922","2921","6001"
"20193","11290760","장위1동","20873","10314","10559","2910","3008","2581","3269","3986","5119","1496","1586","1397","1623","1938","2274","1414","1422","1184","1646","2048","2845","8937","33","8904"
"20193","11290770","장위2동","15197","7600","7597","1855","1952","1780","2328","2823","4459","925","1026","979","1236","1430","2004","930","926","801","1092","1393","2455","6731","318","6413"
"20193","11290780","장위3동","11681","5875","5806","1958","1381","1479","1940","2070","2853","966","729","746","1015","1063","1356","992","652","733","925","1007","1497","4853","1289","3564"
"20193","11290810","석관동","32793","16287","16506","4244","4599","4624","5001","5759","8566","2216","2326","2380","2583","2811","3971","2028","2273","2244","2418","2948","4595","14633","2941","11692"
"20193","11305534","삼양동","26825","13355","13470","4045","3372","3605","4250","4775","6778","2108","1743","1896","2142","2422","3044","1937","1629","1709","2108","2353","3734","11903","2694","9209"
"20193","11305535","미아동","22780","11029","11751","2606","3666","3238","3367","3987","5916","1390","1646","1712","1717","1904","2660","1216","2020","1526","1650","2083","3256","11237","602","10635"
"20193","11305545","송중동","29062","14016","15046","3675","4058","4088","4563","4941","7737","1832","1981","2150","2302","2303","3448","1843","2077","1938","2261","2638","4289","13012","428","12584"
"20193","11305555","송천동","29268","14595","14673","3427","3895","3852","4398","5471","8225","1721","2032","2080","2311","2715","3736","1706","1863","1772","2087","2756","4489","13846","640","13206"
"20193","11305575","삼각산동","33122","15947","17175","7730","3409","4528","6901","4792","5762","3989","1693","2057","3355","2384","2469","3741","1716","2471","3546","2408","3293","11784","11356","428"
"20193","11305645","우이동","21662","10564","11098","2960","2784","2815","3273","3680","6150","1538","1403","1473","1609","1755","2786","1422","1381","1342","1664","1925","3364","9450","1119","8331"
"20193","11305660","인수동","32486","15856","16630","4334","4283","4360","4847","5636","9026","2206","2157","2320","2452","2695","4026","2128","2126","2040","2395","2941","5000","14336","530","13806"
"20193","11320511","창1동","26594","12773","13821","4361","3497","3868","4531","4363","5974","2250","1731","1914","2213","2021","2644","2111","1766","1954","2318","2342","3330","10863","7204","3659"
"20193","11320512","창2동","30934","15189","15745","4855","4376","4713","4965","5284","6741","2509","2220","2372","2470","2528","3090","2346","2156","2341","2495","2756","3651","12319","3060","9259"
"20193","11320513","창3동","15038","7509","7529","2190","1960","1969","2388","2688","3843","1132","1008","1056","1219","1333","1761","1058","952","913","1169","1355","2082","6660","1115","5545"
"20193","11320514","창4동","28487","13775","14712","5166","3895","3738","4921","5025","5742","2624","2016","1828","2290","2424","2593","2542","1879","1910","2631","2601","3149","10613","9750","863"
"20193","11320515","창5동","26003","12583","13420","4094","3651","3809","3888","4633","5928","2135","1801","1953","1825","2125","2744","1959","1850","1856","2063","2508","3184","9865","6831","3034"
"20193","11320521","도봉1동","22695","11487","11208","2516","2854","2812","3238","4081","7194","1322","1506","1571","1718","2021","3349","1194","1348","1241","1520","2060","3845","10265","989","9276"
"20193","11320522","도봉2동","28527","14008","14519","3850","3489","3951","3988","4794","8455","1964","1799","1999","2068","2303","3875","1886","1690","1952","1920","2491","4580","11931","8267","3664"
"20193","11320660","쌍문1동","21736","10560","11176","3209","3010","2662","3478","3702","5675","1572","1503","1373","1739","1791","2582","1637","1507","1289","1739","1911","3093","9005","2027","6978"
"20193","11320670","쌍문2동","20367","9858","10509","2909","2750","3011","3049","3528","5120","1538","1374","1574","1501","1614","2257","1371","1376","1437","1548","1914","2863","8667","2390","6277"
"20193","11320680","쌍문3동","17185","8310","8875","2139","2534","2600","2576","2872","4464","1098","1182","1349","1316","1324","2041","1041","1352","1251","1260","1548","2423","7663","1955","5708"
"20193","11320681","쌍문4동","19746","9414","10332","3489","2785","2493","3209","3613","4157","1761","1444","1223","1459","1637","1890","1728","1341","1270","1750","1976","2267","7061","3665","3396"
"20193","11320690","방학1동","30332","15075","15257","4329","4285","3780","4646","5609","7683","2213","2224","1933","2336","2761","3608","2116","2061","1847","2310","2848","4075","12724","4162","8562"
"20193","11320700","방학2동","21477","10859","10618","2922","2954","2614","3321","3975","5691","1539","1617","1425","1677","1983","2618","1383","1337","1189","1644","1992","3073","9543","212","9331"
"20193","11320710","방학3동","29132","14243","14889","5268","3852","3497","4695","5253","6567","2800","2120","1695","2197","2457","2974","2468","1732","1802","2498","2796","3593","10082","8839","1243"
"20193","11350560","월계1동","25753","13286","12467","3720","4262","3491","4054","4016","6210","1962","2488","1826","2121","2015","2874","1758","1774","1665","1933","2001","3336","11341","4387","6954"
"20193","11350570","월계2동","27725","13410","14315","4429","3255","3562","4498","4605","7376","2289","1709","1785","2277","2203","3147","2140","1546","1777","2221","2402","4229","11608","9797","1811"
"20193","11350580","월계3동","29372","14146","15226","4685","3476","4901","4488","4500","7322","2461","1755","2490","2234","2103","3103","2224","1721","2411","2254","2397","4219","11911","11531","380"
"20193","11350595","공릉1동","38505","18888","19617","5466","6821","6017","5699","6065","8437","2775","3465","3072","2925","2822","3829","2691","3356","2945","2774","3243","4608","17806","7119","10687"
"20193","11350600","공릉2동","40796","20003","20793","8172","6548","5603","7079","6221","7173","4190","3261","2764","3403","3057","3328","3982","3287","2839","3676","3164","3845","16061","8471","7590"
"20193","11350611","하계1동","27951","13400","14551","4970","4363","2845","4792","5209","5772","2759","2338","1387","2146","2474","2296","2211","2025","1458","2646","2735","3476","10932","8718","2214"
"20193","11350612","하계2동","23900","11457","12443","4943","3378","2754","4472","4156","4197","2531","1705","1297","2097","2026","1801","2412","1673","1457","2375","2130","2396","8350","7536","814"
"20193","11350619","중계본동","27087","13332","13755","6556","3796","2080","5707","4919","4029","3342","2011","988","2543","2603","1845","3214","1785","1092","3164","2316","2184","9341","5237","4104"
"20193","11350621","중계1동","28303","13826","14477","8075","3296","2048","6977","4556","3351","4273","1727","853","3107","2402","1464","3802","1569","1195","3870","2154","1887","9081","8770","311"
"20193","11350624","중계4동","21231","10318","10913","3888","2745","2243","3848","3569","4938","2074","1449","1111","1830","1784","2070","1814","1296","1132","2018","1785","2868","8196","6625","1571"
"20193","11350625","중계2?3동","37805","17672","20133","6433","4652","4921","6615","5825","9359","3216","2406","2413","3222","2775","3640","3217","2246","2508","3393","3050","5719","15503","14278","1225"
"20193","11350630","상계1동","40750","19904","20846","6522","5817","5364","6373","7298","9376","3371","2996","2672","3084","3449","4332","3151","2821","2692","3289","3849","5044","15542","8976","6566"
"20193","11350640","상계2동","21400","10586","10814","3252","3551","2529","3415","4018","4635","1689","1763","1291","1686","1991","2166","1563","1788","1238","1729","2027","2469","8716","3679","5037"
"20193","11350665","상계3?4동","31489","15679","15810","4345","3848","3481","4897","5735","9183","2332","2047","1868","2475","2849","4108","2013","1801","1613","2422","2886","5075","13872","4501","9371"
"20193","11350670","상계5동","22426","10958","11468","3274","3298","2635","3541","4086","5592","1666","1735","1421","1690","1994","2452","1608","1563","1214","1851","2092","3140","9438","2481","6957"
"20193","11350695","상계6?7동","35009","16351","18658","6626","4692","5434","6227","5565","6465","3339","2323","2555","2834","2578","2722","3287","2369","2879","3393","2987","3743","13923","13371","552"
"20193","11350700","상계8동","24560","11851","12709","5492","2639","5407","4263","2991","3768","2805","1314","2664","2073","1421","1574","2687","1325","2743","2190","1570","2194","9301","9202","99"
"20193","11350710","상계9동","22334","10748","11586","4202","2831","3152","3932","3649","4568","2214","1480","1571","1805","1696","1982","1988","1351","1581","2127","1953","2586","8492","8383","109"
"20193","11350720","상계10동","16973","7868","9105","2827","2462","2728","2830","2859","3267","1406","1188","1321","1254","1320","1379","1421","1274","1407","1576","1539","1888","6644","6174","470"
"20193","11380510","녹번동","33074","15960","17114","4601","4315","5220","5262","5442","8234","2319","2099","2671","2647","2610","3614","2282","2216","2549","2615","2832","4620","14948","1934","13014"
"20193","11380520","불광1동","30158","14428","15730","4605","3854","4436","4955","4975","7333","2384","1936","2144","2430","2341","3193","2221","1918","2292","2525","2634","4140","12726","5605","7121"
"20193","11380530","불광2동","40702","19707","20995","5110","5966","6064","6184","7000","10378","2629","2984","3176","3072","3265","4581","2481","2982","2888","3112","3735","5797","18585","1306","17279"
"20193","11380551","갈현1동","24539","11953","12586","3238","3772","3487","3785","4241","6016","1684","1944","1795","1844","1984","2702","1554","1828","1692","1941","2257","3314","11002","619","10383"
"20193","11380552","갈현2동","30015","14355","15660","4778","4336","4509","5016","4909","6467","2427","2073","2292","2378","2309","2876","2351","2263","2217","2638","2600","3591","12441","546","11895"
"20193","11380560","구산동","33506","16759","16747","5283","4493","4537","5459","5700","8034","2618","2238","2330","2726","2863","3984","2665","2255","2207","2733","2837","4050","12765","1469","11296"
"20193","11380570","대조동","32294","15263","17031","4082","5107","5325","5076","5078","7626","1985","2368","2671","2506","2430","3303","2097","2739","2654","2570","2648","4323","15670","781","14889"
"20193","11380580","응암1동","25774","12402","13372","4545","3286","4010","4473","3841","5619","2404","1564","1958","2220","1848","2408","2141","1722","2052","2253","1993","3211","11174","1522","9652"
"20193","11380590","응암2동","12726","6188","6538","2801","1271","2208","2519","1707","2220","1463","661","1016","1294","815","939","1338","610","1192","1225","892","1281","4908","3063","1845"
"20193","11380600","응암3동","33734","16616","17118","4473","4450","4865","5306","5558","9082","2358","2325","2562","2698","2777","3896","2115","2125","2303","2608","2781","5186","15568","795","14773"
"20193","11380625","역촌동","49049","23410","25639","7656","6634","7858","8171","7868","10862","3850","3227","3856","4065","3675","4737","3806","3407","4002","4106","4193","6125","20638","786","19852"
"20193","11380631","신사1동","28561","13865","14696","4296","3969","4534","4588","4655","6519","2203","2030","2305","2256","2193","2878","2093","1939","2229","2332","2462","3641","11595","1716","9879"
"20193","11380632","신사2동","21778","10906","10872","3324","2972","3129","3480","3739","5134","1784","1577","1653","1739","1797","2356","1540","1395","1476","1741","1942","2778","9023","1577","7446"
"20193","11380640","증산동","16950","8381","8569","2388","2268","2307","2625","2956","4406","1234","1182","1162","1312","1453","2038","1154","1086","1145","1313","1503","2368","7099","1395","5704"
"20193","11380650","수색동","10901","5478","5423","1355","1433","1483","1540","1987","3103","720","775","775","815","1017","1376","635","658","708","725","970","1727","4762","1414","3348"
"20193","11380690","진관동","60227","28431","31796","13709","6835","7914","11961","8395","11413","7005","3049","3486","5823","4070","4998","6704","3786","4428","6138","4325","6415","21848","0","21848"
"20193","11410520","천연동","18579","8874","9705","3112","2322","2637","3194","2986","4328","1543","1186","1287","1593","1466","1799","1569","1136","1350","1601","1520","2529","8190","3089","5101"
"20193","11410555","북아현동","17313","8255","9058","2652","2637","3084","2798","2871","3271","1327","1197","1526","1376","1420","1409","1325","1440","1558","1422","1451","1862","7501","1646","5855"
"20193","11410565","충현동","18076","8827","9249","2169","2822","2620","2778","3166","4521","1117","1419","1315","1399","1565","2012","1052","1403","1305","1379","1601","2509","8828","852","7976"
"20193","11410585","신촌동","18596","8513","10083","1941","6314","3337","2057","2013","2934","1017","2568","1660","1005","985","1278","924","3746","1677","1052","1028","1656","11914","1065","10849"
"20193","11410615","연희동","37208","18061","19147","4721","7095","5872","5652","5457","8411","2411","3713","2906","2734","2613","3684","2310","3382","2966","2918","2844","4727","18514","2505","16009"
"20193","11410620","홍제1동","22728","10701","12027","3470","2911","3229","3735","3657","5726","1716","1436","1589","1790","1669","2501","1754","1475","1640","1945","1988","3225","9452","3069","6383"
"20193","11410640","홍제3동","16394","7947","8447","2217","2197","2025","2515","2824","4616","1133","1082","1070","1257","1413","1992","1084","1115","955","1258","1411","2624","7057","2117","4940"
"20193","11410655","홍제2동","14603","6987","7616","2195","1896","1996","2278","2643","3595","1143","955","966","1093","1270","1560","1052","941","1030","1185","1373","2035","5777","3982","1795"
"20193","11410660","홍은1동","22150","10791","11359","3220","2926","2708","3391","3956","5949","1643","1483","1396","1673","1978","2618","1577","1443","1312","1718","1978","3331","9183","3554","5629"
"20193","11410685","홍은2동","30505","14905","15600","4611","4460","4141","5016","5119","7158","2375","2286","2136","2479","2467","3162","2236","2174","2005","2537","2652","3996","13008","1832","11176"
"20193","11410690","남가좌1동","17458","8431","9027","3917","1916","2838","3306","2388","3093","1951","936","1274","1719","1185","1366","1966","980","1564","1587","1203","1727","6261","5374","887"
"20193","11410700","남가좌2동","22200","10758","11442","3394","3392","3158","3558","3449","5249","1717","1687","1573","1785","1685","2311","1677","1705","1585","1773","1764","2938","9995","2997","6998"
"20193","11410710","북가좌1동","17519","8499","9020","3302","2093","2498","3090","2777","3759","1726","1037","1165","1570","1338","1663","1576","1056","1333","1520","1439","2096","6421","3884","2537"
"20193","11410720","북가좌2동","34947","17070","17877","5007","5007","4911","5656","5873","8493","2559","2608","2482","2810","2804","3807","2448","2399","2429","2846","3069","4686","15183","2288","12895"
"20193","11440555","아현동","27361","12948","14413","4687","3600","5718","4335","4300","4721","2230","1645","2718","2161","2098","2096","2457","1955","3000","2174","2202","2625","11321","7517","3804"
"20193","11440565","공덕동","38196","18155","20041","5026","6138","6478","5941","6517","8096","2501","2836","3215","2930","3168","3505","2525","3302","3263","3011","3349","4591","17548","5009","12539"
"20193","11440585","도화동","22308","10656","11652","3397","3067","3841","3499","3518","4986","1795","1447","1842","1682","1695","2195","1602","1620","1999","1817","1823","2791","9515","4324","5191"
"20193","11440590","용강동","19994","9534","10460","3834","2296","3609","3947","2804","3504","1882","1071","1740","1939","1394","1508","1952","1225","1869","2008","1410","1996","8414","4576","3838"
"20193","11440600","대흥동","11771","5764","6007","1151","2785","1878","1747","1657","2553","617","1308","940","920","902","1077","534","1477","938","827","755","1476","7154","466","6688"
"20193","11440610","염리동","12941","6275","6666","2296","1799","1871","2388","1871","2716","1148","898","907","1221","931","1170","1148","901","964","1167","940","1546","5832","1490","4342"
"20193","11440630","신수동","21166","10360","10806","3510","3108","3458","3725","3117","4248","1834","1613","1689","1790","1554","1880","1676","1495","1769","1935","1563","2368","9127","3273","5854"
"20193","11440655","서강동","24950","11907","13043","3826","4540","4442","4219","3648","4275","1941","2198","2061","2019","1784","1904","1885","2342","2381","2200","1864","2371","11486","2462","9024"
"20193","11440660","서교동","22863","10637","12226","2198","4889","5144","3595","2736","4301","1130","2177","2386","1754","1297","1893","1068","2712","2758","1841","1439","2408","13283","473","12810"
"20193","11440680","합정동","18246","8561","9685","2451","3313","3918","2574","2415","3575","1282","1467","1866","1283","1126","1537","1169","1846","2052","1291","1289","2038","9048","686","8362"
"20193","11440690","망원1동","21500","10241","11259","2819","3380","4121","3490","3123","4567","1426","1605","1987","1743","1527","1953","1393","1775","2134","1747","1596","2614","10410","931","9479"
"20193","11440700","망원2동","19446","9323","10123","3236","2663","3250","3467","2808","4022","1624","1269","1552","1733","1388","1757","1612","1394","1698","1734","1420","2265","8224","1944","6280"
"20193","11440710","연남동","16363","7664","8699","1732","3203","3390","2501","2172","3365","875","1469","1600","1247","1025","1448","857","1734","1790","1254","1147","1917","8708","816","7892"
"20193","11440720","성산1동","19818","9407","10411","2795","3025","3638","3589","2790","3981","1421","1459","1778","1684","1327","1738","1374","1566","1860","1905","1463","2243","9178","352","8826"
"20193","11440730","성산2동","41252","19297","21955","7033","6363","6991","7247","5629","7989","3593","2819","3322","3498","2756","3309","3440","3544","3669","3749","2873","4680","18209","5198","13011"
"20193","11440740","상암동","32937","15820","17117","7770","4152","4570","6821","4284","5340","3970","1885","2086","3387","2155","2337","3800","2267","2484","3434","2129","3003","12772","6827","5945"
"20193","11470510","목1동","29306","14092","15214","7308","3532","3263","6396","4680","4127","3678","1750","1400","2938","2404","1922","3630","1782","1863","3458","2276","2205","9621","5391","4230"
"20193","11470520","목2동","31169","15295","15874","4899","4971","5780","4759","5043","5717","2563","2478","2956","2277","2405","2616","2336","2493","2824","2482","2638","3101","12765","2246","10519"
"20193","11470530","목3동","22924","11053","11871","3247","3669","4284","3370","3831","4523","1758","1835","2147","1581","1745","1987","1489","1834","2137","1789","2086","2536","9749","2462","7287"
"20193","11470540","목4동","27003","13305","13698","5487","4159","3156","5078","4767","4356","2933","2208","1541","2282","2405","1936","2554","1951","1615","2796","2362","2420","10046","1686","8360"
"20193","11470550","목5동","43329","21400","21929","11454","5043","4364","9512","6855","6101","6153","2616","1895","4257","3553","2926","5301","2427","2469","5255","3302","3175","13555","11578","1977"
"20193","11470560","신월1동","21902","11246","10656","2811","2891","3106","3444","4161","5489","1452","1545","1686","1812","2171","2580","1359","1346","1420","1632","1990","2909","10047","913","9134"
"20193","11470570","신월2동","22315","10955","11360","3642","2829","3525","3434","3583","5302","1824","1477","1814","1706","1701","2433","1818","1352","1711","1728","1882","2869","8566","3167","5399"
"20193","11470580","신월3동","15930","8434","7496","2052","2127","2039","2463","3186","4063","1079","1130","1144","1376","1730","1975","973","997","895","1087","1456","2088","7930","625","7305"
"20193","11470590","신월4동","19243","9487","9756","3623","2240","2921","3156","3078","4225","1886","1155","1428","1582","1507","1929","1737","1085","1493","1574","1571","2296","6882","2814","4068"
"20193","11470600","신월5동","16601","8241","8360","2906","2387","2658","2542","2807","3301","1487","1223","1381","1255","1350","1545","1419","1164","1277","1287","1457","1756","6680","1072","5608"
"20193","11470610","신월6동","6772","3366","3406","1171","831","879","1082","1193","1616","596","447","473","541","560","749","575","384","406","541","633","867","2551","1324","1227"
"20193","11470611","신월7동","25426","12506","12920","4102","3211","3546","4039","4242","6286","2067","1702","1832","2076","2042","2787","2035","1509","1714","1963","2200","3499","10203","3340","6863"
"20193","11470620","신정1동","21399","10469","10930","5062","2642","2357","4209","3551","3578","2613","1356","1049","1954","1855","1642","2449","1286","1308","2255","1696","1936","7194","5434","1760"
"20193","11470630","신정2동","20930","10253","10677","4538","2938","2023","4060","3764","3607","2321","1508","936","1886","1949","1653","2217","1430","1087","2174","1815","1954","7193","3393","3800"
"20193","11470640","신정3동","45194","22200","22994","9215","5568","6157","8151","7480","8623","4762","2895","3005","3987","3653","3898","4453","2673","3152","4164","3827","4725","16681","8696","7985"
"20193","11470650","신정4동","35400","17420","17980","4837","5357","5999","5549","5836","7822","2500","2636","3082","2794","2781","3627","2337","2721","2917","2755","3055","4195","15934","1293","14641"
"20193","11470670","신정6동","25020","12214","12806","5879","3353","2878","4908","4316","3686","3050","1744","1278","2203","2183","1756","2829","1609","1600","2705","2133","1930","8026","6990","1036"
"20193","11470680","신정7동","30082","14634","15448","5566","4005","3393","5272","5441","6405","2911","2088","1633","2502","2727","2773","2655","1917","1760","2770","2714","3632","11213","9341","1872"
"20193","11500510","염창동","40412","19802","20610","8815","5259","6872","7566","5987","5913","4508","2551","3280","3736","2944","2783","4307","2708","3592","3830","3043","3130","14337","9232","5105"
"20193","11500520","등촌1동","22503","10626","11877","2899","4400","5303","3205","3047","3649","1575","1770","2588","1584","1464","1645","1324","2630","2715","1621","1583","2004","11434","3007","8427"
"20193","11500530","등촌2동","22020","10949","11071","3436","3442","3836","3218","3702","4386","1855","1802","1951","1537","1758","2046","1581","1640","1885","1681","1944","2340","8573","2372","6201"
"20193","11500535","등촌3동","33006","15805","17201","4576","4684","4870","4456","5969","8451","2376","2457","2506","2085","2809","3572","2200","2227","2364","2371","3160","4879","14652","11714","2938"
"20193","11500540","화곡1동","53344","26283","27061","6276","8540","11627","7632","7980","11289","3183","4072","6176","4003","3718","5131","3093","4468","5451","3629","4262","6158","25572","3085","22487"
"20193","11500550","화곡2동","19667","9563","10104","3266","2608","3552","3414","2898","3929","1657","1291","1834","1708","1332","1741","1609","1317","1718","1706","1566","2188","8217","332","7885"
"20193","11500560","화곡3동","22476","10846","11630","3292","3270","3549","3325","3648","5392","1674","1569","1780","1609","1708","2506","1618","1701","1769","1716","1940","2886","9215","3670","5545"
"20193","11500570","화곡4동","22382","11023","11359","3060","3054","3950","3506","3726","5086","1580","1608","2047","1760","1756","2272","1480","1446","1903","1746","1970","2814","9738","687","9051"
"20193","11500590","화곡본동","35990","17592","18398","5666","5402","7120","6025","5074","6703","2941","2593","3744","3060","2319","2935","2725","2809","3376","2965","2755","3768","16201","842","15359"
"20193","11500591","화곡6동","24482","12114","12368","3396","3759","4085","3751","4118","5373","1799","1912","2105","1871","1939","2488","1597","1847","1980","1880","2179","2885","10817","2292","8525"
"20193","11500593","화곡8동","26384","12763","13621","3636","3784","4975","4149","3986","5854","1842","1853","2579","2105","1790","2594","1794","1931","2396","2044","2196","3260","11564","682","10882"
"20193","11500603","가양1동","38818","18417","20401","5765","8365","8693","5670","5173","5152","2932","3181","4403","2964","2459","2478","2833","5184","4290","2706","2714","2674","19793","7437","12356"
"20193","11500604","가양2동","15847","7543","8304","1197","2187","2791","1584","2810","5278","610","1024","1470","818","1277","2344","587","1163","1321","766","1533","2934","8104","6870","1234"
"20193","11500605","가양3동","16410","7761","8649","1704","2130","3291","2060","2621","4604","856","1068","1712","1077","1217","1831","848","1062","1579","983","1404","2773","7880","7145","735"
"20193","11500611","발산1동","38376","18359","20017","9284","4663","5059","7558","5669","6143","4608","2327","2381","3641","2761","2641","4676","2336","2678","3917","2908","3502","13289","6446","6843"
"20193","11500615","우장산동","45883","22046","23837","10071","5478","6711","8914","6701","8008","4967","2705","3150","4214","3312","3698","5104","2773","3561","4700","3389","4310","16473","8581","7892"
"20193","11500620","공항동","31315","15745","15570","5752","4282","6308","4882","4342","5749","2936","2131","3241","2627","2117","2693","2816","2151","3067","2255","2225","3056","13702","883","12819"
"20193","11500630","방화1동","36180","17757","18423","6613","4621","5850","5968","5559","7569","3367","2233","2918","3072","2664","3503","3246","2388","2932","2896","2895","4066","14362","2484","11878"
"20193","11500640","방화2동","23912","11863","12049","3031","3514","3773","3382","3912","6300","1595","1711","2034","1819","1911","2793","1436","1803","1739","1563","2001","3507","11321","2696","8625"
"20193","11500641","방화3동","24727","11969","12758","3360","2981","4183","3678","3969","6556","1687","1496","2180","1867","1892","2847","1673","1485","2003","1811","2077","3709","11206","8430","2776"
"20193","11530510","신도림동","35097","17194","17903","7256","4200","6203","6225","4981","6232","3682","2069","2950","3068","2464","2961","3574","2131","3253","3157","2517","3271","12422","7866","4556"
"20193","11530520","구로1동","21555","10650","10905","4334","2698","4088","3711","3124","3600","2260","1379","2016","1844","1480","1671","2074","1319","2072","1867","1644","1929","7862","7242","620"
"20193","11530530","구로2동","26036","13172","12864","2913","3413","3173","4169","4967","7401","1505","1771","1729","2205","2606","3356","1408","1642","1444","1964","2361","4045","12799","1226","11573"
"20193","11530540","구로3동","24901","12591","12310","3215","4498","5671","4087","3038","4392","1660","2137","3029","2265","1513","1987","1555","2361","2642","1822","1525","2405","13378","3210","10168"
"20193","11530550","구로4동","21594","10644","10950","2457","2972","3387","3356","3712","5710","1267","1459","1764","1753","1827","2574","1190","1513","1623","1603","1885","3136","10594","2665","7929"
"20193","11530560","구로5동","30564","14791","15773","4125","5060","5884","4504","4751","6240","2055","2251","2921","2306","2338","2920","2070","2809","2963","2198","2413","3320","14407","2431","11976"
"20193","11530595","가리봉동","9769","5316","4453","741","1247","1188","1553","2149","2891","385","665","680","886","1305","1395","356","582","508","667","844","1496","5864","123","5741"
"20193","11530720","고척1동","23768","11893","11875","3852","3267","3195","3797","4015","5642","1978","1709","1645","1935","1966","2660","1874","1558","1550","1862","2049","2982","9309","5261","4048"
"20193","11530730","고척2동","28992","14464","14528","4836","3841","3877","4816","5042","6580","2483","1996","1927","2455","2530","3073","2353","1845","1950","2361","2512","3507","11692","3265","8427"
"20193","11530740","개봉1동","33152","16627","16525","5089","4254","4785","5174","5647","8203","2559","2209","2449","2728","2799","3883","2530","2045","2336","2446","2848","4320","13802","4816","8986"
"20193","11530750","개봉2동","32308","15782","16526","5218","3881","5270","4873","5036","8030","2640","1980","2612","2489","2298","3763","2578","1901","2658","2384","2738","4267","12346","5053","7293"
"20193","11530760","개봉3동","22528","11072","11456","3472","2902","3531","3562","3642","5419","1750","1501","1813","1798","1706","2504","1722","1401","1718","1764","1936","2915","9054","2746","6308"
"20193","11530770","오류1동","22110","10869","11241","2754","3576","4395","3130","3139","5116","1385","1610","2306","1681","1501","2386","1369","1966","2089","1449","1638","2730","10565","2029","8536"
"20193","11530780","오류2동","44314","21600","22714","8891","5434","6661","7477","6299","9552","4566","2682","3274","3810","2959","4309","4325","2752","3387","3667","3340","5243","16834","3650","13184"
"20193","11530790","수궁동","25043","12481","12562","4177","3183","3724","4133","4086","5740","2250","1655","1885","2081","1952","2658","1927","1528","1839","2052","2134","3082","9780","1149","8631"
"20193","11545510","가산동","20231","11184","9047","1623","4944","4582","2627","2992","3463","808","2451","2792","1641","1700","1792","815","2493","1790","986","1292","1671","12909","1749","11160"
"20193","11545610","독산1동","37109","19302","17807","5133","6198","7320","5484","5764","7210","2651","3254","4090","3005","2903","3399","2482","2944","3230","2479","2861","3811","17533","6908","10625"
"20193","11545620","독산2동","20189","10276","9913","2596","2940","2784","3017","4177","4675","1342","1570","1504","1527","2129","2204","1254","1370","1280","1490","2048","2471","9336","223","9113"
"20193","11545630","독산3동","25830","13076","12754","2984","3799","3808","3868","5155","6216","1533","1950","2113","1969","2590","2921","1451","1849","1695","1899","2565","3295","12267","1010","11257"
"20193","11545640","독산4동","16538","8357","8181","2052","2371","2144","2588","3458","3925","1034","1240","1171","1282","1765","1865","1018","1131","973","1306","1693","2060","7625","130","7495"
"20193","11545670","시흥1동","34010","17053","16957","4859","4672","5121","5264","6158","7936","2586","2454","2699","2658","3029","3627","2273","2218","2422","2606","3129","4309","15162","4140","11022"
"20193","11545680","시흥2동","23016","11227","11789","4171","2752","2839","3851","3984","5419","2072","1461","1396","1874","1917","2507","2099","1291","1443","1977","2067","2912","8458","7357","1101"
"20193","11545690","시흥3동","11348","5692","5656","1472","1512","1592","1636","2100","3036","733","784","873","858","1026","1418","739","728","719","778","1074","1618","4614","310","4304"
"20193","11545700","시흥4동","23533","11649","11884","3365","3235","3091","3633","4442","5767","1661","1696","1630","1799","2184","2679","1704","1539","1461","1834","2258","3088","9845","1854","7991"
"20193","11545710","시흥5동","18937","9509","9428","2560","2495","2278","3000","3434","5170","1322","1325","1238","1573","1758","2293","1238","1170","1040","1427","1676","2877","8558","1558","7000"
"20193","11560515","영등포본동","22164","11272","10892","3169","2915","3460","3482","3718","5420","1654","1515","1805","1808","1923","2567","1515","1400","1655","1674","1795","2853","10040","3007","7033"
"20193","11560535","영등포동","25010","13814","11196","2216","5094","5799","3344","3648","4909","1147","2297","3287","2042","2333","2708","1069","2797","2512","1302","1315","2201","15966","1739","14227"
"20193","11560540","여의동","33055","15626","17429","5881","3843","5164","5380","4912","7875","2965","1834","2337","2580","2337","3573","2916","2009","2827","2800","2575","4302","12681","8923","3758"
"20193","11560550","당산1동","20849","10273","10576","2532","3318","4269","3102","3072","4556","1266","1587","2204","1607","1517","2092","1266","1731","2065","1495","1555","2464","10232","3112","7120"
"20193","11560560","당산2동","35003","16450","18553","4891","6927","7681","4839","4599","6066","2468","2868","3722","2392","2189","2811","2423","4059","3959","2447","2410","3255","16778","6152","10626"
"20193","11560585","도림동","18590","9400","9190","2232","2684","3364","2900","3137","4273","1182","1345","1738","1578","1610","1947","1050","1339","1626","1322","1527","2326","8948","703","8245"
"20193","11560605","문래동","31870","15761","16109","6343","3535","6116","5571","4073","6232","3308","1684","2937","2872","2027","2933","3035","1851","3179","2699","2046","3299","12338","5758","6580"
"20193","11560610","양평1동","17462","8705","8757","2509","2474","4234","2766","2165","3314","1289","1164","2221","1501","1089","1441","1220","1310","2013","1265","1076","1873","8505","2288","6217"
"20193","11560620","양평2동","22624","11304","11320","3715","3670","4971","3627","3059","3582","1933","1684","2598","1849","1578","1662","1782","1986","2373","1778","1481","1920","9930","4227","5703"
"20193","11560630","신길1동","17494","8859","8635","1789","3015","2999","2609","2768","4314","913","1517","1704","1388","1425","1912","876","1498","1295","1221","1343","2402","9663","1068","8595"
"20193","11560650","신길3동","15619","7778","7841","2215","2024","2081","2477","2830","3992","1157","1047","1080","1277","1411","1806","1058","977","1001","1200","1419","2186","6881","2154","4727"
"20193","11560660","신길4동","9367","4697","4670","1092","1368","1122","1394","1800","2591","584","707","627","710","893","1176","508","661","495","684","907","1415","4315","857","3458"
"20193","11560670","신길5동","10232","4951","5281","1340","1311","1321","1591","1927","2742","667","677","686","784","920","1217","673","634","635","807","1007","1525","4574","703","3871"
"20193","11560680","신길6동","18542","9212","9330","2461","2917","3036","2672","3081","4375","1321","1477","1567","1342","1508","1997","1140","1440","1469","1330","1573","2378","8273","1885","6388"
"20193","11560690","신길7동","15788","7897","7891","3032","2269","2643","2727","2415","2702","1655","1139","1312","1344","1203","1244","1377","1130","1331","1383","1212","1458","6129","2187","3942"
"20193","11560700","대림1동","13380","6730","6650","1558","1997","1651","2024","2434","3716","832","1035","927","1016","1234","1686","726","962","724","1008","1200","2030","6418","1313","5105"
"20193","11560710","대림2동","12642","6173","6469","1358","1660","1745","1914","2314","3651","680","854","931","941","1142","1625","678","806","814","973","1172","2026","6426","164","6262"
"20193","11560720","대림3동","23860","12068","11792","3194","3246","3560","3681","4427","5752","1697","1681","1928","1869","2215","2678","1497","1565","1632","1812","2212","3074","10371","3228","7143"
"20193","11590510","노량진1동","32311","16041","16270","4442","5478","5345","4534","4952","7560","2281","2894","2868","2318","2342","3338","2161","2584","2477","2216","2610","4222","14776","6044","8732"
"20193","11590520","노량진2동","14559","7428","7131","1398","2512","2247","1945","2638","3819","710","1363","1271","1057","1304","1723","688","1149","976","888","1334","2096","7663","333","7330"
"20193","11590530","상도1동","46609","22780","23829","7062","9446","7373","7012","6379","9337","3606","4934","3605","3525","2935","4175","3456","4512","3768","3487","3444","5162","21153","6562","14591"
"20193","11590540","상도2동","25629","12348","13281","4035","3954","4475","4124","3652","5389","2030","1906","2178","2053","1780","2401","2005","2048","2297","2071","1872","2988","11336","3051","8285"
"20193","11590550","상도3동","25778","12411","13367","3447","4163","4567","3950","3954","5697","1764","1960","2346","1960","1873","2508","1683","2203","2221","1990","2081","3189","11617","654","10963"
"20193","11590560","상도4동","29601","14588","15013","4147","4451","5246","4618","4588","6551","2182","2281","2736","2365","2152","2872","1965","2170","2510","2253","2436","3679","13034","251","12783"
"20193","11590605","흑석동","29303","14339","14964","4209","4694","4304","4426","4615","7055","2158","2507","2173","2245","2232","3024","2051","2187","2131","2181","2383","4031","12844","3938","8906"
"20193","11590620","사당1동","22934","10986","11948","2030","4873","4910","2935","3239","4947","1066","2182","2513","1502","1451","2272","964","2691","2397","1433","1788","2675","12430","223","12207"
"20193","11590630","사당2동","28261","13680","14581","3840","3892","4984","4262","4343","6940","2028","1899","2476","2117","2003","3157","1812","1993","2508","2145","2340","3783","11934","6109","5825"
"20193","11590640","사당3동","24369","11857","12512","3630","3475","4045","3664","3773","5782","1894","1655","1977","1865","1786","2680","1736","1820","2068","1799","1987","3102","9990","4440","5550"
"20193","11590650","사당4동","14675","7047","7628","1708","2509","2678","2173","2211","3396","853","1204","1397","1090","1039","1464","855","1305","1281","1083","1172","1932","6784","576","6208"
"20193","11590651","사당5동","12764","6224","6540","1871","1957","2266","1999","1943","2728","988","962","1155","1004","893","1222","883","995","1111","995","1050","1506","5615","1337","4278"
"20193","11590660","대방동","40019","19092","20927","7279","6435","5871","7227","5803","7404","3655","3011","2878","3504","2901","3143","3624","3424","2993","3723","2902","4261","16881","5215","11666"
"20193","11590670","신대방1동","24303","11749","12554","4573","3225","3363","4435","3729","4978","2285","1552","1637","2143","1863","2269","2288","1673","1726","2292","1866","2709","9835","3772","6063"
"20193","11590680","신대방2동","21504","10362","11142","3761","3331","3721","3643","2847","4201","1908","1550","1771","1805","1405","1923","1853","1781","1950","1838","1442","2278","9409","2061","7348"
"20193","11620525","보라매동","24517","12038","12479","3068","4305","4362","3503","3615","5664","1606","2134","2315","1783","1696","2504","1462","2171","2047","1720","1919","3160","11704","1105","10599"
"20193","11620545","청림동","17506","8600","8906","3053","2068","3190","2842","2497","3856","1578","1080","1598","1459","1206","1679","1475","988","1592","1383","1291","2177","7013","3751","3262"
"20193","11620565","성현동","32985","16039","16946","5878","4106","4594","5852","5038","7517","3073","2035","2275","2964","2413","3279","2805","2071","2319","2888","2625","4238","13025","2229","10796"
"20193","11620575","행운동","29938","14596","15342","2986","7300","6297","3838","3752","5765","1535","3355","3284","2004","1823","2595","1451","3945","3013","1834","1929","3170","16788","1736","15052"
"20193","11620585","낙성대동","16263","8049","8214","1617","4858","3520","1993","1635","2640","786","2292","1930","1048","800","1193","831","2566","1590","945","835","1447","10081","502","9579"
"20193","11620595","청룡동","28476","13809","14667","2566","8635","5540","3447","3161","5127","1264","3839","2922","1845","1571","2368","1302","4796","2618","1602","1590","2759","18075","1080","16995"
"20193","11620605","은천동","35210","17426","17784","5434","5203","6093","5655","5115","7710","2837","2599","3107","2986","2409","3488","2597","2604","2986","2669","2706","4222","15559","5765","9794"
"20193","11620615","중앙동","15288","7333","7955","1250","4085","3003","1827","1975","3148","648","1766","1570","967","989","1393","602","2319","1433","860","986","1755","8948","570","8378"
"20193","11620625","인헌동","27008","13199","13809","3312","5569","5361","3981","3601","5184","1695","2666","2828","2008","1723","2279","1617","2903","2533","1973","1878","2905","13867","1052","12815"
"20193","11620630","남현동","18822","9028","9794","2190","3829","4029","2478","2661","3635","1086","1718","2090","1245","1195","1694","1104","2111","1939","1233","1466","1941","9143","1295","7848"
"20193","11620645","서원동","22904","11739","11165","1871","5884","4769","2919","3037","4424","979","3018","2740","1579","1403","2020","892","2866","2029","1340","1634","2404","13146","410","12736"
"20193","11620655","신원동","18767","9367","9400","1794","4130","3502","2556","2555","4230","890","2135","1958","1358","1186","1840","904","1995","1544","1198","1369","2390","10275","799","9476"
"20193","11620665","서림동","24291","13452","10839","2324","5800","4907","3334","3234","4692","1221","3342","3067","1987","1674","2161","1103","2458","1840","1347","1560","2531","14167","1904","12263"
"20193","11620685","신사동","23104","11608","11496","2404","5135","4312","3348","3375","4530","1287","2458","2396","1726","1662","2079","1117","2677","1916","1622","1713","2451","12874","46","12828"
"20193","11620695","신림동","21314","10776","10538","1048","7775","5698","2409","1760","2624","520","3575","3156","1409","901","1215","528","4200","2542","1000","859","1409","16028","254","15774"
"20193","11620715","난향동","16589","8251","8338","3053","1810","2270","3212","2564","3680","1566","970","1129","1648","1273","1665","1487","840","1141","1564","1291","2015","6475","358","6117"
"20193","11620725","조원동","17651","8960","8691","1792","3648","3489","2434","2564","3724","925","1648","1951","1333","1333","1770","867","2000","1538","1101","1231","1954","10020","934","9086"
"20193","11620735","대학동","23860","14328","9532","1984","6475","4860","3628","3062","3851","1017","3962","3226","2448","1831","1844","967","2513","1634","1180","1231","2007","15638","1500","14138"
"20193","11620745","삼성동","27742","14088","13654","3597","3449","3374","4434","5028","7860","1984","1843","1857","2410","2526","3468","1613","1606","1517","2024","2502","4392","12186","4536","7650"
"20193","11620765","미성동","31960","15715","16245","4601","4915","4756","4962","5265","7461","2312","2446","2476","2511","2519","3451","2289","2469","2280","2451","2746","4010","13829","2729","11100"
"20193","11620775","난곡동","28894","14590","14304","3944","4204","4052","4426","5250","7018","2049","2215","2210","2314","2572","3230","1895","1989","1842","2112","2678","3788","12722","809","11913"
"20193","11650510","서초1동","21345","10335","11010","3679","2986","3825","3848","2934","4073","1902","1495","1747","1884","1412","1895","1777","1491","2078","1964","1522","2178","9226","3169","6057"
"20193","11650520","서초2동","17884","8528","9356","3183","2540","3631","3217","2313","3000","1623","1158","1667","1544","1130","1406","1560","1382","1964","1673","1183","1594","7901","2439","5462"
"20193","11650530","서초3동","31499","15533","15966","4966","4927","4928","5127","5127","6424","2766","2483","2342","2410","2476","3056","2200","2444","2586","2717","2651","3368","13191","1308","11883"
"20193","11650531","서초4동","31362","15159","16203","7304","3717","4097","6458","4384","5402","3778","1788","1762","3002","2278","2551","3526","1929","2335","3456","2106","2851","10962","7686","3276"
"20193","11650540","잠원동","34132","16266","17866","6763","4430","5483","6805","5144","5507","3503","2160","2487","3104","2560","2452","3260","2270","2996","3701","2584","3055","13772","8416","5356"
"20193","11650550","반포본동","12542","5942","6600","2886","1485","975","2773","1963","2460","1464","729","420","1172","1034","1123","1422","756","555","1601","929","1337","4224","3715","509"
"20193","11650560","반포1동","29570","14226","15344","5895","4142","5446","5992","3639","4456","2981","1897","2427","3045","1857","2019","2914","2245","3019","2947","1782","2437","13296","3238","10058"
"20193","11650570","반포2동","18121","8662","9459","5096","1705","2089","4126","2256","2849","2621","829","833","1958","1157","1264","2475","876","1256","2168","1099","1585","5845","3317","2528"
"20193","11650580","반포3동","19502","9269","10233","4486","2162","2513","4226","2784","3331","2302","1089","1082","1964","1383","1449","2184","1073","1431","2262","1401","1882","6775","5279","1496"
"20193","11650581","반포4동","19586","9244","10342","4001","2461","2997","3563","2797","3767","2086","1199","1310","1602","1338","1709","1915","1262","1687","1961","1459","2058","7249","2511","4738"
"20193","11650590","방배본동","21469","9977","11492","4562","2709","2687","4159","3347","4005","2174","1294","1167","1863","1669","1810","2388","1415","1520","2296","1678","2195","7876","1922","5954"
"20193","11650600","방배1동","17427","8167","9260","2652","2605","3242","2854","2437","3637","1393","1208","1488","1320","1109","1649","1259","1397","1754","1534","1328","1988","7515","538","6977"
"20193","11650610","방배2동","23856","11328","12528","3514","3525","3777","3602","3805","5633","1817","1697","1795","1715","1725","2579","1697","1828","1982","1887","2080","3054","9979","1690","8289"
"20193","11650620","방배3동","21855","10534","11321","3467","3092","3032","3397","3673","5194","1741","1606","1468","1567","1696","2456","1726","1486","1564","1830","1977","2738","8310","3744","4566"
"20193","11650621","방배4동","24237","11184","13053","4586","3292","3821","4480","3533","4525","2180","1470","1708","2055","1718","2053","2406","1822","2113","2425","1815","2472","9753","448","9305"
"20193","11650651","양재1동","46317","22185","24132","9279","5710","7960","7923","6399","9046","4748","2820","3740","3943","2977","3957","4531","2890","4220","3980","3422","5089","18290","9829","8461"
"20193","11650652","양재2동","23729","11909","11820","3532","3530","5027","4068","3465","4107","1827","1794","2601","2101","1694","1892","1705","1736","2426","1967","1771","2215","11010","239","10771"
"20193","11650660","내곡동","18662","9125","9537","3716","2035","3281","2926","2496","4208","1880","1072","1534","1518","1146","1975","1836","963","1747","1408","1350","2233","7202","370","6832"
"20193","11680510","신사동","17604","8196","9408","2923","2428","2758","3251","2426","3818","1509","1108","1194","1497","1177","1711","1414","1320","1564","1754","1249","2107","7548","3251","4297"
"20193","11680521","논현1동","23606","10939","12667","1893","4658","6257","3836","2882","4080","944","2046","2872","1893","1364","1820","949","2612","3385","1943","1518","2260","14198","774","13424"
"20193","11680531","논현2동","21644","10162","11482","2687","3428","4836","3770","2763","4160","1413","1545","2162","1868","1318","1856","1274","1883","2674","1902","1445","2304","11108","2044","9064"
"20193","11680545","압구정동","27957","12883","15074","5418","3301","3879","5160","3808","6391","2614","1557","1654","2403","1804","2851","2804","1744","2225","2757","2004","3540","10706","7821","2885"
"20193","11680565","청담동","30014","14104","15910","5123","4207","5080","5286","4450","5868","2705","1995","2187","2467","2082","2668","2418","2212","2893","2819","2368","3200","12328","4182","8146"
"20193","11680580","삼성1동","15114","7541","7573","2559","2213","2312","2597","2429","3004","1487","1175","1098","1199","1165","1417","1072","1038","1214","1398","1264","1587","5987","1826","4161"
"20193","11680590","삼성2동","30160","14361","15799","6020","3927","5546","6369","3785","4513","3275","1903","2301","2960","1922","2000","2745","2024","3245","3409","1863","2513","13173","5084","8089"
"20193","11680600","대치1동","25583","12841","12742","7660","2790","1848","6255","3788","3242","4258","1418","731","2763","2110","1561","3402","1372","1117","3492","1678","1681","7470","5895","1575"
"20193","11680610","대치2동","40569","20617","19952","8925","5976","3763","7867","7343","6695","5200","3234","1739","3383","3809","3252","3725","2742","2024","4484","3534","3443","13485","7336","6149"
"20193","11680630","대치4동","21068","9988","11080","3609","3592","3624","4342","3161","2740","1954","1676","1639","1890","1599","1230","1655","1916","1985","2452","1562","1510","10239","625","9614"
"20193","11680640","역삼1동","35867","17318","18549","2903","7455","10339","5761","4235","5174","1446","3265","5006","3009","2170","2422","1457","4190","5333","2752","2065","2752","23129","1135","21994"
"20193","11680650","역삼2동","36406","17176","19230","8471","4523","5683","8419","4535","4775","4188","2051","2446","3927","2443","2121","4283","2472","3237","4492","2092","2654","14957","6670","8287"
"20193","11680655","도곡1동","21790","10272","11518","4139","3152","3360","3779","3381","3979","1965","1454","1505","1801","1622","1925","2174","1698","1855","1978","1759","2054","8241","4308","3933"
"20193","11680656","도곡2동","33881","15722","18159","7648","4227","4043","6565","5277","6121","3555","1964","1685","2925","2653","2940","4093","2263","2358","3640","2624","3181","11740","8191","3549"
"20193","11680660","개포1동","8834","4281","4553","1303","1235","996","1237","1598","2465","641","631","473","579","803","1154","662","604","523","658","795","1311","3503","2143","1360"
"20193","11680670","개포2동","13798","6718","7080","2574","2026","1471","2250","2618","2859","1308","1032","728","982","1315","1353","1266","994","743","1268","1303","1506","4892","3466","1426"
"20193","11680690","개포4동","18662","9149","9513","3043","2773","3002","3196","3163","3485","1580","1400","1510","1509","1529","1621","1463","1373","1492","1687","1634","1864","7815","1318","6497"
"20193","11680700","세곡동","44695","21312","23383","9760","5390","7806","7537","5885","8317","4843","2600","3603","3791","2811","3664","4917","2790","4203","3746","3074","4653","17390","9479","7911"
"20193","11680720","일원본동","24990","12265","12725","6005","2796","3284","4846","3826","4233","3324","1476","1490","2228","1832","1915","2681","1320","1794","2618","1994","2318","8387","3945","4442"
"20193","11680730","일원1동","17135","8420","8715","2386","2568","2604","2414","2844","4319","1275","1365","1355","1211","1342","1872","1111","1203","1249","1203","1502","2447","7669","83","7586"
"20193","11680740","일원2동","15446","7331","8115","2539","1753","2390","2616","2372","3776","1439","920","1144","1241","1115","1472","1100","833","1246","1375","1257","2304","6352","5605","747"
"20193","11680750","수서동","16249","7459","8790","1490","1924","2780","1782","2630","5643","736","1000","1413","936","1135","2239","754","924","1367","846","1495","3404","7762","6284","1478"
"20193","11710510","풍납1동","15502","7681","7821","1982","1991","2421","2339","2709","4060","1031","1039","1288","1198","1276","1849","951","952","1133","1141","1433","2211","6833","1419","5414"
"20193","11710520","풍납2동","24567","11842","12725","4256","3423","4237","4094","3647","4910","2200","1634","1981","1982","1742","2303","2056","1789","2256","2112","1905","2607","10049","4579","5470"
"20193","11710531","거여1동","12365","6298","6067","1838","1738","1555","2061","2236","2937","937","948","825","1033","1135","1420","901","790","730","1028","1101","1517","5085","1041","4044"
"20193","11710532","거여2동","16957","8369","8588","2735","1909","2378","2978","2874","4083","1406","1016","1234","1453","1422","1838","1329","893","1144","1525","1452","2245","7043","3957","3086"
"20193","11710540","마천1동","18631","9609","9022","2587","2408","2306","2892","3426","5012","1338","1284","1277","1542","1800","2368","1249","1124","1029","1350","1626","2644","8347","1118","7229"
"20193","11710550","마천2동","22906","11570","11336","3359","2911","2812","3581","4356","5887","1707","1588","1461","1873","2219","2722","1652","1323","1351","1708","2137","3165","9434","1740","7694"
"20193","11710561","방이1동","16485","8001","8484","3078","2555","2312","2823","2792","2925","1591","1277","1104","1280","1356","1393","1487","1278","1208","1543","1436","1532","6180","2052","4128"
"20193","11710562","방이2동","25079","12107","12972","2970","4273","5504","3692","3894","4746","1592","2011","2714","1843","1753","2194","1378","2262","2790","1849","2141","2552","12648","398","12250"
"20193","11710566","오륜동","19273","9430","9843","4498","2457","1901","3639","3218","3560","2444","1255","801","1589","1621","1720","2054","1202","1100","2050","1597","1840","6028","5850","178"
"20193","11710570","오금동","40717","19951","20766","6835","5997","6038","6132","7255","8460","3605","3116","2959","2877","3425","3969","3230","2881","3079","3255","3830","4491","15492","4530","10962"
"20193","11710580","송파1동","26093","12394","13699","3262","4648","5864","3668","3821","4830","1627","2141","2847","1744","1774","2261","1635","2507","3017","1924","2047","2569","12298","999","11299"
"20193","11710590","송파2동","21046","10190","10856","3904","3116","3114","3238","3527","4147","2030","1516","1477","1534","1656","1977","1874","1600","1637","1704","1871","2170","7290","3599","3691"
"20193","11710600","석촌동","34048","16455","17593","4327","5557","7480","5265","5114","6305","2243","2557","3676","2642","2461","2876","2084","3000","3804","2623","2653","3429","16649","509","16140"
"20193","11710610","삼전동","32956","15733","17223","4416","5237","7382","5519","4809","5593","2299","2447","3588","2721","2199","2479","2117","2790","3794","2798","2610","3114","16303","74","16229"
"20193","11710620","가락본동","28290","14070","14220","4146","4488","5091","4256","5048","5261","2165","2239","2573","2086","2455","2552","1981","2249","2518","2170","2593","2709","11848","3698","8150"
"20193","11710631","가락1동","875","426","449","146","113","110","155","167","184","74","66","51","75","85","75","72","47","59","80","82","109","353","0","353"
"20193","11710632","가락2동","33774","16554","17220","6709","4858","5131","5791","5467","5818","3519","2436","2459","2783","2591","2766","3190","2422","2672","3008","2876","3052","12128","6243","5885"
"20193","11710641","문정1동","21736","10800","10936","3221","3578","3855","3108","3779","4195","1664","1826","1990","1530","1754","2036","1557","1752","1865","1578","2025","2159","8688","2823","5865"
"20193","11710642","문정2동","29680","13912","15768","3476","5378","7905","4215","3547","5159","1752","2215","3737","2016","1683","2509","1724","3163","4168","2199","1864","2650","15113","7770","7343"
"20193","11710646","장지동","34499","16773","17726","6377","4820","5614","5505","5765","6418","3275","2463","2802","2698","2702","2833","3102","2357","2812","2807","3063","3585","13335","2420","10915"
"20193","11710647","위례동","28836","14035","14801","8414","2962","5621","5443","3317","3079","4274","1437","2553","2794","1649","1328","4140","1525","3068","2649","1668","1751","9170","4262","4908"
"20193","11710650","잠실본동","28901","13729","15172","3650","4903","6281","4659","4230","5178","1862","2250","3023","2257","1990","2347","1788","2653","3258","2402","2240","2831","14470","848","13622"
"20193","11710670","잠실2동","36912","17590","19322","10601","3375","4864","9053","4376","4643","5320","1580","1939","4325","2343","2083","5281","1795","2925","4728","2033","2560","12051","0","12051"
"20193","11710680","잠실3동","36329","17350","18979","7572","4371","5241","6260","5391","7494","3898","2102","2286","2919","2583","3562","3674","2269","2955","3341","2808","3932","12364","4539","7825"
"20193","11710690","잠실4동","30044","14493","15551","6678","3121","5425","5245","4084","5491","3472","1558","2405","2612","1889","2557","3206","1563","3020","2633","2195","2934","10414","9666","748"
"20193","11710710","잠실6동","16459","7858","8601","3015","2180","2312","2555","2732","3665","1540","1083","1029","1157","1291","1758","1475","1097","1283","1398","1441","1907","5513","3943","1570"
"20193","11710720","잠실7동","10262","4779","5483","1854","1345","1180","1550","1643","2690","836","651","541","665","807","1279","1018","694","639","885","836","1411","3443","3318","125"
"20193","11740515","강일동","32662","15844","16818","7732","3965","3802","5843","4914","6406","3937","2003","1743","2879","2438","2844","3795","1962","2059","2964","2476","3562","11155","10078","1077"
"20193","11740520","상일동","11117","5573","5544","1969","1501","1388","1710","2110","2439","1050","845","689","782","1057","1150","919","656","699","928","1053","1289","4200","776","3424"
"20193","11740530","명일1동","22270","10934","11336","4188","2932","3079","3769","3645","4657","2199","1560","1523","1786","1711","2155","1989","1372","1556","1983","1934","2502","8124","3687","4437"
"20193","11740540","명일2동","18098","9003","9095","3931","2403","1940","3232","3110","3482","2117","1287","938","1463","1531","1667","1814","1116","1002","1769","1579","1815","5928","4052","1876"
"20193","11740550","고덕1동","26980","13665","13315","6650","2855","4486","5108","3789","4092","3629","1557","2100","2576","1869","1934","3021","1298","2386","2532","1920","2158","9006","2222","6784"
"20193","11740560","고덕2동","7654","4063","3591","930","999","841","1148","1592","2144","501","591","474","617","853","1027","429","408","367","531","739","1117","3508","0","3508"
"20193","11740570","암사1동","37354","18650","18704","5694","5102","6041","5979","6350","8188","2934","2659","3153","3052","3149","3703","2760","2443","2888","2927","3201","4485","16241","1062","15179"
"20193","11740580","암사2동","14692","7167","7525","2458","1944","2703","2390","2234","2963","1251","973","1318","1206","1062","1357","1207","971","1385","1184","1172","1606","5881","3537","2344"
"20193","11740590","암사3동","18847","9246","9601","4173","2107","2869","3396","2795","3507","2118","1101","1310","1701","1331","1685","2055","1006","1559","1695","1464","1822","6339","4559","1780"
"20193","11740600","천호1동","28989","14332","14657","3912","4085","4531","4320","5129","7012","1988","2053","2376","2226","2458","3231","1924","2032","2155","2094","2671","3781","12898","1992","10906"
"20193","11740610","천호2동","35129","17659","17470","4142","4821","6337","5315","6290","8224","2150","2402","3315","2781","3190","3821","1992","2419","3022","2534","3100","4403","17350","1381","15969"
"20193","11740620","천호3동","27941","13903","14038","3282","4101","5154","4067","4724","6613","1669","1954","2627","2176","2362","3115","1613","2147","2527","1891","2362","3498","13539","1950","11589"
"20193","11740640","성내1동","20882","10129","10753","3683","2779","3547","3497","3200","4176","1876","1383","1718","1721","1520","1911","1807","1396","1829","1776","1680","2265","8177","2149","6028"
"20193","11740650","성내2동","24974","12409","12565","2744","3792","4638","3746","4241","5813","1398","1825","2454","1959","2049","2724","1346","1967","2184","1787","2192","3089","12379","1029","11350"
"20193","11740660","성내3동","23832","11838","11994","3598","3559","3854","3797","4061","4963","2053","1851","1946","1869","1899","2220","1545","1708","1908","1928","2162","2743","10144","1584","8560"
"20193","11740685","길동","47359","23287","24072","6545","7062","7899","7139","8072","10642","3460","3452","4038","3570","3772","4995","3085","3610","3861","3569","4300","5647","20437","3506","16931"
"20193","11740690","둔촌1동","311","146","165","20","29","36","56","43","127","8","13","17","31","21","56","12","16","19","25","22","71","187","34","153"
"20193","11740700","둔촌2동","28372","14034","14338","4801","4136","4250","4317","4832","6036","2539","2105","2169","2102","2305","2814","2262","2031","2081","2215","2527","3222","11183","3904","7279"
"20194","11110515","청운효자동","12817","5963","6854","2171","1630","1765","2276","1996","2979","1136","794","819","999","956","1259","1035","836","946","1277","1040","1720","5388","0","5388"
"20194","11110530","사직동","9386","4219","5167","1350","1211","1370","1496","1515","2444","651","556","606","666","671","1069","699","655","764","830","844","1375","4547","0","4547"
"20194","11110540","삼청동","2717","1306","1411","307","349","386","377","432","866","171","178","188","185","206","378","136","171","198","192","226","488","1375","0","1375"
"20194","11110550","부암동","9987","4758","5229","1504","1390","1223","1614","1717","2539","796","729","566","742","788","1137","708","661","657","872","929","1402","4257","0","4257"
"20194","11110560","평창동","18604","8712","9892","2924","2598","2301","2790","3334","4657","1496","1338","1059","1241","1509","2069","1428","1260","1242","1549","1825","2588","7497","0","7497"
"20194","11110570","무악동","8074","3783","4291","1624","904","839","1497","1314","1896","761","406","387","720","686","823","863","498","452","777","628","1073","2965","0","2965"
"20194","11110580","교남동","10621","4948","5673","1787","1306","1819","1908","1573","2228","894","608","841","906","759","940","893","698","978","1002","814","1288","4596","0","4596"
"20194","11110600","가회동","4391","2029","2362","576","482","596","787","721","1229","300","228","284","366","322","529","276","254","312","421","399","700","2060","0","2060"
"20194","11110615","종로1?2?3?4가동","7262","4335","2927","445","884","904","942","1412","2675","230","462","510","578","985","1570","215","422","394","364","427","1105","5246","0","5246"
"20194","11110630","종로5?6가동","5211","2860","2351","390","1001","652","655","986","1527","205","545","391","367","574","778","185","456","261","288","412","749","3235","0","3235"
"20194","11110640","이화동","7912","3762","4150","741","1698","1352","1060","1161","1900","367","811","640","529","572","843","374","887","712","531","589","1057","4493","0","4493"
"20194","11110650","혜화동","16833","8089","8744","2172","4389","2178","2315","2257","3522","1068","2206","1127","1095","1079","1514","1104","2183","1051","1220","1178","2008","9164","0","9164"
"20194","11110670","창신1동","5230","2802","2428","438","598","545","702","1170","1777","223","323","306","362","666","922","215","275","239","340","504","855","2927","0","2927"
"20194","11110680","창신2동","8561","4376","4185","853","1240","916","1237","1876","2439","439","657","537","654","985","1104","414","583","379","583","891","1335","4107","0","4107"
"20194","11110690","창신3동","7127","3516","3611","991","1017","1016","1011","1300","1792","517","533","492","497","642","835","474","484","524","514","658","957","2907","0","2907"
"20194","11110700","숭인1동","6180","3032","3148","734","809","869","981","1137","1650","357","415","468","505","550","737","377","394","401","476","587","913","2946","0","2946"
"20194","11110710","숭인2동","9457","4826","4631","684","1828","1518","1279","1706","2442","344","777","807","709","936","1253","340","1051","711","570","770","1189","5736","0","5736"
"20194","11140520","소공동","2054","1000","1054","288","205","458","420","290","393","125","84","220","218","151","202","163","121","238","202","139","191","1099","0","1099"
"20194","11140540","회현동","5401","2922","2479","444","519","590","724","1050","2074","214","238","298","413","640","1119","230","281","292","311","410","955","3239","0","3239"
"20194","11140550","명동","2675","1120","1555","208","275","331","414","483","964","93","137","152","172","204","362","115","138","179","242","279","602","1339","0","1339"
"20194","11140570","필동","4062","2101","1961","397","679","652","525","614","1195","219","340","361","298","337","546","178","339","291","227","277","649","2321","0","2321"
"20194","11140580","장충동","4645","2365","2280","499","1183","683","589","608","1083","259","636","366","314","306","484","240","547","317","275","302","599","2651","0","2651"
"20194","11140590","광희동","4884","2591","2293","341","707","717","609","890","1620","178","357","397","333","509","817","163","350","320","276","381","803","2930","0","2930"
"20194","11140605","을지로동","1770","1085","685","82","194","250","192","367","685","45","86","144","131","258","421","37","108","106","61","109","264","1310","0","1310"
"20194","11140615","신당동","7514","3755","3759","581","1275","1271","1131","1378","1878","276","599","664","612","722","882","305","676","607","519","656","996","4394","0","4394"
"20194","11140625","다산동","14280","6951","7329","1534","2359","2302","2112","2329","3644","813","1147","1195","1059","1142","1595","721","1212","1107","1053","1187","2049","6828","0","6828"
"20194","11140635","약수동","17520","8259","9261","2321","2060","2573","2589","2886","5091","1165","1036","1201","1291","1355","2211","1156","1024","1372","1298","1531","2880","7792","0","7792"
"20194","11140645","청구동","14315","6810","7505","1844","1988","2282","2076","2391","3734","944","993","1130","986","1162","1595","900","995","1152","1090","1229","2139","6390","0","6390"
"20194","11140650","신당5동","9242","4582","4660","1131","1303","1337","1442","1707","2322","566","651","678","757","892","1038","565","652","659","685","815","1284","4498","0","4498"
"20194","11140665","동화동","10843","5217","5626","1702","1529","1424","1676","1963","2549","878","761","659","821","935","1163","824","768","765","855","1028","1386","4151","0","4151"
"20194","11140670","황학동","12541","6073","6468","1295","2087","2816","1804","1818","2721","664","907","1405","907","923","1267","631","1180","1411","897","895","1454","6729","0","6729"
"20194","11140680","중림동","12684","6347","6337","1865","1541","2415","2023","1996","2844","964","743","1205","1042","1048","1345","901","798","1210","981","948","1499","5846","0","5846"
"20194","11170510","후암동","17971","8744","9227","2443","2644","2870","2821","2937","4256","1317","1348","1476","1387","1406","1810","1126","1296","1394","1434","1531","2446","8584","0","8584"
"20194","11170520","용산2가동","10366","5023","5343","1087","1575","1827","1473","1512","2892","561","850","925","754","700","1233","526","725","902","719","812","1659","5398","0","5398"
"20194","11170530","남영동","7846","4803","3043","502","982","1060","1176","1699","2427","265","477","551","789","1209","1512","237","505","509","387","490","915","5464","0","5464"
"20194","11170555","청파동","19763","9361","10402","2021","4053","3093","2862","3105","4629","1061","1688","1665","1424","1547","1976","960","2365","1428","1438","1558","2653","10656","0","10656"
"20194","11170560","원효로1동","15876","7663","8213","2240","2400","3632","2624","2141","2839","1144","1018","1798","1358","1041","1304","1096","1382","1834","1266","1100","1535","7768","0","7768"
"20194","11170570","원효로2동","14479","6812","7667","2370","1890","2114","2400","2353","3352","1046","894","1072","1180","1163","1457","1324","996","1042","1220","1190","1895","5965","0","5965"
"20194","11170580","효창동","9013","4307","4706","1399","1372","1579","1404","1363","1896","720","657","783","669","662","816","679","715","796","735","701","1080","3818","0","3818"
"20194","11170590","용문동","12234","5849","6385","1752","1746","2022","1895","1964","2855","901","834","1003","930","980","1201","851","912","1019","965","984","1654","5292","0","5292"
"20194","11170625","한강로동","18270","8823","9447","2023","2789","3641","2660","3049","4108","1059","1279","1721","1313","1492","1959","964","1510","1920","1347","1557","2149","9542","0","9542"
"20194","11170630","이촌1동","26203","12277","13926","5398","2783","3460","4702","4052","5808","2765","1366","1534","2122","1959","2531","2633","1417","1926","2580","2093","3277","9503","0","9503"
"20194","11170640","이촌2동","8918","4216","4702","1122","1008","1553","1264","1435","2536","589","497","796","620","658","1056","533","511","757","644","777","1480","3861","0","3861"
"20194","11170650","이태원1동","6879","3256","3623","581","998","1081","935","1137","2147","294","530","566","462","537","867","287","468","515","473","600","1280","3778","0","3778"
"20194","11170660","이태원2동","9285","4305","4980","986","1332","1699","1400","1317","2551","485","686","853","658","587","1036","501","646","846","742","730","1515","4877","0","4877"
"20194","11170685","한남동","20545","9898","10647","2288","2676","4037","3354","3120","5070","1198","1321","2034","1628","1512","2205","1090","1355","2003","1726","1608","2865","11066","0","11066"
"20194","11170690","서빙고동","14396","6932","7464","2572","1928","1823","2720","2372","2981","1327","955","872","1295","1186","1297","1245","973","951","1425","1186","1684","5691","0","5691"
"20194","11170700","보광동","14393","7046","7347","1350","2259","2191","2184","2520","3889","746","1240","1185","1078","1186","1611","604","1019","1006","1106","1334","2278","7645","0","7645"
"20194","11200520","왕십리2동","17366","8472","8894","2564","2537","3047","2767","2773","3678","1318","1232","1532","1372","1354","1664","1246","1305","1515","1395","1419","2014","7588","0","7588"
"20194","11200535","왕십리도선동","27197","12959","14238","4167","4405","4878","4103","4384","5260","2081","2050","2309","2024","2101","2394","2086","2355","2569","2079","2283","2866","11679","0","11679"
"20194","11200540","마장동","23348","11511","11837","3110","4466","3387","3192","3876","5317","1588","2193","1756","1607","1922","2445","1522","2273","1631","1585","1954","2872","10877","0","10877"
"20194","11200550","사근동","11680","5995","5685","1245","4323","1669","1189","1268","1986","591","2385","908","620","615","876","654","1938","761","569","653","1110","7426","0","7426"
"20194","11200560","행당1동","16063","7804","8259","2204","2655","2597","2478","2645","3484","1109","1302","1283","1216","1279","1615","1095","1353","1314","1262","1366","1869","7292","0","7292"
"20194","11200570","행당2동","24582","11559","13023","4287","3070","3813","4363","3916","5133","2020","1446","1823","2113","1927","2230","2267","1624","1990","2250","1989","2903","9454","0","9454"
"20194","11200580","응봉동","16162","7675","8487","3078","1792","2306","3121","2462","3403","1519","908","1101","1485","1199","1463","1559","884","1205","1636","1263","1940","6180","0","6180"
"20194","11200590","금호1가동","15816","7571","8245","2497","1910","2867","2605","2397","3540","1283","942","1363","1314","1137","1532","1214","968","1504","1291","1260","2008","6597","0","6597"
"20194","11200615","금호2?3가동","24052","11459","12593","3476","3023","4403","3899","3748","5503","1750","1521","2108","1948","1771","2361","1726","1502","2295","1951","1977","3142","10345","0","10345"
"20194","11200620","금호4가동","14812","7099","7713","2428","1597","2813","2613","2155","3206","1248","804","1344","1303","1038","1362","1180","793","1469","1310","1117","1844","6341","0","6341"
"20194","11200645","옥수동","27174","12711","14463","4446","3155","5426","4502","3989","5656","2274","1451","2419","2243","1854","2470","2172","1704","3007","2259","2135","3186","11105","0","11105"
"20194","11200650","성수1가1동","16849","8425","8424","2351","2599","2935","2559","3048","3357","1228","1328","1472","1248","1560","1589","1123","1271","1463","1311","1488","1768","7587","0","7587"
"20194","11200660","성수1가2동","14194","7058","7136","1917","2237","2652","2286","2169","2933","989","1122","1298","1141","1119","1389","928","1115","1354","1145","1050","1544","6607","0","6607"
"20194","11200670","성수2가1동","17138","8954","8184","1923","2456","2698","2491","3317","4253","1004","1292","1447","1329","1807","2075","919","1164","1251","1162","1510","2178","8516","0","8516"
"20194","11200690","성수2가3동","11349","5793","5556","1193","2022","2062","1527","1897","2648","613","942","1079","807","1029","1323","580","1080","983","720","868","1325","5673","0","5673"
"20194","11200720","송정동","10955","5818","5137","1244","1680","1702","1652","2078","2599","672","880","942","902","1160","1262","572","800","760","750","918","1337","5503","0","5503"
"20194","11200790","용답동","12297","6524","5773","1225","1982","1756","1913","2330","3091","620","955","981","1094","1362","1512","605","1027","775","819","968","1579","6823","0","6823"
"20194","11215710","화양동","21879","10427","11452","1269","8837","4316","2216","2086","3155","607","3827","2231","1228","1110","1424","662","5010","2085","988","976","1731","16005","0","16005"
"20194","11215730","군자동","19728","9753","9975","2101","4123","3664","2635","3019","4186","1097","2005","1859","1360","1530","1902","1004","2118","1805","1275","1489","2284","10539","0","10539"
"20194","11215740","중곡1동","16503","8099","8404","1755","2787","3213","2401","2665","3682","918","1300","1631","1247","1299","1704","837","1487","1582","1154","1366","1978","8349","0","8349"
"20194","11215750","중곡2동","22009","10546","11463","2837","3788","4008","3116","3646","4614","1451","1769","1985","1530","1722","2089","1386","2019","2023","1586","1924","2525","10327","0","10327"
"20194","11215760","중곡3동","17079","8484","8595","1957","2686","2813","2497","3078","4048","1003","1373","1493","1236","1528","1851","954","1313","1320","1261","1550","2197","8436","0","8436"
"20194","11215770","중곡4동","29801","14693","15108","3803","4470","4537","4402","5469","7120","2014","2272","2287","2217","2635","3268","1789","2198","2250","2185","2834","3852","13053","0","13053"
"20194","11215780","능동","11440","5271","6169","1187","2253","2704","1590","1445","2261","615","929","1256","806","651","1014","572","1324","1448","784","794","1247","6221","0","6221"
"20194","11215810","광장동","35891","17347","18544","9131","4163","4033","7953","5336","5275","4691","2044","1761","3677","2756","2418","4440","2119","2272","4276","2580","2857","12011","0","12011"
"20194","11215820","자양1동","22927","11082","11845","2740","4194","3950","3512","3682","4849","1429","2011","1970","1757","1759","2156","1311","2183","1980","1755","1923","2693","11433","0","11433"
"20194","11215830","자양2동","26501","13004","13497","3873","3959","4280","4234","4386","5769","2054","2003","2117","2083","2066","2681","1819","1956","2163","2151","2320","3088","11222","0","11222"
"20194","11215840","자양3동","29199","14068","15131","5305","4008","4528","4757","4728","5873","2642","1982","2136","2284","2269","2755","2663","2026","2392","2473","2459","3118","11029","0","11029"
"20194","11215847","자양4동","18510","9301","9209","1752","2769","2837","2635","3362","5155","860","1387","1516","1404","1761","2373","892","1382","1321","1231","1601","2782","9620","0","9620"
"20194","11215850","구의1동","22191","10601","11590","2301","4578","4375","3286","3270","4381","1174","2109","2171","1656","1561","1930","1127","2469","2204","1630","1709","2451","11676","0","11676"
"20194","11215860","구의2동","27488","13260","14228","4401","3731","4169","4528","4598","6061","2219","1848","2090","2204","2173","2726","2182","1883","2079","2324","2425","3335","11636","0","11636"
"20194","11215870","구의3동","29770","14189","15581","4718","4830","4815","4728","4912","5767","2336","2344","2285","2210","2327","2687","2382","2486","2530","2518","2585","3080","12139","0","12139"
"20194","11230536","용신동","30305","15568","14737","2940","5438","5139","4319","4757","7712","1543","2695","2733","2353","2536","3708","1397","2743","2406","1966","2221","4004","16973","0","16973"
"20194","11230545","제기동","24854","12719","12135","2541","4147","3399","3236","3949","7582","1317","2261","1884","1771","2040","3446","1224","1886","1515","1465","1909","4136","12908","0","12908"
"20194","11230560","전농1동","30410","15295","15115","4062","4609","4432","4530","4997","7780","2064","2346","2319","2389","2539","3638","1998","2263","2113","2141","2458","4142","14863","0","14863"
"20194","11230570","전농2동","19572","9378","10194","3184","2457","2417","3212","3317","4985","1573","1242","1196","1525","1619","2223","1611","1215","1221","1687","1698","2762","7734","0","7734"
"20194","11230600","답십리1동","29395","14297","15098","4870","4078","5608","4702","4388","5749","2480","1939","2678","2418","2161","2621","2390","2139","2930","2284","2227","3128","12675","0","12675"
"20194","11230610","답십리2동","29929","14672","15257","4204","3898","4419","4636","5151","7621","2145","1961","2280","2357","2513","3416","2059","1937","2139","2279","2638","4205","12713","0","12713"
"20194","11230650","장안1동","38254","19099","19155","5374","5151","6303","6396","6108","8922","2760","2506","3246","3332","3027","4228","2614","2645","3057","3064","3081","4694","17403","0","17403"
"20194","11230660","장안2동","31159","15607","15552","5560","3653","4823","5472","4774","6877","2925","1933","2406","2785","2395","3163","2635","1720","2417","2687","2379","3714","12984","0","12984"
"20194","11230705","청량리동","21395","10727","10668","2266","2547","2567","2828","3825","7362","1179","1357","1379","1502","1943","3367","1087","1190","1188","1326","1882","3995","10513","0","10513"
"20194","11230710","회기동","10023","4762","5261","1177","2840","1503","1309","1163","2031","568","1349","765","666","564","850","609","1491","738","643","599","1181","5891","0","5891"
"20194","11230720","휘경1동","12359","6191","6168","1245","2667","1781","1617","1937","3112","648","1289","966","852","1012","1424","597","1378","815","765","925","1688","6662","0","6662"
"20194","11230730","휘경2동","24341","12069","12272","3537","5141","3108","3597","3533","5425","1742","2734","1651","1784","1720","2438","1795","2407","1457","1813","1813","2987","11506","0","11506"
"20194","11230740","이문1동","18947","9452","9495","2202","4563","2332","2642","2688","4520","1091","2346","1309","1350","1368","1988","1111","2217","1023","1292","1320","2532","10476","0","10476"
"20194","11230750","이문2동","20641","10060","10581","3318","2717","2619","3363","3399","5225","1700","1337","1305","1675","1689","2354","1618","1380","1314","1688","1710","2871","8415","0","8415"
"20194","11260520","면목2동","25638","12847","12791","3250","3480","3563","4006","5031","6308","1627","1766","1897","2104","2581","2872","1623","1714","1666","1902","2450","3436","12228","0","12228"
"20194","11260540","면목4동","19810","9869","9941","2550","2635","2963","3138","3370","5154","1367","1311","1538","1659","1694","2300","1183","1324","1425","1479","1676","2854","9253","0","9253"
"20194","11260550","면목5동","9571","4887","4684","1191","1283","1425","1456","1786","2430","597","687","756","785","921","1141","594","596","669","671","865","1289","4486","0","4486"
"20194","11260565","면목본동","35487","17662","17825","4050","5333","5696","5324","6557","8527","2047","2726","3025","2734","3253","3877","2003","2607","2671","2590","3304","4650","17653","0","17653"
"20194","11260570","면목7동","21358","10648","10710","2471","2952","3122","3104","3909","5800","1288","1527","1574","1656","1875","2728","1183","1425","1548","1448","2034","3072","9958","0","9958"
"20194","11260575","면목3?8동","26316","13150","13166","2965","3877","3857","3778","4824","7015","1509","1996","2045","2001","2352","3247","1456","1881","1812","1777","2472","3768","12603","0","12603"
"20194","11260580","상봉1동","25085","12281","12804","4116","3676","3715","3702","4519","5357","2146","1834","1885","1805","2176","2435","1970","1842","1830","1897","2343","2922","10100","0","10100"
"20194","11260590","상봉2동","19068","9351","9717","1730","3521","3872","2675","3085","4185","896","1561","1971","1397","1536","1990","834","1960","1901","1278","1549","2195","10687","0","10687"
"20194","11260600","중화1동","20687","10200","10487","2870","3006","3357","2906","3550","4998","1461","1518","1733","1505","1697","2286","1409","1488","1624","1401","1853","2712","8970","0","8970"
"20194","11260610","중화2동","26937","13863","13074","2577","3889","3985","3781","5382","7323","1372","1934","2149","2023","2858","3527","1205","1955","1836","1758","2524","3796","14152","0","14152"
"20194","11260620","묵1동","35850","17461","18389","5915","4870","5366","6041","5687","7971","3010","2391","2672","2993","2740","3655","2905","2479","2694","3048","2947","4316","14574","0","14574"
"20194","11260630","묵2동","19656","9669","9987","2533","2780","3219","2969","3269","4886","1304","1345","1709","1501","1582","2228","1229","1435","1510","1468","1687","2658","9144","0","9144"
"20194","11260655","망우본동","30726","15560","15166","3637","4244","4205","4332","5920","8388","1837","2219","2201","2333","2996","3974","1800","2025","2004","1999","2924","4414","14636","0","14636"
"20194","11260660","망우3동","17496","8804","8692","2179","2405","2294","2549","3405","4664","1077","1222","1227","1296","1763","2219","1102","1183","1067","1253","1642","2445","8392","0","8392"
"20194","11260680","신내1동","40663","19858","20805","7616","5214","5496","6170","6735","9432","3945","2623","2692","3115","3188","4295","3671","2591","2804","3055","3547","5137","14795","0","14795"
"20194","11260690","신내2동","21885","10490","11395","3448","2703","3131","3421","3693","5489","1772","1381","1552","1660","1739","2386","1676","1322","1579","1761","1954","3103","9052","0","9052"
"20194","11290525","성북동","16949","7998","8951","2164","2710","2547","2673","2725","4130","1110","1260","1200","1293","1292","1843","1054","1450","1347","1380","1433","2287","7944","0","7944"
"20194","11290555","삼선동","25380","12184","13196","3455","4438","3692","4108","3998","5689","1833","2025","1812","2056","1984","2474","1622","2413","1880","2052","2014","3215","12250","0","12250"
"20194","11290575","동선동","15400","6489","8911","1638","4232","2561","2096","1851","3022","765","1379","1174","1008","878","1285","873","2853","1387","1088","973","1737","9036","0","9036"
"20194","11290580","돈암1동","16140","7560","8580","2442","2209","2089","2430","2887","4083","1156","1049","1024","1143","1391","1797","1286","1160","1065","1287","1496","2286","6385","0","6385"
"20194","11290590","돈암2동","24943","11928","13015","5225","2976","3151","4760","4010","4821","2646","1485","1477","2250","1926","2144","2579","1491","1674","2510","2084","2677","8606","0","8606"
"20194","11290600","안암동","6285","3242","3043","605","1965","950","714","845","1206","324","1084","532","358","411","533","281","881","418","356","434","673","3761","0","3761"
"20194","11290610","보문동","15008","7290","7718","1914","2669","2598","2301","2393","3133","972","1298","1339","1170","1123","1388","942","1371","1259","1131","1270","1745","7317","0","7317"
"20194","11290620","정릉1동","17650","8548","9102","3033","2238","2508","3083","2728","4060","1551","1145","1224","1498","1348","1782","1482","1093","1284","1585","1380","2278","6998","0","6998"
"20194","11290630","정릉2동","23575","11518","12057","3605","3199","3151","3745","3801","6074","1878","1637","1634","1834","1828","2707","1727","1562","1517","1911","1973","3367","9656","0","9656"
"20194","11290640","정릉3동","15642","7801","7841","1804","2967","2018","2053","2403","4397","945","1672","1127","1021","1166","1870","859","1295","891","1032","1237","2527","7692","0","7692"
"20194","11290650","정릉4동","26266","12754","13512","4226","3237","3610","4422","4183","6588","2216","1653","1755","2190","2012","2928","2010","1584","1855","2232","2171","3660","10906","0","10906"
"20194","11290660","길음1동","36745","17523","19222","9165","3458","5098","8109","4769","6146","4615","1669","2273","3935","2408","2623","4550","1789","2825","4174","2361","3523","12758","0","12758"
"20194","11290685","길음2동","16356","7954","8402","2756","2098","2543","2827","2592","3540","1480","1016","1254","1334","1283","1587","1276","1082","1289","1493","1309","1953","6747","0","6747"
"20194","11290705","종암동","40147","19800","20347","6777","5797","5354","6738","6402","9079","3569","3064","2664","3316","3223","3964","3208","2733","2690","3422","3179","5115","17039","0","17039"
"20194","11290715","월곡1동","27401","13293","14108","5023","3106","3732","4793","4280","6467","2481","1513","1843","2398","2133","2925","2542","1593","1889","2395","2147","3542","10828","0","10828"
"20194","11290725","월곡2동","19758","9586","10172","2717","3419","2770","2962","3040","4850","1394","1518","1418","1525","1539","2192","1323","1901","1352","1437","1501","2658","9089","0","9089"
"20194","11290760","장위1동","20377","10004","10373","2688","2986","2474","3035","3892","5302","1356","1563","1338","1494","1862","2391","1332","1423","1136","1541","2030","2911","8963","0","8963"
"20194","11290770","장위2동","13716","6830","6886","1551","1749","1565","2026","2564","4261","769","917","838","1094","1300","1912","782","832","727","932","1264","2349","6234","0","6234"
"20194","11290780","장위3동","11284","5654","5630","1813","1493","1412","1784","2004","2778","909","759","721","926","1022","1317","904","734","691","858","982","1461","4909","0","4909"
"20194","11290810","석관동","32696","16213","16483","3967","4727","4365","4902","5669","9066","2080","2358","2266","2543","2784","4182","1887","2369","2099","2359","2885","4884","15045","0","15045"
"20194","11305534","삼양동","25278","12582","12696","3578","3224","3240","3919","4473","6844","1847","1673","1700","2003","2255","3104","1731","1551","1540","1916","2218","3740","11449","0","11449"
"20194","11305535","미아동","22316","10732","11584","2371","3696","3033","3196","3900","6120","1238","1630","1598","1631","1872","2763","1133","2066","1435","1565","2028","3357","11355","0","11355"
"20194","11305545","송중동","30218","14623","15595","3717","4203","4254","4737","5171","8136","1861","2051","2212","2446","2402","3651","1856","2152","2042","2291","2769","4485","13724","0","13724"
"20194","11305555","송천동","28173","13996","14177","3094","3782","3536","4093","5245","8423","1556","1942","1911","2146","2622","3819","1538","1840","1625","1947","2623","4604","13677","0","13677"
"20194","11305575","삼각산동","32809","15771","17038","7430","3468","4097","6833","4956","6025","3832","1714","1889","3295","2463","2578","3598","1754","2208","3538","2493","3447","11757","0","11757"
"20194","11305595","번1동","19255","9580","9675","1950","3280","2930","3025","3155","4915","1030","1572","1541","1590","1605","2242","920","1708","1389","1435","1550","2673","10240","0","10240"
"20194","11305603","번2동","17027","8292","8735","2017","2159","2009","2643","2867","5332","1066","1121","1110","1353","1395","2247","951","1038","899","1290","1472","3085","7630","0","7630"
"20194","11305608","번3동","18250","8640","9610","2574","2092","1954","2889","2857","5884","1315","1053","1002","1488","1364","2418","1259","1039","952","1401","1493","3466","7592","0","7592"
"20194","11305615","수유1동","21750","10780","10970","2622","3203","2910","3142","3834","6039","1333","1608","1582","1664","1855","2738","1289","1595","1328","1478","1979","3301","10395","0","10395"
"20194","11305625","수유2동","21833","10510","11323","2701","3088","2637","3232","3866","6309","1417","1486","1395","1616","1830","2766","1284","1602","1242","1616","2036","3543","9588","0","9588"
"20194","11305635","수유3동","23692","11826","11866","2161","4163","3622","3396","4060","6290","1127","2041","1980","1813","2044","2821","1034","2122","1642","1583","2016","3469","12653","0","12653"
"20194","11305645","우이동","21215","10343","10872","2670","2738","2721","3089","3663","6334","1418","1342","1453","1548","1720","2862","1252","1396","1268","1541","1943","3472","9473","0","9473"
"20194","11305660","인수동","32319","15668","16651","4143","4212","4178","4767","5524","9495","2092","2126","2188","2421","2614","4227","2051","2086","1990","2346","2910","5268","14526","0","14526"
"20194","11320511","창1동","26171","12559","13612","4106","3432","3643","4392","4325","6273","2116","1725","1783","2150","2017","2768","1990","1707","1860","2242","2308","3505","10930","0","10930"
"20194","11320512","창2동","30281","14860","15421","4493","4198","4462","4786","5245","7097","2342","2117","2258","2420","2484","3239","2151","2081","2204","2366","2761","3858","12354","0","12354"
"20194","11320513","창3동","14697","7363","7334","2039","1924","1850","2268","2694","3922","1054","998","1004","1160","1355","1792","985","926","846","1108","1339","2130","6657","0","6657"
"20194","11320514","창4동","27812","13401","14411","4805","3825","3506","4670","4994","6012","2448","1961","1688","2203","2378","2723","2357","1864","1818","2467","2616","3289","10574","0","10574"
"20194","11320515","창5동","25409","12243","13166","3827","3593","3601","3696","4545","6147","1957","1788","1849","1729","2074","2846","1870","1805","1752","1967","2471","3301","9851","0","9851"
"20194","11320521","도봉1동","22070","11178","10892","2273","2739","2552","3089","3957","7460","1186","1453","1421","1649","1977","3492","1087","1286","1131","1440","1980","3968","10225","0","10225"
"20194","11320522","도봉2동","26045","12849","13196","3358","3205","3526","3573","4293","8090","1727","1628","1799","1831","2081","3783","1631","1577","1727","1742","2212","4307","11040","0","11040"
"20194","11320660","쌍문1동","22086","10688","11398","3059","3128","2629","3430","3764","6076","1524","1515","1344","1739","1815","2751","1535","1613","1285","1691","1949","3325","9306","0","9306"
"20194","11320670","쌍문2동","19893","9640","10253","2690","2679","2794","2938","3411","5381","1426","1363","1467","1461","1549","2374","1264","1316","1327","1477","1862","3007","8636","0","8636"
"20194","11320680","쌍문3동","17046","8242","8804","2027","2534","2499","2522","2870","4594","1027","1214","1298","1308","1310","2085","1000","1320","1201","1214","1560","2509","7788","0","7788"
"20194","11320681","쌍문4동","19772","9421","10351","3461","2689","2487","3158","3560","4417","1752","1386","1205","1450","1609","2019","1709","1303","1282","1708","1951","2398","7159","0","7159"
"20194","11320690","방학1동","29724","14747","14977","4079","4087","3544","4472","5563","7979","2047","2128","1815","2212","2772","3773","2032","1959","1729","2260","2791","4206","12766","0","12766"
"20194","11320700","방학2동","20934","10579","10355","2664","2855","2464","3084","3903","5964","1390","1567","1321","1578","1953","2770","1274","1288","1143","1506","1950","3194","9532","0","9532"
"20194","11320710","방학3동","28734","14022","14712","5089","3644","3378","4522","5088","7013","2719","2002","1667","2127","2346","3161","2370","1642","1711","2395","2742","3852","10084","0","10084"
"20194","11350560","월계1동","23265","11984","11281","3213","3915","2991","3580","3676","5890","1684","2272","1603","1858","1839","2728","1529","1643","1388","1722","1837","3162","10492","0","10492"
"20194","11350570","월계2동","25870","12483","13387","3835","3012","3072","4187","4296","7468","1996","1622","1524","2105","2080","3156","1839","1390","1548","2082","2216","4312","11229","0","11229"
"20194","11350580","월계3동","31470","15132","16338","4840","3709","4931","4842","4938","8210","2526","1872","2460","2442","2287","3545","2314","1837","2471","2400","2651","4665","12949","0","12949"
"20194","11350595","공릉1동","38477","18851","19626","5300","6727","5760","5678","5981","9031","2716","3412","2939","2896","2830","4058","2584","3315","2821","2782","3151","4973","18111","0","18111"
"20194","11350600","공릉2동","40537","19800","20737","7898","6581","5454","6931","6207","7466","4065","3257","2692","3299","3062","3425","3833","3324","2762","3632","3145","4041","16291","0","16291"
"20194","11350611","하계1동","28814","13921","14893","4913","5345","2844","4490","5127","6095","2692","2899","1414","1993","2441","2482","2221","2446","1430","2497","2686","3613","12281","0","12281"
"20194","11350612","하계2동","23330","11154","12176","4635","3291","2626","4264","4077","4437","2374","1668","1242","1979","1995","1896","2261","1623","1384","2285","2082","2541","8276","0","8276"
"20194","11350619","중계본동","25872","12687","13185","6261","3525","1952","5348","4758","4028","3207","1858","907","2355","2503","1857","3054","1667","1045","2993","2255","2171","8896","0","8896"
"20194","11350621","중계1동","28076","13752","14324","7921","3249","2002","6787","4626","3491","4229","1705","836","3003","2436","1543","3692","1544","1166","3784","2190","1948","9114","0","9114"
"20194","11350624","중계4동","21290","10316","10974","3762","2689","2101","3726","3691","5321","2027","1416","1047","1765","1825","2236","1735","1273","1054","1961","1866","3085","8469","0","8469"
"20194","11350625","중계2?3동","36720","17079","19641","5890","4548","4512","6311","5808","9651","2914","2345","2237","3064","2781","3738","2976","2203","2275","3247","3027","5913","15385","0","15385"
"20194","11350630","상계1동","41981","20405","21576","6439","5755","5463","6363","7471","10490","3342","2957","2750","3047","3520","4789","3097","2798","2713","3316","3951","5701","16368","0","16368"
"20194","11350640","상계2동","21065","10393","10672","3092","3417","2470","3257","4031","4798","1585","1698","1260","1582","2001","2267","1507","1719","1210","1675","2030","2531","8763","0","8763"
"20194","11350665","상계3?4동","25739","12825","12914","3344","3123","2695","3868","4708","8001","1777","1680","1469","1962","2360","3577","1567","1443","1226","1906","2348","4424","11546","0","11546"
"20194","11350670","상계5동","25458","12425","13033","3475","3589","2816","3981","4676","6921","1766","1887","1502","1953","2276","3041","1709","1702","1314","2028","2400","3880","10963","0","10963"
"20194","11350695","상계6?7동","34538","16074","18464","6144","4716","5115","5965","5702","6896","3130","2343","2374","2744","2603","2880","3014","2373","2741","3221","3099","4016","13974","0","13974"
"20194","11350700","상계8동","24382","11745","12637","5160","2703","5153","4236","3065","4065","2634","1325","2544","2090","1452","1700","2526","1378","2609","2146","1613","2365","9444","0","9444"
"20194","11350710","상계9동","21896","10471","11425","3946","2770","2979","3791","3667","4743","2074","1465","1473","1732","1709","2018","1872","1305","1506","2059","1958","2725","8465","0","8465"
"20194","11350720","상계10동","16569","7649","8920","2585","2420","2598","2681","2902","3383","1289","1153","1257","1193","1319","1438","1296","1267","1341","1488","1583","1945","6589","0","6589"
"20194","11380510","녹번동","37920","18213","19707","5225","5048","6274","5893","6063","9417","2651","2419","3188","2953","2899","4103","2574","2629","3086","2940","3164","5314","17057","0","17057"
"20194","11380520","불광1동","40763","19371","21392","5608","5474","5768","6459","6884","10570","2902","2719","2801","3153","3197","4599","2706","2755","2967","3306","3687","5971","17886","0","17886"
"20194","11380530","불광2동","29233","14264","14969","3336","4285","4173","4291","5126","8022","1711","2180","2199","2204","2387","3583","1625","2105","1974","2087","2739","4439","13795","0","13795"
"20194","11380551","갈현1동","24094","11756","12338","3011","3818","3328","3616","4132","6189","1568","1950","1721","1803","1929","2785","1443","1868","1607","1813","2203","3404","11093","0","11093"
"20194","11380552","갈현2동","29823","14222","15601","4452","4417","4279","4850","4925","6900","2246","2115","2160","2314","2307","3080","2206","2302","2119","2536","2618","3820","12572","0","12572"
"20194","11380560","구산동","33593","16743","16850","5087","4548","4372","5327","5768","8491","2483","2284","2208","2671","2916","4181","2604","2264","2164","2656","2852","4310","13143","0","13143"
"20194","11380570","대조동","27641","13010","14631","3251","4498","4400","4303","4295","6894","1592","2048","2192","2126","2084","2968","1659","2450","2208","2177","2211","3926","13828","0","13828"
"20194","11380580","응암1동","25343","12123","13220","4186","3354","3772","4409","3836","5786","2213","1559","1872","2168","1847","2464","1973","1795","1900","2241","1989","3322","11363","0","11363"
"20194","11380590","응암2동","20455","9992","10463","4025","2134","3325","3905","2841","4225","2108","1090","1581","2001","1402","1810","1917","1044","1744","1904","1439","2415","8155","0","8155"
"20194","11380600","응암3동","25630","12550","13080","2935","3552","3410","3828","4365","7540","1538","1855","1774","1935","2181","3267","1397","1697","1636","1893","2184","4273","12535","0","12535"
"20194","11380625","역촌동","48158","22924","25234","7043","6615","7283","7977","7860","11380","3554","3223","3554","3928","3694","4971","3489","3392","3729","4049","4166","6409","20705","0","20705"
"20194","11380631","신사1동","28262","13705","14557","4052","3999","4310","4405","4623","6873","2064","2066","2194","2177","2164","3040","1988","1933","2116","2228","2459","3833","11697","0","11697"
"20194","11380632","신사2동","21785","10922","10863","3173","3034","3048","3447","3635","5448","1730","1594","1604","1724","1761","2509","1443","1440","1444","1723","1874","2939","9210","0","9210"
"20194","11380640","증산동","15883","7816","8067","2162","2099","2153","2401","2727","4341","1126","1070","1105","1196","1335","1984","1036","1029","1048","1205","1392","2357","6834","0","6834"
"20194","11380650","수색동","8907","4450","4457","1055","1205","1231","1191","1627","2598","571","627","653","619","826","1154","484","578","578","572","801","1444","3845","0","3845"
"20194","11380690","진관동","58081","27329","30752","12773","7196","7452","11190","8305","11165","6538","3140","3289","5300","4126","4936","6235","4056","4163","5890","4179","6229","21631","0","21631"
"20194","11410520","천연동","18370","8755","9615","2980","2337","2504","3048","3061","4440","1466","1172","1228","1515","1514","1860","1514","1165","1276","1533","1547","2580","8160","0","8160"
"20194","11410555","북아현동","16782","7999","8783","2628","2439","2988","2711","2791","3225","1324","1093","1467","1350","1360","1405","1304","1346","1521","1361","1431","1820","7300","0","7300"
"20194","11410565","충현동","17971","8740","9231","2067","2867","2593","2643","3122","4679","1047","1433","1305","1331","1559","2065","1020","1434","1288","1312","1563","2614","8997","0","8997"
"20194","11410585","신촌동","18598","8413","10185","1798","6594","3232","1992","2023","2959","913","2633","1604","980","1006","1277","885","3961","1628","1012","1017","1682","12280","0","12280"
"20194","11410615","연희동","37904","18317","19587","4557","7570","5979","5602","5504","8692","2326","3893","2991","2692","2599","3816","2231","3677","2988","2910","2905","4876","19264","0","19264"
"20194","11410620","홍제1동","24733","11650","13083","3721","3195","3571","3943","4130","6173","1842","1589","1750","1906","1876","2687","1879","1606","1821","2037","2254","3486","10317","0","10317"
"20194","11410640","홍제3동","16312","7934","8378","2119","2180","2069","2388","2772","4784","1117","1074","1084","1201","1377","2081","1002","1106","985","1187","1395","2703","7118","0","7118"
"20194","11410655","홍제2동","14445","6884","7561","2056","1898","1923","2201","2627","3740","1055","961","941","1064","1245","1618","1001","937","982","1137","1382","2122","5830","0","5830"
"20194","11410660","홍은1동","22218","10768","11450","3204","2895","2715","3372","3924","6108","1638","1462","1383","1657","1937","2691","1566","1433","1332","1715","1987","3417","9189","0","9189"
"20194","11410685","홍은2동","27390","13341","14049","3816","4111","3599","4300","4656","6908","1964","2110","1880","2123","2228","3036","1852","2001","1719","2177","2428","3872","12064","0","12064"
"20194","11410690","남가좌1동","16590","8025","8565","3731","1687","2654","3183","2249","3086","1851","830","1197","1689","1106","1352","1880","857","1457","1494","1143","1734","6085","0","6085"
"20194","11410700","남가좌2동","24921","12019","12902","3973","3713","3516","3989","3839","5891","1986","1837","1738","1987","1879","2592","1987","1876","1778","2002","1960","3299","11219","0","11219"
"20194","11410710","북가좌1동","18893","9162","9731","3562","2211","2595","3418","3005","4102","1868","1089","1195","1723","1463","1824","1694","1122","1400","1695","1542","2278","6974","0","6974"
"20194","11410720","북가좌2동","33505","16315","17190","4538","4824","4557","5327","5643","8616","2307","2479","2351","2607","2710","3861","2231","2345","2206","2720","2933","4755","14711","0","14711"
"20194","11440555","아현동","24016","11330","12686","4010","3080","4906","3837","3710","4473","1907","1397","2328","1928","1804","1966","2103","1683","2578","1909","1906","2507","10034","0","10034"
"20194","11440565","공덕동","33743","16055","17688","4443","5491","5621","5085","5698","7405","2261","2516","2767","2519","2752","3240","2182","2975","2854","2566","2946","4165","15722","0","15722"
"20194","11440585","도화동","18617","8873","9744","2886","2467","3076","2829","2896","4463","1538","1146","1467","1374","1400","1948","1348","1321","1609","1455","1496","2515","7838","0","7838"
"20194","11440590","용강동","19120","9055","10065","3932","2036","3241","3810","2590","3511","1929","974","1484","1858","1287","1523","2003","1062","1757","1952","1303","1988","7771","0","7771"
"20194","11440600","대흥동","8723","4201","4522","915","2101","1400","1279","1169","1859","503","897","692","665","646","798","412","1204","708","614","523","1061","5331","0","5331"
"20194","11440610","염리동","13934","6680","7254","2259","2149","2458","2368","2060","2640","1105","1009","1211","1181","1046","1128","1154","1140","1247","1187","1014","1512","6514","0","6514"
"20194","11440630","신수동","15759","7724","8035","2742","2411","2496","2757","2226","3127","1461","1259","1214","1305","1109","1376","1281","1152","1282","1452","1117","1751","6650","0","6650"
"20194","11440655","서강동","19552","9303","10249","3035","3586","3266","3220","2876","3569","1537","1751","1497","1531","1400","1587","1498","1835","1769","1689","1476","1982","9022","0","9022"
"20194","11440660","서교동","18835","8727","10108","1934","3999","3999","2965","2284","3654","977","1771","1854","1446","1073","1606","957","2228","2145","1519","1211","2048","10761","0","10761"
"20194","11440680","합정동","18713","8727","9986","2341","3627","3868","2680","2462","3735","1206","1607","1839","1303","1170","1602","1135","2020","2029","1377","1292","2133","9579","0","9579"
"20194","11440690","망원1동","16504","7751","8753","2210","2592","3098","2694","2337","3573","1104","1172","1473","1301","1179","1522","1106","1420","1625","1393","1158","2051","8087","0","8087"
"20194","11440700","망원2동","14468","6940","7528","2476","1976","2328","2518","1983","3187","1254","959","1084","1257","986","1400","1222","1017","1244","1261","997","1787","6199","0","6199"
"20194","11440710","연남동","12595","5943","6652","1306","2400","2598","1897","1615","2779","656","1104","1245","983","762","1193","650","1296","1353","914","853","1586","6806","0","6806"
"20194","11440720","성산1동","15504","7275","8229","2231","2306","2735","2758","2199","3275","1127","1062","1295","1303","1054","1434","1104","1244","1440","1455","1145","1841","7249","0","7249"
"20194","11440730","성산2동","34494","15926","18568","5686","5275","5711","5794","4581","7447","2920","2187","2688","2818","2236","3077","2766","3088","3023","2976","2345","4370","15537","0","15537"
"20194","11440740","상암동","27885","13352","14533","6440","3606","3494","5610","3785","4950","3309","1635","1585","2710","1940","2173","3131","1971","1909","2900","1845","2777","10796","0","10796"
"20194","11470510","목1동","31902","15352","16550","8196","3573","3465","7074","5023","4571","4118","1754","1476","3253","2606","2145","4078","1819","1989","3821","2417","2426","10486","0","10486"
"20194","11470520","목2동","31151","15206","15945","4646","5085","5565","4720","5072","6063","2418","2521","2837","2241","2446","2743","2228","2564","2728","2479","2626","3320","13073","0","13073"
"20194","11470530","목3동","22890","11016","11874","3107","3670","4183","3344","3787","4799","1679","1825","2076","1594","1707","2135","1428","1845","2107","1750","2080","2664","9934","0","9934"
"20194","11470540","목4동","26744","13137","13607","5179","4195","3040","4893","4849","4588","2742","2226","1512","2157","2430","2070","2437","1969","1528","2736","2419","2518","10127","0","10127"
"20194","11470550","목5동","42852","21169","21683","11266","4791","4165","9453","6804","6373","6053","2487","1816","4238","3530","3045","5213","2304","2349","5215","3274","3328","13530","0","13530"
"20194","11470560","신월1동","21503","11056","10447","2596","2775","2906","3357","4049","5820","1333","1496","1572","1756","2117","2782","1263","1279","1334","1601","1932","3038","10116","0","10116"
"20194","11470570","신월2동","21994","10789","11205","3515","2720","3278","3436","3498","5547","1761","1410","1669","1744","1667","2538","1754","1310","1609","1692","1831","3009","8558","0","8558"
"20194","11470580","신월3동","16501","8717","7784","2274","2192","2193","2434","3147","4261","1201","1137","1218","1366","1708","2087","1073","1055","975","1068","1439","2174","8136","0","8136"
"20194","11470590","신월4동","18960","9322","9638","3445","2222","2697","3132","3006","4458","1788","1161","1316","1580","1452","2025","1657","1061","1381","1552","1554","2433","6889","0","6889"
"20194","11470600","신월5동","15161","7522","7639","2368","2151","2234","2357","2653","3398","1223","1127","1150","1160","1270","1592","1145","1024","1084","1197","1383","1806","6349","0","6349"
"20194","11470610","신월6동","6589","3288","3301","1118","816","774","1059","1144","1678","562","446","412","523","566","779","556","370","362","536","578","899","2493","0","2493"
"20194","11470611","신월7동","21520","10586","10934","2807","2802","2922","3173","3791","6025","1413","1497","1548","1639","1844","2645","1394","1305","1374","1534","1947","3380","9248","0","9248"
"20194","11470620","신정1동","21434","10482","10952","5055","2597","2258","4210","3586","3728","2616","1326","1000","1980","1857","1703","2439","1271","1258","2230","1729","2025","7250","0","7250"
"20194","11470630","신정2동","20527","10047","10480","4364","2798","1955","3877","3758","3775","2253","1450","909","1770","1929","1736","2111","1348","1046","2107","1829","2039","7167","0","7167"
"20194","11470640","신정3동","47701","23276","24425","9382","6092","6185","8438","7923","9681","4822","3140","3024","4080","3862","4348","4560","2952","3161","4358","4061","5333","17830","0","17830"
"20194","11470650","신정4동","34753","17047","17706","4496","5350","5615","5468","5620","8204","2326","2610","2890","2750","2691","3780","2170","2740","2725","2718","2929","4424","15946","0","15946"
"20194","11470670","신정6동","25265","12316","12949","5891","3317","2880","4803","4443","3931","3072","1710","1259","2160","2223","1892","2819","1607","1621","2643","2220","2039","8162","0","8162"
"20194","11470680","신정7동","30648","14885","15763","5642","3961","3435","5361","5470","6779","2918","2097","1628","2546","2744","2952","2724","1864","1807","2815","2726","3827","11622","0","11622"
"20194","11500510","염창동","41942","20530","21412","8973","5412","7225","7833","6082","6417","4622","2582","3430","3865","2987","3044","4351","2830","3795","3968","3095","3373","15230","0","15230"
"20194","11500520","등촌1동","23367","11067","12300","2933","4416","5625","3324","3105","3964","1607","1836","2695","1654","1501","1774","1326","2580","2930","1670","1604","2190","12042","0","12042"
"20194","11500530","등촌2동","21752","10751","11001","3299","3384","3711","3152","3601","4605","1784","1762","1844","1537","1690","2134","1515","1622","1867","1615","1911","2471","8677","0","8677"
"20194","11500535","등촌3동","32405","15414","16991","4225","4404","4704","4220","5797","9055","2177","2275","2391","2004","2670","3897","2048","2129","2313","2216","3127","5158","14775","0","14775"
"20194","11500540","화곡1동","53448","26093","27355","5958","8843","11307","7723","7812","11805","2976","4123","5987","4035","3656","5316","2982","4720","5320","3688","4156","6489","26369","0","26369"
"20194","11500550","화곡2동","19245","9368","9877","3046","2562","3294","3267","2927","4149","1546","1294","1693","1647","1361","1827","1500","1268","1601","1620","1566","2322","8244","0","8244"
"20194","11500560","화곡3동","22464","10784","11680","3154","3325","3392","3280","3528","5785","1626","1584","1672","1582","1651","2669","1528","1741","1720","1698","1877","3116","9399","0","9399"
"20194","11500570","화곡4동","21655","10627","11028","2813","2969","3652","3352","3573","5296","1450","1570","1886","1704","1694","2323","1363","1399","1766","1648","1879","2973","9611","0","9611"
"20194","11500590","화곡본동","35178","17187","17991","5232","5612","6638","5851","4938","6907","2710","2693","3531","2974","2289","2990","2522","2919","3107","2877","2649","3917","16334","0","16334"
"20194","11500591","화곡6동","24665","12183","12482","3199","3883","4060","3754","4089","5680","1694","1942","2114","1896","1919","2618","1505","1941","1946","1858","2170","3062","11434","0","11434"
"20194","11500593","화곡8동","26248","12655","13593","3422","3900","4713","4122","3988","6103","1728","1935","2443","2092","1758","2699","1694","1965","2270","2030","2230","3404","11769","0","11769"
"20194","11500603","가양1동","33866","15832","18034","3981","8137","8113","4613","4307","4715","2068","2871","4188","2380","2038","2287","1913","5266","3925","2233","2269","2428","19109","0","19109"
"20194","11500604","가양2동","15079","7181","7898","1098","1879","2624","1488","2515","5475","572","861","1368","773","1155","2452","526","1018","1256","715","1360","3023","8084","0","8084"
"20194","11500605","가양3동","16093","7551","8542","1563","1955","3281","2018","2437","4839","807","947","1673","1055","1128","1941","756","1008","1608","963","1309","2898","7924","0","7924"
"20194","11500611","발산1동","38619","18411","20208","9122","4736","4829","7572","5685","6675","4540","2340","2282","3621","2745","2883","4582","2396","2547","3951","2940","3792","13609","0","13609"
"20194","11500615","우장산동","44611","21386","23225","9771","5302","6021","8798","6594","8125","4777","2564","2856","4151","3302","3736","4994","2738","3165","4647","3292","4389","16058","0","16058"
"20194","11500620","공항동","27496","13918","13578","4579","3923","5343","4228","3922","5501","2364","1946","2779","2296","1968","2565","2215","1977","2564","1932","1954","2936","12736","0","12736"
"20194","11500630","방화1동","45180","22077","23103","8964","5540","6933","7888","6632","9223","4493","2689","3384","4050","3184","4277","4471","2851","3549","3838","3448","4946","17342","0","17342"
"20194","11500640","방화2동","23794","11756","12038","2876","3504","3679","3316","3821","6598","1512","1692","1964","1771","1883","2934","1364","1812","1715","1545","1938","3664","11570","0","11570"
"20194","11500641","방화3동","24360","11776","12584","3214","2810","3884","3657","3838","6957","1650","1427","1989","1867","1812","3031","1564","1383","1895","1790","2026","3926","11256","0","11256"
"20194","11530510","신도림동","36922","18035","18887","7420","4500","6474","6638","5243","6647","3779","2190","3051","3252","2598","3165","3641","2310","3423","3386","2645","3482","13405","0","13405"
"20194","11530520","구로1동","21153","10454","10699","4093","2622","3887","3697","3051","3803","2156","1299","1950","1841","1445","1763","1937","1323","1937","1856","1606","2040","7817","0","7817"
"20194","11530530","구로2동","25396","12813","12583","2638","3333","3078","3857","4876","7614","1371","1714","1682","2053","2531","3462","1267","1619","1396","1804","2345","4152","12749","0","12749"
"20194","11530540","구로3동","24265","12314","11951","3052","4221","5186","4126","3029","4651","1573","2021","2814","2286","1530","2090","1479","2200","2372","1840","1499","2561","13099","0","13099"
"20194","11530550","구로4동","21308","10422","10886","2301","2897","3209","3231","3674","5996","1173","1418","1660","1656","1833","2682","1128","1479","1549","1575","1841","3314","10685","0","10685"
"20194","11530560","구로5동","30050","14498","15552","3842","5093","5697","4328","4670","6420","1955","2196","2805","2224","2316","3002","1887","2897","2892","2104","2354","3418","14529","0","14529"
"20194","11530595","가리봉동","9380","5098","4282","635","1278","1210","1339","2030","2888","338","685","689","754","1227","1405","297","593","521","585","803","1483","5814","0","5814"
"20194","11530720","고척1동","23691","11871","11820","3582","3324","3003","3710","4083","5989","1855","1750","1562","1884","1983","2837","1727","1574","1441","1826","2100","3152","9541","0","9541"
"20194","11530730","고척2동","28370","14052","14318","4508","3761","3555","4627","4983","6936","2289","1932","1779","2340","2467","3245","2219","1829","1776","2287","2516","3691","11645","0","11645"
"20194","11530740","개봉1동","32896","16460","16436","4767","4298","4605","4980","5646","8600","2380","2242","2374","2617","2797","4050","2387","2056","2231","2363","2849","4550","13951","0","13951"
"20194","11530750","개봉2동","32637","15951","16686","5134","3890","4987","5069","4988","8569","2607","1978","2489","2608","2313","3956","2527","1912","2498","2461","2675","4613","12546","0","12546"
"20194","11530760","개봉3동","21435","10491","10944","2988","2737","3150","3286","3562","5712","1511","1417","1631","1658","1672","2602","1477","1320","1519","1628","1890","3110","8791","0","8791"
"20194","11530770","오류1동","22588","11099","11489","2618","3821","4449","3176","3096","5428","1337","1724","2301","1685","1521","2531","1281","2097","2148","1491","1575","2897","11307","0","11307"
"20194","11530780","오류2동","39743","19234","20509","7786","4785","5597","6819","5744","9012","3969","2302","2740","3456","2732","4035","3817","2483","2857","3363","3012","4977","15400","0","15400"
"20194","11530790","수궁동","24575","12172","12403","3831","3143","3513","3991","4080","6017","2057","1628","1808","1987","1940","2752","1774","1515","1705","2004","2140","3265","9856","0","9856"
"20194","11530800","항동","2748","1343","1405","449","323","375","424","451","726","236","165","176","214","210","342","213","158","199","210","241","384","1071","0","1071"
"20194","11545510","가산동","20985","11594","9391","1568","5230","4811","2661","3000","3715","793","2555","2972","1632","1728","1914","775","2675","1839","1029","1272","1801","13703","0","13703"
"20194","11545610","독산1동","41180","21244","19936","5639","7144","8228","6103","6140","7926","2853","3656","4571","3310","3106","3748","2786","3488","3657","2793","3034","4178","19958","0","19958"
"20194","11545620","독산2동","19428","9909","9519","2362","2802","2528","2835","4005","4896","1226","1504","1358","1452","2044","2325","1136","1298","1170","1383","1961","2571","9227","0","9227"
"20194","11545630","독산3동","25155","12717","12438","2724","3817","3589","3590","5010","6425","1419","1951","1987","1857","2508","2995","1305","1866","1602","1733","2502","3430","12321","0","12321"
"20194","11545640","독산4동","16029","8069","7960","1830","2322","2052","2362","3377","4086","936","1184","1121","1167","1728","1933","894","1138","931","1195","1649","2153","7589","0","7589"
"20194","11545670","시흥1동","34375","17206","17169","4584","4971","4999","5229","6103","8489","2404","2565","2663","2664","3014","3896","2180","2406","2336","2565","3089","4593","15818","0","15818"
"20194","11545680","시흥2동","22225","10813","11412","3934","2617","2642","3645","3859","5528","1971","1358","1306","1773","1845","2560","1963","1259","1336","1872","2014","2968","8314","0","8314"
"20194","11545690","시흥3동","11339","5690","5649","1384","1482","1525","1611","2078","3259","691","790","843","835","1005","1526","693","692","682","776","1073","1733","4717","0","4717"
"20194","11545700","시흥4동","21338","10610","10728","2895","2864","2772","3124","4018","5665","1458","1504","1467","1566","1945","2670","1437","1360","1305","1558","2073","2995","9067","0","9067"
"20194","11545710","시흥5동","20526","10235","10291","2644","2692","2456","3093","3758","5883","1341","1449","1340","1586","1890","2629","1303","1243","1116","1507","1868","3254","9410","0","9410"
"20194","11560515","영등포본동","21940","11205","10735","3016","2845","3367","3329","3742","5641","1555","1515","1763","1736","1925","2711","1461","1330","1604","1593","1817","2930","10171","0","10171"
"20194","11560535","영등포동","26214","14301","11913","2209","5606","6290","3394","3623","5092","1129","2516","3519","2036","2280","2821","1080","3090","2771","1358","1343","2271","16988","0","16988"
"20194","11560540","여의동","34250","16087","18163","5963","4032","5422","5528","5083","8222","2978","1870","2443","2630","2430","3736","2985","2162","2979","2898","2653","4486","13529","0","13529"
"20194","11560550","당산1동","20821","10248","10573","2368","3416","4202","3053","3090","4692","1201","1573","2196","1583","1539","2156","1167","1843","2006","1470","1551","2536","10486","0","10486"
"20194","11560560","당산2동","35448","16651","18797","4956","6943","7661","4967","4579","6342","2517","2878","3659","2486","2184","2927","2439","4065","4002","2481","2395","3415","17083","0","17083"
"20194","11560585","도림동","18924","9561","9363","2182","2700","3451","2946","3110","4535","1153","1335","1799","1584","1618","2072","1029","1365","1652","1362","1492","2463","9394","0","9394"
"20194","11560605","문래동","31722","15648","16074","6226","3573","5810","5704","4069","6340","3222","1706","2806","2916","2041","2957","3004","1867","3004","2788","2028","3383","12446","0","12446"
"20194","11560610","양평1동","17944","8978","8966","2512","2629","4290","2899","2212","3402","1325","1221","2255","1546","1116","1515","1187","1408","2035","1353","1096","1887","8861","0","8861"
"20194","11560620","양평2동","21886","10901","10985","3448","3562","4884","3393","3035","3564","1776","1653","2521","1726","1563","1662","1672","1909","2363","1667","1472","1902","9701","0","9701"
"20194","11560630","신길1동","17419","8836","8583","1675","3139","2949","2498","2659","4499","867","1564","1684","1328","1380","2013","808","1575","1265","1170","1279","2486","9892","0","9892"
"20194","11560650","신길3동","15733","7756","7977","2206","2020","2126","2420","2833","4128","1144","1013","1098","1250","1407","1844","1062","1007","1028","1170","1426","2284","7006","0","7006"
"20194","11560660","신길4동","8930","4458","4472","976","1282","1047","1269","1701","2655","506","679","569","646","848","1210","470","603","478","623","853","1445","4232","0","4232"
"20194","11560670","신길5동","9143","4442","4701","1110","1201","1079","1379","1703","2671","553","617","578","690","817","1187","557","584","501","689","886","1484","4157","0","4157"
"20194","11560680","신길6동","18126","8933","9193","2312","2917","2954","2597","2868","4478","1238","1441","1511","1315","1382","2046","1074","1476","1443","1282","1486","2432","8348","0","8348"
"20194","11560690","신길7동","16810","8390","8420","3181","2372","2821","2774","2553","3109","1730","1168","1419","1394","1255","1424","1451","1204","1402","1380","1298","1685","6516","0","6516"
"20194","11560700","대림1동","12879","6450","6429","1376","1987","1525","1850","2363","3778","767","1019","842","946","1188","1688","609","968","683","904","1175","2090","6330","0","6330"
"20194","11560710","대림2동","12647","6160","6487","1202","1898","1733","1787","2298","3729","605","952","918","887","1139","1659","597","946","815","900","1159","2070","6796","0","6796"
"20194","11560720","대림3동","22984","11535","11449","2908","3128","3415","3375","4291","5867","1521","1585","1850","1688","2131","2760","1387","1543","1565","1687","2160","3107","10135","0","10135"
"20194","11590510","노량진1동","32334","16071","16263","4200","5576","5407","4465","4840","7846","2139","2931","2915","2309","2319","3458","2061","2645","2492","2156","2521","4388","15131","0","15131"
"20194","11590520","노량진2동","13036","6684","6352","1076","2265","1957","1626","2362","3750","557","1212","1134","905","1173","1703","519","1053","823","721","1189","2047","7277","0","7277"
"20194","11590530","상도1동","45129","21967","23162","6563","9582","6640","6623","6306","9415","3293","4945","3311","3309","2928","4181","3270","4637","3329","3314","3378","5234","20997","0","20997"
"20194","11590540","상도2동","28618","13760","14858","4388","4436","5000","4545","4115","6134","2244","2123","2398","2289","1976","2730","2144","2313","2602","2256","2139","3404","12719","0","12719"
"20194","11590550","상도3동","25619","12306","13313","3245","4207","4397","3886","3938","5946","1673","1966","2275","1943","1864","2585","1572","2241","2122","1943","2074","3361","11885","0","11885"
"20194","11590560","상도4동","29467","14407","15060","3967","4571","5027","4536","4576","6790","2080","2261","2623","2296","2171","2976","1887","2310","2404","2240","2405","3814","13367","0","13367"
"20194","11590605","흑석동","32949","16087","16862","4723","5272","4916","4944","5266","7828","2450","2750","2484","2493","2523","3387","2273","2522","2432","2451","2743","4441","14313","0","14313"
"20194","11590620","사당1동","23335","11149","12186","1922","5118","4837","2970","3235","5253","1010","2259","2488","1532","1456","2404","912","2859","2349","1438","1779","2849","13015","0","13015"
"20194","11590630","사당2동","28212","13633","14579","3747","3828","4877","4181","4344","7235","1984","1870","2408","2086","2019","3266","1763","1958","2469","2095","2325","3969","12053","0","12053"
"20194","11590640","사당3동","25822","12559","13263","3977","3532","4341","3991","3826","6155","2071","1683","2096","2066","1803","2840","1906","1849","2245","1925","2023","3315","10596","0","10596"
"20194","11590650","사당4동","14658","7024","7634","1609","2514","2639","2129","2191","3576","834","1169","1351","1084","1039","1547","775","1345","1288","1045","1152","2029","6969","0","6969"
"20194","11590651","사당5동","12800","6216","6584","1848","1969","2147","2021","1955","2860","955","984","1071","1022","911","1273","893","985","1076","999","1044","1587","5689","0","5689"
"20194","11590660","대방동","39773","18940","20833","6984","6518","5658","7028","5868","7717","3477","3052","2759","3381","2967","3304","3507","3466","2899","3647","2901","4413","17164","0","17164"
"20194","11590670","신대방1동","23913","11540","12373","4355","3279","3120","4302","3713","5144","2167","1583","1541","2050","1863","2336","2188","1696","1579","2252","1850","2808","9923","0","9923"
"20194","11590680","신대방2동","21153","10164","10989","3468","3476","3589","3473","2819","4328","1746","1597","1745","1712","1386","1978","1722","1879","1844","1761","1433","2350","9580","0","9580"
"20194","11620525","보라매동","23821","11666","12155","2735","4459","4098","3273","3452","5804","1417","2163","2204","1674","1617","2591","1318","2296","1894","1599","1835","3213","11808","0","11808"
"20194","11620545","청림동","16123","7894","8229","2718","1926","2717","2690","2364","3708","1424","1002","1337","1390","1144","1597","1294","924","1380","1300","1220","2111","6550","0","6550"
"20194","11620565","성현동","37738","18315","19423","6454","5084","5523","6414","5813","8450","3395","2501","2716","3196","2818","3689","3059","2583","2807","3218","2995","4761","15389","0","15389"
"20194","11620575","행운동","29241","14281","14960","2741","7250","6079","3762","3549","5860","1389","3292","3247","1992","1712","2649","1352","3958","2832","1770","1837","3211","16780","0","16780"
"20194","11620585","낙성대동","15845","7922","7923","1474","4915","3338","1879","1619","2620","718","2327","1866","990","823","1198","756","2588","1472","889","796","1422","10117","0","10117"
"20194","11620595","청룡동","29014","13956","15058","2313","9609","5480","3355","3042","5215","1124","4197","2921","1805","1519","2390","1189","5412","2559","1550","1523","2825","19358","0","19358"
"20194","11620605","은천동","34362","16858","17504","5061","5391","5667","5473","4944","7826","2626","2612","2881","2848","2366","3525","2435","2779","2786","2625","2578","4301","15697","0","15697"
"20194","11620615","중앙동","15159","7259","7900","1140","4221","2942","1764","1914","3178","589","1763","1587","936","972","1412","551","2458","1355","828","942","1766","9218","0","9218"
"20194","11620625","인헌동","26218","12845","13373","2977","5686","5072","3734","3489","5260","1531","2693","2699","1900","1684","2338","1446","2993","2373","1834","1805","2922","13855","0","13855"
"20194","11620630","남현동","18791","9018","9773","2051","3904","3922","2430","2623","3861","1012","1762","2047","1228","1191","1778","1039","2142","1875","1202","1432","2083","9387","0","9387"
"20194","11620645","서원동","22717","11596","11121","1676","6173","4698","2795","2891","4484","898","3092","2679","1515","1369","2043","778","3081","2019","1280","1522","2441","13564","0","13564"
"20194","11620655","신원동","18283","9202","9081","1608","4229","3264","2402","2484","4296","803","2163","1878","1303","1190","1865","805","2066","1386","1099","1294","2431","10359","0","10359"
"20194","11620665","서림동","25430","13939","11491","2309","6090","5058","3543","3333","5097","1200","3417","3106","2095","1756","2365","1109","2673","1952","1448","1577","2732","14979","0","14979"
"20194","11620685","신사동","22805","11437","11368","2169","5481","4042","3122","3308","4683","1177","2592","2266","1575","1664","2163","992","2889","1776","1547","1644","2520","13177","0","13177"
"20194","11620695","신림동","21621","10984","10637","947","8072","5757","2410","1747","2688","463","3762","3187","1392","930","1250","484","4310","2570","1018","817","1438","16681","0","16681"
"20194","11620715","난향동","16264","8023","8241","2875","1735","2114","3095","2596","3849","1460","903","1039","1578","1301","1742","1415","832","1075","1517","1295","2107","6444","0","6444"
"20194","11620725","조원동","17381","8823","8558","1622","3847","3318","2283","2498","3813","838","1711","1868","1254","1326","1826","784","2136","1450","1029","1172","1987","10208","0","10208"
"20194","11620735","대학동","24097","14468","9629","1984","6440","4851","3676","3134","4012","1036","3886","3248","2463","1911","1924","948","2554","1603","1213","1223","2088","16074","0","16074"
"20194","11620745","삼성동","25120","12630","12490","2798","3166","2956","3769","4522","7909","1492","1704","1661","2017","2256","3500","1306","1462","1295","1752","2266","4409","11450","0","11450"
"20194","11620765","미성동","31961","15654","16307","4469","4909","4577","4918","5196","7892","2231","2444","2370","2506","2469","3634","2238","2465","2207","2412","2727","4258","14069","0","14069"
"20194","11620775","난곡동","28076","14133","13943","3548","4151","3836","4203","5077","7261","1855","2181","2092","2199","2460","3346","1693","1970","1744","2004","2617","3915","12746","0","12746"
"20194","11650510","서초1동","21364","10310","11054","3614","2894","3810","3866","2939","4241","1900","1427","1715","1861","1435","1972","1714","1467","2095","2005","1504","2269","9376","0","9376"
"20194","11650520","서초2동","18390","8750","9640","3162","2656","3757","3266","2414","3135","1617","1200","1718","1555","1207","1453","1545","1456","2039","1711","1207","1682","8345","0","8345"
"20194","11650530","서초3동","30335","14835","15500","4463","4933","4892","4847","4715","6485","2463","2387","2334","2297","2287","3067","2000","2546","2558","2550","2428","3418","13294","0","13294"
"20194","11650531","서초4동","31104","15101","16003","7269","3639","3940","6356","4546","5354","3778","1738","1682","2994","2362","2547","3491","1901","2258","3362","2184","2807","10668","0","10668"
"20194","11650540","잠원동","33603","15961","17642","6473","4416","5185","6473","5316","5740","3364","2109","2359","2946","2614","2569","3109","2307","2826","3527","2702","3171","13628","0","13628"
"20194","11650550","반포본동","12084","5676","6408","2598","1519","941","2409","2065","2552","1276","751","415","997","1073","1164","1322","768","526","1412","992","1388","4134","0","4134"
"20194","11650560","반포1동","30491","14657","15834","6096","4185","5395","6197","3818","4800","3062","1904","2423","3128","1965","2175","3034","2281","2972","3069","1853","2625","13583","0","13583"
"20194","11650570","반포2동","16177","7721","8456","4670","1385","1711","3750","2049","2612","2385","689","670","1734","1081","1162","2285","696","1041","2016","968","1450","5121","0","5121"
"20194","11650580","반포3동","18406","8696","9710","4160","2055","2283","3914","2765","3229","2129","1029","988","1779","1380","1391","2031","1026","1295","2135","1385","1838","6434","0","6434"
"20194","11650581","반포4동","19576","9239","10337","3953","2404","2888","3563","2824","3944","2070","1152","1281","1608","1353","1775","1883","1252","1607","1955","1471","2169","7283","0","7283"
"20194","11650590","방배본동","21317","9931","11386","4442","2667","2513","4069","3435","4191","2160","1251","1107","1783","1736","1894","2282","1416","1406","2286","1699","2297","7857","0","7857"
"20194","11650600","방배1동","17339","8143","9196","2572","2539","3098","2862","2424","3844","1342","1206","1401","1334","1116","1744","1230","1333","1697","1528","1308","2100","7580","0","7580"
"20194","11650610","방배2동","20781","9776","11005","2954","3024","3257","3160","3301","5085","1539","1449","1512","1501","1483","2292","1415","1575","1745","1659","1818","2793","8765","0","8765"
"20194","11650620","방배3동","22141","10669","11472","3552","2993","3095","3361","3679","5461","1819","1554","1477","1533","1711","2575","1733","1439","1618","1828","1968","2886","8366","0","8366"
"20194","11650621","방배4동","23764","10931","12833","4350","3267","3706","4351","3497","4593","2079","1441","1678","1954","1683","2096","2271","1826","2028","2397","1814","2497","9727","0","9727"
"20194","11650651","양재1동","45153","21615","23538","8854","5442","7269","7847","6280","9461","4556","2681","3441","3859","2942","4136","4298","2761","3828","3988","3338","5325","18052","0","18052"
"20194","11650652","양재2동","22891","11514","11377","3275","3486","4643","3970","3319","4198","1704","1789","2411","2064","1633","1913","1571","1697","2232","1906","1686","2285","10734","0","10734"
"20194","11650660","내곡동","18146","8790","9356","3475","1947","3059","2949","2457","4259","1727","1018","1413","1509","1142","1981","1748","929","1646","1440","1315","2278","7181","0","7181"
"20194","11680510","신사동","17320","8049","9271","2814","2385","2569","3172","2474","3906","1436","1087","1128","1422","1227","1749","1378","1298","1441","1750","1247","2157","7464","0","7464"
"20194","11680521","논현1동","23122","10755","12367","1717","4578","5986","3825","2813","4203","852","2031","2765","1863","1356","1888","865","2547","3221","1962","1457","2315","14200","0","14200"
"20194","11680531","논현2동","21554","10024","11530","2561","3489","4696","3709","2859","4240","1329","1575","2074","1796","1379","1871","1232","1914","2622","1913","1480","2369","11305","0","11305"
"20194","11680545","압구정동","27528","12625","14903","5144","3257","3642","5002","3904","6579","2474","1520","1559","2274","1889","2909","2670","1737","2083","2728","2015","3670","10665","0","10665"
"20194","11680565","청담동","29706","13957","15749","4941","4268","4958","5094","4518","5927","2612","2013","2160","2345","2116","2711","2329","2255","2798","2749","2402","3216","12480","0","12480"
"20194","11680580","삼성1동","14671","7305","7366","2397","2091","2201","2425","2419","3138","1384","1141","1037","1111","1156","1476","1013","950","1164","1314","1263","1662","5916","0","5916"
"20194","11680590","삼성2동","30227","14413","15814","6000","3924","5308","6433","3945","4617","3258","1904","2222","2968","1988","2073","2742","2020","3086","3465","1957","2544","13326","0","13326"
"20194","11680600","대치1동","25282","12681","12601","7645","2636","1690","6222","3803","3286","4259","1322","644","2748","2113","1595","3386","1314","1046","3474","1690","1691","7413","0","7413"
"20194","11680610","대치2동","38520","19563","18957","8591","5396","3408","7573","6914","6638","4998","2910","1593","3214","3626","3222","3593","2486","1815","4359","3288","3416","12926","0","12926"
"20194","11680630","대치4동","20602","9755","10847","3493","3464","3403","4159","3207","2876","1864","1675","1531","1803","1597","1285","1629","1789","1872","2356","1610","1591","10232","0","10232"
"20194","11680640","역삼1동","36033","17387","18646","2759","7661","10184","5913","4218","5298","1359","3343","4993","3019","2180","2493","1400","4318","5191","2894","2038","2805","23598","0","23598"
"20194","11680650","역삼2동","36341","17105","19236","8476","4504","5255","8520","4671","4915","4173","1998","2260","3952","2536","2186","4303","2506","2995","4568","2135","2729","15011","0","15011"
"20194","11680655","도곡1동","21755","10294","11461","4036","3057","3354","3776","3399","4133","1908","1451","1518","1793","1620","2004","2128","1606","1836","1983","1779","2129","8347","0","8347"
"20194","11680656","도곡2동","34327","15935","18392","7795","4151","3887","6666","5473","6355","3669","1902","1613","2934","2776","3041","4126","2249","2274","3732","2697","3314","11821","0","11821"
"20194","11680660","개포1동","6921","3349","3572","1003","864","729","971","1181","2173","488","440","337","468","593","1023","515","424","392","503","588","1150","2745","0","2745"
"20194","11680670","개포2동","21595","10432","11163","4115","2939","2827","3545","3797","4372","2046","1482","1369","1577","1868","2090","2069","1457","1458","1968","1929","2282","7799","0","7799"
"20194","11680690","개포4동","18123","8895","9228","2843","2663","2815","3025","3127","3650","1467","1362","1413","1457","1511","1685","1376","1301","1402","1568","1616","1965","7666","0","7666"
"20194","11680700","세곡동","44930","21448","23482","9603","5413","7367","7670","6081","8796","4828","2618","3403","3783","2964","3852","4775","2795","3964","3887","3117","4944","17779","0","17779"
"20194","11680720","일원본동","24381","11972","12409","5828","2692","3205","4639","3718","4299","3247","1405","1455","2147","1791","1927","2581","1287","1750","2492","1927","2372","8187","0","8187"
"20194","11680730","일원1동","16264","7956","8308","2097","2368","2413","2251","2684","4451","1136","1219","1265","1137","1268","1931","961","1149","1148","1114","1416","2520","7500","0","7500"
"20194","11680740","일원2동","18064","8717","9347","3167","2001","2715","3145","2671","4365","1820","1060","1284","1515","1302","1736","1347","941","1431","1630","1369","2629","7342","0","7342"
"20194","11680750","수서동","15915","7306","8609","1427","1752","2567","1757","2445","5967","708","924","1305","930","1081","2358","719","828","1262","827","1364","3609","7868","0","7868"
"20194","11710510","풍납1동","14711","7285","7426","1783","1892","2205","2132","2588","4111","938","994","1169","1083","1229","1872","845","898","1036","1049","1359","2239","6579","0","6579"
"20194","11710520","풍납2동","24414","11596","12818","3998","3696","4007","3938","3591","5184","2045","1627","1874","1887","1736","2427","1953","2069","2133","2051","1855","2757","10396","0","10396"
"20194","11710531","거여1동","13193","6726","6467","1866","1868","1740","2100","2393","3226","973","1028","918","1041","1211","1555","893","840","822","1059","1182","1671","5501","0","5501"
"20194","11710532","거여2동","16804","8275","8529","2579","1902","2283","2752","2906","4382","1354","995","1182","1342","1428","1974","1225","907","1101","1410","1478","2408","7154","0","7154"
"20194","11710540","마천1동","20581","10529","10052","2907","2558","2395","3150","3702","5869","1497","1355","1296","1638","1973","2770","1410","1203","1099","1512","1729","3099","9061","0","9061"
"20194","11710550","마천2동","20030","10173","9857","2581","2559","2371","2956","3906","5657","1324","1388","1292","1551","1990","2628","1257","1171","1079","1405","1916","3029","8663","0","8663"
"20194","11710561","방이1동","16384","7907","8477","2943","2499","2305","2776","2749","3112","1512","1253","1123","1250","1313","1456","1431","1246","1182","1526","1436","1656","6233","0","6233"
"20194","11710562","방이2동","25553","12234","13319","2738","4608","5672","3694","3790","5051","1483","2071","2762","1842","1739","2337","1255","2537","2910","1852","2051","2714","13455","0","13455"
"20194","11710566","오륜동","18915","9307","9608","4336","2328","1857","3495","3168","3731","2383","1214","774","1562","1564","1810","1953","1114","1083","1933","1604","1921","5970","0","5970"
"20194","11710570","오금동","40806","19860","20946","6586","5877","6104","6026","7216","8997","3453","3048","3012","2791","3392","4164","3133","2829","3092","3235","3824","4833","15791","0","15791"
"20194","11710580","송파1동","25549","12037","13512","2913","4634","5693","3567","3763","4979","1446","2120","2756","1678","1714","2323","1467","2514","2937","1889","2049","2656","12413","0","12413"
"20194","11710590","송파2동","20644","9969","10675","3677","3022","3073","3125","3438","4309","1909","1441","1471","1489","1626","2033","1768","1581","1602","1636","1812","2276","7378","0","7378"
"20194","11710600","석촌동","33503","16070","17433","4002","5695","7336","5087","4987","6396","2068","2602","3585","2498","2394","2923","1934","3093","3751","2589","2593","3473","16901","0","16901"
"20194","11710610","삼전동","32314","15421","16893","4072","5369","6963","5403","4706","5801","2112","2494","3439","2620","2164","2592","1960","2875","3524","2783","2542","3209","16287","0","16287"
"20194","11710620","가락본동","27536","13635","13901","3769","4422","4949","3999","4875","5522","1944","2176","2499","1984","2363","2669","1825","2246","2450","2015","2512","2853","11890","0","11890"
"20194","11710631","가락1동","27396","13344","14052","5372","3784","5504","4174","4013","4549","2790","1835","2647","2038","1877","2157","2582","1949","2857","2136","2136","2392","9766","0","9766"
"20194","11710632","가락2동","33685","16517","17168","6491","4763","5071","5770","5396","6194","3394","2390","2449","2776","2580","2928","3097","2373","2622","2994","2816","3266","12298","0","12298"
"20194","11710641","문정1동","20832","10339","10493","3012","3374","3660","2890","3540","4356","1571","1685","1905","1416","1648","2114","1441","1689","1755","1474","1892","2242","8454","0","8454"
"20194","11710642","문정2동","30399","14169","16230","3480","5447","7983","4384","3657","5448","1774","2177","3731","2119","1745","2623","1706","3270","4252","2265","1912","2825","15698","0","15698"
"20194","11710646","장지동","32810","15864","16946","5886","4521","5174","5209","5529","6491","2983","2319","2576","2532","2583","2871","2903","2202","2598","2677","2946","3620","12928","0","12928"
"20194","11710647","위례동","28329","13801","14528","8249","2803","5245","5553","3279","3200","4133","1398","2391","2850","1625","1404","4116","1405","2854","2703","1654","1796","9053","0","9053"
"20194","11710650","잠실본동","28956","13706","15250","3388","5129","6230","4593","4205","5411","1719","2342","3001","2204","1980","2460","1669","2787","3229","2389","2225","2951","15115","0","15115"
"20194","11710670","잠실2동","36652","17487","19165","10396","3296","4575","8955","4597","4833","5243","1533","1822","4242","2476","2171","5153","1763","2753","4713","2121","2662","11974","0","11974"
"20194","11710680","잠실3동","35888","17098","18790","7485","4214","4842","6311","5348","7688","3853","2011","2118","2913","2572","3631","3632","2203","2724","3398","2776","4057","12188","0","12188"
"20194","11710690","잠실4동","22193","10718","11475","5414","2088","3506","4389","2902","3894","2802","1053","1474","2157","1426","1806","2612","1035","2032","2232","1476","2088","7501","0","7501"
"20194","11710710","잠실6동","17264","8233","9031","3194","2125","2554","2686","2693","4012","1642","1037","1168","1208","1270","1908","1552","1088","1386","1478","1423","2104","5933","0","5933"
"20194","11710720","잠실7동","10189","4744","5445","1775","1307","1132","1510","1676","2789","798","621","507","675","821","1322","977","686","625","835","855","1467","3477","0","3477"
"20194","11740515","강일동","31985","15481","16504","7260","3943","3402","5663","4995","6722","3719","1994","1549","2734","2469","3016","3541","1949","1853","2929","2526","3706","11148","0","11148"
"20194","11740520","상일동","10654","5325","5329","1823","1413","1316","1572","2020","2510","964","780","672","734","989","1186","859","633","644","838","1031","1324","4078","0","4078"
"20194","11740530","명일1동","21639","10586","11053","3839","2823","3007","3481","3611","4878","1996","1482","1526","1630","1693","2259","1843","1341","1481","1851","1918","2619","8071","0","8071"
"20194","11740540","명일2동","17726","8766","8960","3826","2302","1885","3137","2945","3631","2048","1195","917","1403","1446","1757","1778","1107","968","1734","1499","1874","5973","0","5973"
"20194","11740550","고덕1동","26937","13682","13255","6777","2697","4090","5434","3669","4270","3706","1476","1903","2734","1873","1990","3071","1221","2187","2700","1796","2280","9046","0","9046"
"20194","11740560","고덕2동","6923","3676","3247","783","889","735","982","1401","2133","414","528","415","535","769","1015","369","361","320","447","632","1118","3265","0","3265"
"20194","11740570","암사1동","36325","18025","18300","5289","4951","5667","5763","6162","8493","2721","2567","2929","2922","3039","3847","2568","2384","2738","2841","3123","4646","16097","0","16097"
"20194","11740580","암사2동","14471","7075","7396","2263","1927","2634","2326","2171","3150","1162","973","1309","1150","1044","1437","1101","954","1325","1176","1127","1713","5930","0","5930"
"20194","11740590","암사3동","18657","9130","9527","4101","2064","2708","3335","2728","3721","2094","1057","1237","1669","1305","1768","2007","1007","1471","1666","1423","1953","6355","0","6355"
"20194","11740600","천호1동","28069","13871","14198","3568","3942","4212","4196","4844","7307","1826","1983","2225","2177","2313","3347","1742","1959","1987","2019","2531","3960","12768","0","12768"
"20194","11740610","천호2동","34709","17274","17435","3929","4883","6224","5139","6061","8473","2040","2370","3233","2670","3069","3892","1889","2513","2991","2469","2992","4581","17425","0","17425"
"20194","11740620","천호3동","27361","13519","13842","3053","3979","4858","3983","4596","6892","1551","1870","2435","2095","2338","3230","1502","2109","2423","1888","2258","3662","13569","0","13569"
"20194","11740640","성내1동","20451","9903","10548","3498","2732","3357","3449","3114","4301","1794","1358","1621","1689","1476","1965","1704","1374","1736","1760","1638","2336","8126","0","8126"
"20194","11740650","성내2동","24392","12087","12305","2519","3812","4391","3642","4021","6007","1292","1795","2308","1892","1995","2805","1227","2017","2083","1750","2026","3202","12458","0","12458"
"20194","11740660","성내3동","23646","11720","11926","3390","3604","3648","3686","4055","5263","1941","1864","1861","1794","1904","2356","1449","1740","1787","1892","2151","2907","10286","0","10286"
"20194","11740685","길동","45987","22534","23453","6003","6890","7408","6965","7661","11060","3180","3348","3765","3549","3588","5104","2823","3542","3643","3416","4073","5956","20473","0","20473"
"20194","11740690","둔촌1동","268","128","140","15","20","28","51","35","119","9","10","16","25","18","50","6","10","12","26","17","69","164","0","164"
"20194","11740700","둔촌2동","27648","13656","13992","4390","4034","4074","4098","4694","6358","2331","2053","2051","2006","2235","2980","2059","1981","2023","2092","2459","3378","11207","0","11207"
"20201","11110515","청운효자동","12817","5963","6854","2171","1630","1765","2276","1996","2979","1136","794","819","999","956","1259","1035","836","946","1277","1040","1720","5388","0","5388"
"20201","11110530","사직동","9386","4219","5167","1350","1211","1370","1496","1515","2444","651","556","606","666","671","1069","699","655","764","830","844","1375","4547","0","4547"
"20201","11110540","삼청동","2717","1306","1411","307","349","386","377","432","866","171","178","188","185","206","378","136","171","198","192","226","488","1375","0","1375"
"20201","11110550","부암동","9987","4758","5229","1504","1390","1223","1614","1717","2539","796","729","566","742","788","1137","708","661","657","872","929","1402","4257","0","4257"
"20201","11110560","평창동","18604","8712","9892","2924","2598","2301","2790","3334","4657","1496","1338","1059","1241","1509","2069","1428","1260","1242","1549","1825","2588","7497","0","7497"
"20201","11110570","무악동","8074","3783","4291","1624","904","839","1497","1314","1896","761","406","387","720","686","823","863","498","452","777","628","1073","2965","0","2965"
"20201","11110580","교남동","10621","4948","5673","1787","1306","1819","1908","1573","2228","894","608","841","906","759","940","893","698","978","1002","814","1288","4596","0","4596"
"20201","11110600","가회동","4391","2029","2362","576","482","596","787","721","1229","300","228","284","366","322","529","276","254","312","421","399","700","2060","0","2060"
"20201","11110615","종로1?2?3?4가동","7262","4335","2927","445","884","904","942","1412","2675","230","462","510","578","985","1570","215","422","394","364","427","1105","5246","0","5246"
"20201","11110630","종로5?6가동","5211","2860","2351","390","1001","652","655","986","1527","205","545","391","367","574","778","185","456","261","288","412","749","3235","0","3235"
"20201","11110640","이화동","7912","3762","4150","741","1698","1352","1060","1161","1900","367","811","640","529","572","843","374","887","712","531","589","1057","4493","0","4493"
"20201","11110650","혜화동","16833","8089","8744","2172","4389","2178","2315","2257","3522","1068","2206","1127","1095","1079","1514","1104","2183","1051","1220","1178","2008","9164","0","9164"
"20201","11110670","창신1동","5230","2802","2428","438","598","545","702","1170","1777","223","323","306","362","666","922","215","275","239","340","504","855","2927","0","2927"
"20201","11110680","창신2동","8561","4376","4185","853","1240","916","1237","1876","2439","439","657","537","654","985","1104","414","583","379","583","891","1335","4107","0","4107"
"20201","11110690","창신3동","7127","3516","3611","991","1017","1016","1011","1300","1792","517","533","492","497","642","835","474","484","524","514","658","957","2907","0","2907"
"20201","11110700","숭인1동","6180","3032","3148","734","809","869","981","1137","1650","357","415","468","505","550","737","377","394","401","476","587","913","2946","0","2946"
"20201","11110710","숭인2동","9457","4826","4631","684","1828","1518","1279","1706","2442","344","777","807","709","936","1253","340","1051","711","570","770","1189","5736","0","5736"
"20201","11140520","소공동","2054","1000","1054","288","205","458","420","290","393","125","84","220","218","151","202","163","121","238","202","139","191","1099","0","1099"
"20201","11140540","회현동","5401","2922","2479","444","519","590","724","1050","2074","214","238","298","413","640","1119","230","281","292","311","410","955","3239","0","3239"
"20201","11140550","명동","2675","1120","1555","208","275","331","414","483","964","93","137","152","172","204","362","115","138","179","242","279","602","1339","0","1339"
"20201","11140570","필동","4062","2101","1961","397","679","652","525","614","1195","219","340","361","298","337","546","178","339","291","227","277","649","2321","0","2321"
"20201","11140580","장충동","4645","2365","2280","499","1183","683","589","608","1083","259","636","366","314","306","484","240","547","317","275","302","599","2651","0","2651"
"20201","11140590","광희동","4884","2591","2293","341","707","717","609","890","1620","178","357","397","333","509","817","163","350","320","276","381","803","2930","0","2930"
"20201","11140605","을지로동","1770","1085","685","82","194","250","192","367","685","45","86","144","131","258","421","37","108","106","61","109","264","1310","0","1310"
"20201","11140615","신당동","7514","3755","3759","581","1275","1271","1131","1378","1878","276","599","664","612","722","882","305","676","607","519","656","996","4394","0","4394"
"20201","11140625","다산동","14280","6951","7329","1534","2359","2302","2112","2329","3644","813","1147","1195","1059","1142","1595","721","1212","1107","1053","1187","2049","6828","0","6828"
"20201","11140635","약수동","17520","8259","9261","2321","2060","2573","2589","2886","5091","1165","1036","1201","1291","1355","2211","1156","1024","1372","1298","1531","2880","7792","0","7792"
"20201","11140645","청구동","14315","6810","7505","1844","1988","2282","2076","2391","3734","944","993","1130","986","1162","1595","900","995","1152","1090","1229","2139","6390","0","6390"
"20201","11140650","신당5동","9242","4582","4660","1131","1303","1337","1442","1707","2322","566","651","678","757","892","1038","565","652","659","685","815","1284","4498","0","4498"
"20201","11140665","동화동","10843","5217","5626","1702","1529","1424","1676","1963","2549","878","761","659","821","935","1163","824","768","765","855","1028","1386","4151","0","4151"
"20201","11140670","황학동","12541","6073","6468","1295","2087","2816","1804","1818","2721","664","907","1405","907","923","1267","631","1180","1411","897","895","1454","6729","0","6729"
"20201","11140680","중림동","12684","6347","6337","1865","1541","2415","2023","1996","2844","964","743","1205","1042","1048","1345","901","798","1210","981","948","1499","5846","0","5846"
"20201","11170510","후암동","17971","8744","9227","2443","2644","2870","2821","2937","4256","1317","1348","1476","1387","1406","1810","1126","1296","1394","1434","1531","2446","8584","0","8584"
"20201","11170520","용산2가동","10366","5023","5343","1087","1575","1827","1473","1512","2892","561","850","925","754","700","1233","526","725","902","719","812","1659","5398","0","5398"
"20201","11170530","남영동","7846","4803","3043","502","982","1060","1176","1699","2427","265","477","551","789","1209","1512","237","505","509","387","490","915","5464","0","5464"
"20201","11170555","청파동","19763","9361","10402","2021","4053","3093","2862","3105","4629","1061","1688","1665","1424","1547","1976","960","2365","1428","1438","1558","2653","10656","0","10656"
"20201","11170560","원효로1동","15876","7663","8213","2240","2400","3632","2624","2141","2839","1144","1018","1798","1358","1041","1304","1096","1382","1834","1266","1100","1535","7768","0","7768"
"20201","11170570","원효로2동","14479","6812","7667","2370","1890","2114","2400","2353","3352","1046","894","1072","1180","1163","1457","1324","996","1042","1220","1190","1895","5965","0","5965"
"20201","11170580","효창동","9013","4307","4706","1399","1372","1579","1404","1363","1896","720","657","783","669","662","816","679","715","796","735","701","1080","3818","0","3818"
"20201","11170590","용문동","12234","5849","6385","1752","1746","2022","1895","1964","2855","901","834","1003","930","980","1201","851","912","1019","965","984","1654","5292","0","5292"
"20201","11170625","한강로동","18270","8823","9447","2023","2789","3641","2660","3049","4108","1059","1279","1721","1313","1492","1959","964","1510","1920","1347","1557","2149","9542","0","9542"
"20201","11170630","이촌1동","26203","12277","13926","5398","2783","3460","4702","4052","5808","2765","1366","1534","2122","1959","2531","2633","1417","1926","2580","2093","3277","9503","0","9503"
"20201","11170640","이촌2동","8918","4216","4702","1122","1008","1553","1264","1435","2536","589","497","796","620","658","1056","533","511","757","644","777","1480","3861","0","3861"
"20201","11170650","이태원1동","6879","3256","3623","581","998","1081","935","1137","2147","294","530","566","462","537","867","287","468","515","473","600","1280","3778","0","3778"
"20201","11170660","이태원2동","9285","4305","4980","986","1332","1699","1400","1317","2551","485","686","853","658","587","1036","501","646","846","742","730","1515","4877","0","4877"
"20201","11170685","한남동","20545","9898","10647","2288","2676","4037","3354","3120","5070","1198","1321","2034","1628","1512","2205","1090","1355","2003","1726","1608","2865","11066","0","11066"
"20201","11170690","서빙고동","14396","6932","7464","2572","1928","1823","2720","2372","2981","1327","955","872","1295","1186","1297","1245","973","951","1425","1186","1684","5691","0","5691"
"20201","11170700","보광동","14393","7046","7347","1350","2259","2191","2184","2520","3889","746","1240","1185","1078","1186","1611","604","1019","1006","1106","1334","2278","7645","0","7645"
"20201","11200520","왕십리2동","17366","8472","8894","2564","2537","3047","2767","2773","3678","1318","1232","1532","1372","1354","1664","1246","1305","1515","1395","1419","2014","7588","0","7588"
"20201","11200535","왕십리도선동","27197","12959","14238","4167","4405","4878","4103","4384","5260","2081","2050","2309","2024","2101","2394","2086","2355","2569","2079","2283","2866","11679","0","11679"
"20201","11200540","마장동","23348","11511","11837","3110","4466","3387","3192","3876","5317","1588","2193","1756","1607","1922","2445","1522","2273","1631","1585","1954","2872","10877","0","10877"
"20201","11200550","사근동","11680","5995","5685","1245","4323","1669","1189","1268","1986","591","2385","908","620","615","876","654","1938","761","569","653","1110","7426","0","7426"
"20201","11200560","행당1동","16063","7804","8259","2204","2655","2597","2478","2645","3484","1109","1302","1283","1216","1279","1615","1095","1353","1314","1262","1366","1869","7292","0","7292"
"20201","11200570","행당2동","24582","11559","13023","4287","3070","3813","4363","3916","5133","2020","1446","1823","2113","1927","2230","2267","1624","1990","2250","1989","2903","9454","0","9454"
"20201","11200580","응봉동","16162","7675","8487","3078","1792","2306","3121","2462","3403","1519","908","1101","1485","1199","1463","1559","884","1205","1636","1263","1940","6180","0","6180"
"20201","11200590","금호1가동","15816","7571","8245","2497","1910","2867","2605","2397","3540","1283","942","1363","1314","1137","1532","1214","968","1504","1291","1260","2008","6597","0","6597"
"20201","11200615","금호2?3가동","24052","11459","12593","3476","3023","4403","3899","3748","5503","1750","1521","2108","1948","1771","2361","1726","1502","2295","1951","1977","3142","10345","0","10345"
"20201","11200620","금호4가동","14812","7099","7713","2428","1597","2813","2613","2155","3206","1248","804","1344","1303","1038","1362","1180","793","1469","1310","1117","1844","6341","0","6341"
"20201","11200645","옥수동","27174","12711","14463","4446","3155","5426","4502","3989","5656","2274","1451","2419","2243","1854","2470","2172","1704","3007","2259","2135","3186","11105","0","11105"
"20201","11200650","성수1가1동","16849","8425","8424","2351","2599","2935","2559","3048","3357","1228","1328","1472","1248","1560","1589","1123","1271","1463","1311","1488","1768","7587","0","7587"
"20201","11200660","성수1가2동","14194","7058","7136","1917","2237","2652","2286","2169","2933","989","1122","1298","1141","1119","1389","928","1115","1354","1145","1050","1544","6607","0","6607"
"20201","11200670","성수2가1동","17138","8954","8184","1923","2456","2698","2491","3317","4253","1004","1292","1447","1329","1807","2075","919","1164","1251","1162","1510","2178","8516","0","8516"
"20201","11200690","성수2가3동","11349","5793","5556","1193","2022","2062","1527","1897","2648","613","942","1079","807","1029","1323","580","1080","983","720","868","1325","5673","0","5673"
"20201","11200720","송정동","10955","5818","5137","1244","1680","1702","1652","2078","2599","672","880","942","902","1160","1262","572","800","760","750","918","1337","5503","0","5503"
"20201","11200790","용답동","12297","6524","5773","1225","1982","1756","1913","2330","3091","620","955","981","1094","1362","1512","605","1027","775","819","968","1579","6823","0","6823"
"20201","11215710","화양동","21879","10427","11452","1269","8837","4316","2216","2086","3155","607","3827","2231","1228","1110","1424","662","5010","2085","988","976","1731","16005","0","16005"
"20201","11215730","군자동","19728","9753","9975","2101","4123","3664","2635","3019","4186","1097","2005","1859","1360","1530","1902","1004","2118","1805","1275","1489","2284","10539","0","10539"
"20201","11215740","중곡1동","16503","8099","8404","1755","2787","3213","2401","2665","3682","918","1300","1631","1247","1299","1704","837","1487","1582","1154","1366","1978","8349","0","8349"
"20201","11215750","중곡2동","22009","10546","11463","2837","3788","4008","3116","3646","4614","1451","1769","1985","1530","1722","2089","1386","2019","2023","1586","1924","2525","10327","0","10327"
"20201","11215760","중곡3동","17079","8484","8595","1957","2686","2813","2497","3078","4048","1003","1373","1493","1236","1528","1851","954","1313","1320","1261","1550","2197","8436","0","8436"
"20201","11215770","중곡4동","29801","14693","15108","3803","4470","4537","4402","5469","7120","2014","2272","2287","2217","2635","3268","1789","2198","2250","2185","2834","3852","13053","0","13053"
"20201","11215780","능동","11440","5271","6169","1187","2253","2704","1590","1445","2261","615","929","1256","806","651","1014","572","1324","1448","784","794","1247","6221","0","6221"
"20201","11215810","광장동","35891","17347","18544","9131","4163","4033","7953","5336","5275","4691","2044","1761","3677","2756","2418","4440","2119","2272","4276","2580","2857","12011","0","12011"
"20201","11215820","자양1동","22927","11082","11845","2740","4194","3950","3512","3682","4849","1429","2011","1970","1757","1759","2156","1311","2183","1980","1755","1923","2693","11433","0","11433"
"20201","11215830","자양2동","26501","13004","13497","3873","3959","4280","4234","4386","5769","2054","2003","2117","2083","2066","2681","1819","1956","2163","2151","2320","3088","11222","0","11222"
"20201","11215840","자양3동","29199","14068","15131","5305","4008","4528","4757","4728","5873","2642","1982","2136","2284","2269","2755","2663","2026","2392","2473","2459","3118","11029","0","11029"
"20201","11215847","자양4동","18510","9301","9209","1752","2769","2837","2635","3362","5155","860","1387","1516","1404","1761","2373","892","1382","1321","1231","1601","2782","9620","0","9620"
"20201","11215850","구의1동","22191","10601","11590","2301","4578","4375","3286","3270","4381","1174","2109","2171","1656","1561","1930","1127","2469","2204","1630","1709","2451","11676","0","11676"
"20201","11215860","구의2동","27488","13260","14228","4401","3731","4169","4528","4598","6061","2219","1848","2090","2204","2173","2726","2182","1883","2079","2324","2425","3335","11636","0","11636"
"20201","11215870","구의3동","29770","14189","15581","4718","4830","4815","4728","4912","5767","2336","2344","2285","2210","2327","2687","2382","2486","2530","2518","2585","3080","12139","0","12139"
"20201","11230536","용신동","30305","15568","14737","2940","5438","5139","4319","4757","7712","1543","2695","2733","2353","2536","3708","1397","2743","2406","1966","2221","4004","16973","0","16973"
"20201","11230545","제기동","24854","12719","12135","2541","4147","3399","3236","3949","7582","1317","2261","1884","1771","2040","3446","1224","1886","1515","1465","1909","4136","12908","0","12908"
"20201","11230560","전농1동","30410","15295","15115","4062","4609","4432","4530","4997","7780","2064","2346","2319","2389","2539","3638","1998","2263","2113","2141","2458","4142","14863","0","14863"
"20201","11230570","전농2동","19572","9378","10194","3184","2457","2417","3212","3317","4985","1573","1242","1196","1525","1619","2223","1611","1215","1221","1687","1698","2762","7734","0","7734"
"20201","11230600","답십리1동","29395","14297","15098","4870","4078","5608","4702","4388","5749","2480","1939","2678","2418","2161","2621","2390","2139","2930","2284","2227","3128","12675","0","12675"
"20201","11230610","답십리2동","29929","14672","15257","4204","3898","4419","4636","5151","7621","2145","1961","2280","2357","2513","3416","2059","1937","2139","2279","2638","4205","12713","0","12713"
"20201","11230650","장안1동","38254","19099","19155","5374","5151","6303","6396","6108","8922","2760","2506","3246","3332","3027","4228","2614","2645","3057","3064","3081","4694","17403","0","17403"
"20201","11230660","장안2동","31159","15607","15552","5560","3653","4823","5472","4774","6877","2925","1933","2406","2785","2395","3163","2635","1720","2417","2687","2379","3714","12984","0","12984"
"20201","11230705","청량리동","21395","10727","10668","2266","2547","2567","2828","3825","7362","1179","1357","1379","1502","1943","3367","1087","1190","1188","1326","1882","3995","10513","0","10513"
"20201","11230710","회기동","10023","4762","5261","1177","2840","1503","1309","1163","2031","568","1349","765","666","564","850","609","1491","738","643","599","1181","5891","0","5891"
"20201","11230720","휘경1동","12359","6191","6168","1245","2667","1781","1617","1937","3112","648","1289","966","852","1012","1424","597","1378","815","765","925","1688","6662","0","6662"
"20201","11230730","휘경2동","24341","12069","12272","3537","5141","3108","3597","3533","5425","1742","2734","1651","1784","1720","2438","1795","2407","1457","1813","1813","2987","11506","0","11506"
"20201","11230740","이문1동","18947","9452","9495","2202","4563","2332","2642","2688","4520","1091","2346","1309","1350","1368","1988","1111","2217","1023","1292","1320","2532","10476","0","10476"
"20201","11230750","이문2동","20641","10060","10581","3318","2717","2619","3363","3399","5225","1700","1337","1305","1675","1689","2354","1618","1380","1314","1688","1710","2871","8415","0","8415"
"20201","11260520","면목2동","25638","12847","12791","3250","3480","3563","4006","5031","6308","1627","1766","1897","2104","2581","2872","1623","1714","1666","1902","2450","3436","12228","0","12228"
"20201","11260540","면목4동","19810","9869","9941","2550","2635","2963","3138","3370","5154","1367","1311","1538","1659","1694","2300","1183","1324","1425","1479","1676","2854","9253","0","9253"
"20201","11260550","면목5동","9571","4887","4684","1191","1283","1425","1456","1786","2430","597","687","756","785","921","1141","594","596","669","671","865","1289","4486","0","4486"
"20201","11260565","면목본동","35487","17662","17825","4050","5333","5696","5324","6557","8527","2047","2726","3025","2734","3253","3877","2003","2607","2671","2590","3304","4650","17653","0","17653"
"20201","11260570","면목7동","21358","10648","10710","2471","2952","3122","3104","3909","5800","1288","1527","1574","1656","1875","2728","1183","1425","1548","1448","2034","3072","9958","0","9958"
"20201","11260575","면목3?8동","26316","13150","13166","2965","3877","3857","3778","4824","7015","1509","1996","2045","2001","2352","3247","1456","1881","1812","1777","2472","3768","12603","0","12603"
"20201","11260580","상봉1동","25085","12281","12804","4116","3676","3715","3702","4519","5357","2146","1834","1885","1805","2176","2435","1970","1842","1830","1897","2343","2922","10100","0","10100"
"20201","11260590","상봉2동","19068","9351","9717","1730","3521","3872","2675","3085","4185","896","1561","1971","1397","1536","1990","834","1960","1901","1278","1549","2195","10687","0","10687"
"20201","11260600","중화1동","20687","10200","10487","2870","3006","3357","2906","3550","4998","1461","1518","1733","1505","1697","2286","1409","1488","1624","1401","1853","2712","8970","0","8970"
"20201","11260610","중화2동","26937","13863","13074","2577","3889","3985","3781","5382","7323","1372","1934","2149","2023","2858","3527","1205","1955","1836","1758","2524","3796","14152","0","14152"
"20201","11260620","묵1동","35850","17461","18389","5915","4870","5366","6041","5687","7971","3010","2391","2672","2993","2740","3655","2905","2479","2694","3048","2947","4316","14574","0","14574"
"20201","11260630","묵2동","19656","9669","9987","2533","2780","3219","2969","3269","4886","1304","1345","1709","1501","1582","2228","1229","1435","1510","1468","1687","2658","9144","0","9144"
"20201","11260655","망우본동","30726","15560","15166","3637","4244","4205","4332","5920","8388","1837","2219","2201","2333","2996","3974","1800","2025","2004","1999","2924","4414","14636","0","14636"
"20201","11260660","망우3동","17496","8804","8692","2179","2405","2294","2549","3405","4664","1077","1222","1227","1296","1763","2219","1102","1183","1067","1253","1642","2445","8392","0","8392"
"20201","11260680","신내1동","40663","19858","20805","7616","5214","5496","6170","6735","9432","3945","2623","2692","3115","3188","4295","3671","2591","2804","3055","3547","5137","14795","0","14795"
"20201","11260690","신내2동","21885","10490","11395","3448","2703","3131","3421","3693","5489","1772","1381","1552","1660","1739","2386","1676","1322","1579","1761","1954","3103","9052","0","9052"
"20201","11290525","성북동","16949","7998","8951","2164","2710","2547","2673","2725","4130","1110","1260","1200","1293","1292","1843","1054","1450","1347","1380","1433","2287","7944","0","7944"
"20201","11290555","삼선동","25380","12184","13196","3455","4438","3692","4108","3998","5689","1833","2025","1812","2056","1984","2474","1622","2413","1880","2052","2014","3215","12250","0","12250"
"20201","11290575","동선동","15400","6489","8911","1638","4232","2561","2096","1851","3022","765","1379","1174","1008","878","1285","873","2853","1387","1088","973","1737","9036","0","9036"
"20201","11290580","돈암1동","16140","7560","8580","2442","2209","2089","2430","2887","4083","1156","1049","1024","1143","1391","1797","1286","1160","1065","1287","1496","2286","6385","0","6385"
"20201","11290590","돈암2동","24943","11928","13015","5225","2976","3151","4760","4010","4821","2646","1485","1477","2250","1926","2144","2579","1491","1674","2510","2084","2677","8606","0","8606"
"20201","11290600","안암동","6285","3242","3043","605","1965","950","714","845","1206","324","1084","532","358","411","533","281","881","418","356","434","673","3761","0","3761"
"20201","11290610","보문동","15008","7290","7718","1914","2669","2598","2301","2393","3133","972","1298","1339","1170","1123","1388","942","1371","1259","1131","1270","1745","7317","0","7317"
"20201","11290620","정릉1동","17650","8548","9102","3033","2238","2508","3083","2728","4060","1551","1145","1224","1498","1348","1782","1482","1093","1284","1585","1380","2278","6998","0","6998"
"20201","11290630","정릉2동","23575","11518","12057","3605","3199","3151","3745","3801","6074","1878","1637","1634","1834","1828","2707","1727","1562","1517","1911","1973","3367","9656","0","9656"
"20201","11290640","정릉3동","15642","7801","7841","1804","2967","2018","2053","2403","4397","945","1672","1127","1021","1166","1870","859","1295","891","1032","1237","2527","7692","0","7692"
"20201","11290650","정릉4동","26266","12754","13512","4226","3237","3610","4422","4183","6588","2216","1653","1755","2190","2012","2928","2010","1584","1855","2232","2171","3660","10906","0","10906"
"20201","11290660","길음1동","36745","17523","19222","9165","3458","5098","8109","4769","6146","4615","1669","2273","3935","2408","2623","4550","1789","2825","4174","2361","3523","12758","0","12758"
"20201","11290685","길음2동","16356","7954","8402","2756","2098","2543","2827","2592","3540","1480","1016","1254","1334","1283","1587","1276","1082","1289","1493","1309","1953","6747","0","6747"
"20201","11290705","종암동","40147","19800","20347","6777","5797","5354","6738","6402","9079","3569","3064","2664","3316","3223","3964","3208","2733","2690","3422","3179","5115","17039","0","17039"
"20201","11290715","월곡1동","27401","13293","14108","5023","3106","3732","4793","4280","6467","2481","1513","1843","2398","2133","2925","2542","1593","1889","2395","2147","3542","10828","0","10828"
"20201","11290725","월곡2동","19758","9586","10172","2717","3419","2770","2962","3040","4850","1394","1518","1418","1525","1539","2192","1323","1901","1352","1437","1501","2658","9089","0","9089"
"20201","11290760","장위1동","20377","10004","10373","2688","2986","2474","3035","3892","5302","1356","1563","1338","1494","1862","2391","1332","1423","1136","1541","2030","2911","8963","0","8963"
"20201","11290770","장위2동","13716","6830","6886","1551","1749","1565","2026","2564","4261","769","917","838","1094","1300","1912","782","832","727","932","1264","2349","6234","0","6234"
"20201","11290780","장위3동","11284","5654","5630","1813","1493","1412","1784","2004","2778","909","759","721","926","1022","1317","904","734","691","858","982","1461","4909","0","4909"
"20201","11290810","석관동","32696","16213","16483","3967","4727","4365","4902","5669","9066","2080","2358","2266","2543","2784","4182","1887","2369","2099","2359","2885","4884","15045","0","15045"
"20201","11305534","삼양동","25278","12582","12696","3578","3224","3240","3919","4473","6844","1847","1673","1700","2003","2255","3104","1731","1551","1540","1916","2218","3740","11449","0","11449"
"20201","11305535","미아동","22316","10732","11584","2371","3696","3033","3196","3900","6120","1238","1630","1598","1631","1872","2763","1133","2066","1435","1565","2028","3357","11355","0","11355"
"20201","11305545","송중동","30218","14623","15595","3717","4203","4254","4737","5171","8136","1861","2051","2212","2446","2402","3651","1856","2152","2042","2291","2769","4485","13724","0","13724"
"20201","11305555","송천동","28173","13996","14177","3094","3782","3536","4093","5245","8423","1556","1942","1911","2146","2622","3819","1538","1840","1625","1947","2623","4604","13677","0","13677"
"20201","11305575","삼각산동","32809","15771","17038","7430","3468","4097","6833","4956","6025","3832","1714","1889","3295","2463","2578","3598","1754","2208","3538","2493","3447","11757","0","11757"
"20201","11305595","번1동","19255","9580","9675","1950","3280","2930","3025","3155","4915","1030","1572","1541","1590","1605","2242","920","1708","1389","1435","1550","2673","10240","0","10240"
"20201","11305603","번2동","17027","8292","8735","2017","2159","2009","2643","2867","5332","1066","1121","1110","1353","1395","2247","951","1038","899","1290","1472","3085","7630","0","7630"
"20201","11305608","번3동","18250","8640","9610","2574","2092","1954","2889","2857","5884","1315","1053","1002","1488","1364","2418","1259","1039","952","1401","1493","3466","7592","0","7592"
"20201","11305615","수유1동","21750","10780","10970","2622","3203","2910","3142","3834","6039","1333","1608","1582","1664","1855","2738","1289","1595","1328","1478","1979","3301","10395","0","10395"
"20201","11305625","수유2동","21833","10510","11323","2701","3088","2637","3232","3866","6309","1417","1486","1395","1616","1830","2766","1284","1602","1242","1616","2036","3543","9588","0","9588"
"20201","11305635","수유3동","23692","11826","11866","2161","4163","3622","3396","4060","6290","1127","2041","1980","1813","2044","2821","1034","2122","1642","1583","2016","3469","12653","0","12653"
"20201","11305645","우이동","21215","10343","10872","2670","2738","2721","3089","3663","6334","1418","1342","1453","1548","1720","2862","1252","1396","1268","1541","1943","3472","9473","0","9473"
"20201","11305660","인수동","32319","15668","16651","4143","4212","4178","4767","5524","9495","2092","2126","2188","2421","2614","4227","2051","2086","1990","2346","2910","5268","14526","0","14526"
"20201","11320511","창1동","26171","12559","13612","4106","3432","3643","4392","4325","6273","2116","1725","1783","2150","2017","2768","1990","1707","1860","2242","2308","3505","10930","0","10930"
"20201","11320512","창2동","30281","14860","15421","4493","4198","4462","4786","5245","7097","2342","2117","2258","2420","2484","3239","2151","2081","2204","2366","2761","3858","12354","0","12354"
"20201","11320513","창3동","14697","7363","7334","2039","1924","1850","2268","2694","3922","1054","998","1004","1160","1355","1792","985","926","846","1108","1339","2130","6657","0","6657"
"20201","11320514","창4동","27812","13401","14411","4805","3825","3506","4670","4994","6012","2448","1961","1688","2203","2378","2723","2357","1864","1818","2467","2616","3289","10574","0","10574"
"20201","11320515","창5동","25409","12243","13166","3827","3593","3601","3696","4545","6147","1957","1788","1849","1729","2074","2846","1870","1805","1752","1967","2471","3301","9851","0","9851"
"20201","11320521","도봉1동","22070","11178","10892","2273","2739","2552","3089","3957","7460","1186","1453","1421","1649","1977","3492","1087","1286","1131","1440","1980","3968","10225","0","10225"
"20201","11320522","도봉2동","26045","12849","13196","3358","3205","3526","3573","4293","8090","1727","1628","1799","1831","2081","3783","1631","1577","1727","1742","2212","4307","11040","0","11040"
"20201","11320660","쌍문1동","22086","10688","11398","3059","3128","2629","3430","3764","6076","1524","1515","1344","1739","1815","2751","1535","1613","1285","1691","1949","3325","9306","0","9306"
"20201","11320670","쌍문2동","19893","9640","10253","2690","2679","2794","2938","3411","5381","1426","1363","1467","1461","1549","2374","1264","1316","1327","1477","1862","3007","8636","0","8636"
"20201","11320680","쌍문3동","17046","8242","8804","2027","2534","2499","2522","2870","4594","1027","1214","1298","1308","1310","2085","1000","1320","1201","1214","1560","2509","7788","0","7788"
"20201","11320681","쌍문4동","19772","9421","10351","3461","2689","2487","3158","3560","4417","1752","1386","1205","1450","1609","2019","1709","1303","1282","1708","1951","2398","7159","0","7159"
"20201","11320690","방학1동","29724","14747","14977","4079","4087","3544","4472","5563","7979","2047","2128","1815","2212","2772","3773","2032","1959","1729","2260","2791","4206","12766","0","12766"
"20201","11320700","방학2동","20934","10579","10355","2664","2855","2464","3084","3903","5964","1390","1567","1321","1578","1953","2770","1274","1288","1143","1506","1950","3194","9532","0","9532"
"20201","11320710","방학3동","28734","14022","14712","5089","3644","3378","4522","5088","7013","2719","2002","1667","2127","2346","3161","2370","1642","1711","2395","2742","3852","10084","0","10084"
"20201","11350560","월계1동","23265","11984","11281","3213","3915","2991","3580","3676","5890","1684","2272","1603","1858","1839","2728","1529","1643","1388","1722","1837","3162","10492","0","10492"
"20201","11350570","월계2동","25870","12483","13387","3835","3012","3072","4187","4296","7468","1996","1622","1524","2105","2080","3156","1839","1390","1548","2082","2216","4312","11229","0","11229"
"20201","11350580","월계3동","31470","15132","16338","4840","3709","4931","4842","4938","8210","2526","1872","2460","2442","2287","3545","2314","1837","2471","2400","2651","4665","12949","0","12949"
"20201","11350595","공릉1동","38477","18851","19626","5300","6727","5760","5678","5981","9031","2716","3412","2939","2896","2830","4058","2584","3315","2821","2782","3151","4973","18111","0","18111"
"20201","11350600","공릉2동","40537","19800","20737","7898","6581","5454","6931","6207","7466","4065","3257","2692","3299","3062","3425","3833","3324","2762","3632","3145","4041","16291","0","16291"
"20201","11350611","하계1동","28814","13921","14893","4913","5345","2844","4490","5127","6095","2692","2899","1414","1993","2441","2482","2221","2446","1430","2497","2686","3613","12281","0","12281"
"20201","11350612","하계2동","23330","11154","12176","4635","3291","2626","4264","4077","4437","2374","1668","1242","1979","1995","1896","2261","1623","1384","2285","2082","2541","8276","0","8276"
"20201","11350619","중계본동","25872","12687","13185","6261","3525","1952","5348","4758","4028","3207","1858","907","2355","2503","1857","3054","1667","1045","2993","2255","2171","8896","0","8896"
"20201","11350621","중계1동","28076","13752","14324","7921","3249","2002","6787","4626","3491","4229","1705","836","3003","2436","1543","3692","1544","1166","3784","2190","1948","9114","0","9114"
"20201","11350624","중계4동","21290","10316","10974","3762","2689","2101","3726","3691","5321","2027","1416","1047","1765","1825","2236","1735","1273","1054","1961","1866","3085","8469","0","8469"
"20201","11350625","중계2?3동","36720","17079","19641","5890","4548","4512","6311","5808","9651","2914","2345","2237","3064","2781","3738","2976","2203","2275","3247","3027","5913","15385","0","15385"
"20201","11350630","상계1동","41981","20405","21576","6439","5755","5463","6363","7471","10490","3342","2957","2750","3047","3520","4789","3097","2798","2713","3316","3951","5701","16368","0","16368"
"20201","11350640","상계2동","21065","10393","10672","3092","3417","2470","3257","4031","4798","1585","1698","1260","1582","2001","2267","1507","1719","1210","1675","2030","2531","8763","0","8763"
"20201","11350665","상계3?4동","25739","12825","12914","3344","3123","2695","3868","4708","8001","1777","1680","1469","1962","2360","3577","1567","1443","1226","1906","2348","4424","11546","0","11546"
"20201","11350670","상계5동","25458","12425","13033","3475","3589","2816","3981","4676","6921","1766","1887","1502","1953","2276","3041","1709","1702","1314","2028","2400","3880","10963","0","10963"
"20201","11350695","상계6?7동","34538","16074","18464","6144","4716","5115","5965","5702","6896","3130","2343","2374","2744","2603","2880","3014","2373","2741","3221","3099","4016","13974","0","13974"
"20201","11350700","상계8동","24382","11745","12637","5160","2703","5153","4236","3065","4065","2634","1325","2544","2090","1452","1700","2526","1378","2609","2146","1613","2365","9444","0","9444"
"20201","11350710","상계9동","21896","10471","11425","3946","2770","2979","3791","3667","4743","2074","1465","1473","1732","1709","2018","1872","1305","1506","2059","1958","2725","8465","0","8465"
"20201","11350720","상계10동","16569","7649","8920","2585","2420","2598","2681","2902","3383","1289","1153","1257","1193","1319","1438","1296","1267","1341","1488","1583","1945","6589","0","6589"
"20201","11380510","녹번동","37920","18213","19707","5225","5048","6274","5893","6063","9417","2651","2419","3188","2953","2899","4103","2574","2629","3086","2940","3164","5314","17057","0","17057"
"20201","11380520","불광1동","40763","19371","21392","5608","5474","5768","6459","6884","10570","2902","2719","2801","3153","3197","4599","2706","2755","2967","3306","3687","5971","17886","0","17886"
"20201","11380530","불광2동","29233","14264","14969","3336","4285","4173","4291","5126","8022","1711","2180","2199","2204","2387","3583","1625","2105","1974","2087","2739","4439","13795","0","13795"
"20201","11380551","갈현1동","24094","11756","12338","3011","3818","3328","3616","4132","6189","1568","1950","1721","1803","1929","2785","1443","1868","1607","1813","2203","3404","11093","0","11093"
"20201","11380552","갈현2동","29823","14222","15601","4452","4417","4279","4850","4925","6900","2246","2115","2160","2314","2307","3080","2206","2302","2119","2536","2618","3820","12572","0","12572"
"20201","11380560","구산동","33593","16743","16850","5087","4548","4372","5327","5768","8491","2483","2284","2208","2671","2916","4181","2604","2264","2164","2656","2852","4310","13143","0","13143"
"20201","11380570","대조동","27641","13010","14631","3251","4498","4400","4303","4295","6894","1592","2048","2192","2126","2084","2968","1659","2450","2208","2177","2211","3926","13828","0","13828"
"20201","11380580","응암1동","25343","12123","13220","4186","3354","3772","4409","3836","5786","2213","1559","1872","2168","1847","2464","1973","1795","1900","2241","1989","3322","11363","0","11363"
"20201","11380590","응암2동","20455","9992","10463","4025","2134","3325","3905","2841","4225","2108","1090","1581","2001","1402","1810","1917","1044","1744","1904","1439","2415","8155","0","8155"
"20201","11380600","응암3동","25630","12550","13080","2935","3552","3410","3828","4365","7540","1538","1855","1774","1935","2181","3267","1397","1697","1636","1893","2184","4273","12535","0","12535"
"20201","11380625","역촌동","48158","22924","25234","7043","6615","7283","7977","7860","11380","3554","3223","3554","3928","3694","4971","3489","3392","3729","4049","4166","6409","20705","0","20705"
"20201","11380631","신사1동","28262","13705","14557","4052","3999","4310","4405","4623","6873","2064","2066","2194","2177","2164","3040","1988","1933","2116","2228","2459","3833","11697","0","11697"
"20201","11380632","신사2동","21785","10922","10863","3173","3034","3048","3447","3635","5448","1730","1594","1604","1724","1761","2509","1443","1440","1444","1723","1874","2939","9210","0","9210"
"20201","11380640","증산동","15883","7816","8067","2162","2099","2153","2401","2727","4341","1126","1070","1105","1196","1335","1984","1036","1029","1048","1205","1392","2357","6834","0","6834"
"20201","11380650","수색동","8907","4450","4457","1055","1205","1231","1191","1627","2598","571","627","653","619","826","1154","484","578","578","572","801","1444","3845","0","3845"
"20201","11380690","진관동","58081","27329","30752","12773","7196","7452","11190","8305","11165","6538","3140","3289","5300","4126","4936","6235","4056","4163","5890","4179","6229","21631","0","21631"
"20201","11410520","천연동","18370","8755","9615","2980","2337","2504","3048","3061","4440","1466","1172","1228","1515","1514","1860","1514","1165","1276","1533","1547","2580","8160","0","8160"
"20201","11410555","북아현동","16782","7999","8783","2628","2439","2988","2711","2791","3225","1324","1093","1467","1350","1360","1405","1304","1346","1521","1361","1431","1820","7300","0","7300"
"20201","11410565","충현동","17971","8740","9231","2067","2867","2593","2643","3122","4679","1047","1433","1305","1331","1559","2065","1020","1434","1288","1312","1563","2614","8997","0","8997"
"20201","11410585","신촌동","18598","8413","10185","1798","6594","3232","1992","2023","2959","913","2633","1604","980","1006","1277","885","3961","1628","1012","1017","1682","12280","0","12280"
"20201","11410615","연희동","37904","18317","19587","4557","7570","5979","5602","5504","8692","2326","3893","2991","2692","2599","3816","2231","3677","2988","2910","2905","4876","19264","0","19264"
"20201","11410620","홍제1동","24733","11650","13083","3721","3195","3571","3943","4130","6173","1842","1589","1750","1906","1876","2687","1879","1606","1821","2037","2254","3486","10317","0","10317"
"20201","11410640","홍제3동","16312","7934","8378","2119","2180","2069","2388","2772","4784","1117","1074","1084","1201","1377","2081","1002","1106","985","1187","1395","2703","7118","0","7118"
"20201","11410655","홍제2동","14445","6884","7561","2056","1898","1923","2201","2627","3740","1055","961","941","1064","1245","1618","1001","937","982","1137","1382","2122","5830","0","5830"
"20201","11410660","홍은1동","22218","10768","11450","3204","2895","2715","3372","3924","6108","1638","1462","1383","1657","1937","2691","1566","1433","1332","1715","1987","3417","9189","0","9189"
"20201","11410685","홍은2동","27390","13341","14049","3816","4111","3599","4300","4656","6908","1964","2110","1880","2123","2228","3036","1852","2001","1719","2177","2428","3872","12064","0","12064"
"20201","11410690","남가좌1동","16590","8025","8565","3731","1687","2654","3183","2249","3086","1851","830","1197","1689","1106","1352","1880","857","1457","1494","1143","1734","6085","0","6085"
"20201","11410700","남가좌2동","24921","12019","12902","3973","3713","3516","3989","3839","5891","1986","1837","1738","1987","1879","2592","1987","1876","1778","2002","1960","3299","11219","0","11219"
"20201","11410710","북가좌1동","18893","9162","9731","3562","2211","2595","3418","3005","4102","1868","1089","1195","1723","1463","1824","1694","1122","1400","1695","1542","2278","6974","0","6974"
"20201","11410720","북가좌2동","33505","16315","17190","4538","4824","4557","5327","5643","8616","2307","2479","2351","2607","2710","3861","2231","2345","2206","2720","2933","4755","14711","0","14711"
"20201","11440555","아현동","24016","11330","12686","4010","3080","4906","3837","3710","4473","1907","1397","2328","1928","1804","1966","2103","1683","2578","1909","1906","2507","10034","0","10034"
"20201","11440565","공덕동","33743","16055","17688","4443","5491","5621","5085","5698","7405","2261","2516","2767","2519","2752","3240","2182","2975","2854","2566","2946","4165","15722","0","15722"
"20201","11440585","도화동","18617","8873","9744","2886","2467","3076","2829","2896","4463","1538","1146","1467","1374","1400","1948","1348","1321","1609","1455","1496","2515","7838","0","7838"
"20201","11440590","용강동","19120","9055","10065","3932","2036","3241","3810","2590","3511","1929","974","1484","1858","1287","1523","2003","1062","1757","1952","1303","1988","7771","0","7771"
"20201","11440600","대흥동","8723","4201","4522","915","2101","1400","1279","1169","1859","503","897","692","665","646","798","412","1204","708","614","523","1061","5331","0","5331"
"20201","11440610","염리동","13934","6680","7254","2259","2149","2458","2368","2060","2640","1105","1009","1211","1181","1046","1128","1154","1140","1247","1187","1014","1512","6514","0","6514"
"20201","11440630","신수동","15759","7724","8035","2742","2411","2496","2757","2226","3127","1461","1259","1214","1305","1109","1376","1281","1152","1282","1452","1117","1751","6650","0","6650"
"20201","11440655","서강동","19552","9303","10249","3035","3586","3266","3220","2876","3569","1537","1751","1497","1531","1400","1587","1498","1835","1769","1689","1476","1982","9022","0","9022"
"20201","11440660","서교동","18835","8727","10108","1934","3999","3999","2965","2284","3654","977","1771","1854","1446","1073","1606","957","2228","2145","1519","1211","2048","10761","0","10761"
"20201","11440680","합정동","18713","8727","9986","2341","3627","3868","2680","2462","3735","1206","1607","1839","1303","1170","1602","1135","2020","2029","1377","1292","2133","9579","0","9579"
"20201","11440690","망원1동","16504","7751","8753","2210","2592","3098","2694","2337","3573","1104","1172","1473","1301","1179","1522","1106","1420","1625","1393","1158","2051","8087","0","8087"
"20201","11440700","망원2동","14468","6940","7528","2476","1976","2328","2518","1983","3187","1254","959","1084","1257","986","1400","1222","1017","1244","1261","997","1787","6199","0","6199"
"20201","11440710","연남동","12595","5943","6652","1306","2400","2598","1897","1615","2779","656","1104","1245","983","762","1193","650","1296","1353","914","853","1586","6806","0","6806"
"20201","11440720","성산1동","15504","7275","8229","2231","2306","2735","2758","2199","3275","1127","1062","1295","1303","1054","1434","1104","1244","1440","1455","1145","1841","7249","0","7249"
"20201","11440730","성산2동","34494","15926","18568","5686","5275","5711","5794","4581","7447","2920","2187","2688","2818","2236","3077","2766","3088","3023","2976","2345","4370","15537","0","15537"
"20201","11440740","상암동","27885","13352","14533","6440","3606","3494","5610","3785","4950","3309","1635","1585","2710","1940","2173","3131","1971","1909","2900","1845","2777","10796","0","10796"
"20201","11470510","목1동","31902","15352","16550","8196","3573","3465","7074","5023","4571","4118","1754","1476","3253","2606","2145","4078","1819","1989","3821","2417","2426","10486","0","10486"
"20201","11470520","목2동","31151","15206","15945","4646","5085","5565","4720","5072","6063","2418","2521","2837","2241","2446","2743","2228","2564","2728","2479","2626","3320","13073","0","13073"
"20201","11470530","목3동","22890","11016","11874","3107","3670","4183","3344","3787","4799","1679","1825","2076","1594","1707","2135","1428","1845","2107","1750","2080","2664","9934","0","9934"
"20201","11470540","목4동","26744","13137","13607","5179","4195","3040","4893","4849","4588","2742","2226","1512","2157","2430","2070","2437","1969","1528","2736","2419","2518","10127","0","10127"
"20201","11470550","목5동","42852","21169","21683","11266","4791","4165","9453","6804","6373","6053","2487","1816","4238","3530","3045","5213","2304","2349","5215","3274","3328","13530","0","13530"
"20201","11470560","신월1동","21503","11056","10447","2596","2775","2906","3357","4049","5820","1333","1496","1572","1756","2117","2782","1263","1279","1334","1601","1932","3038","10116","0","10116"
"20201","11470570","신월2동","21994","10789","11205","3515","2720","3278","3436","3498","5547","1761","1410","1669","1744","1667","2538","1754","1310","1609","1692","1831","3009","8558","0","8558"
"20201","11470580","신월3동","16501","8717","7784","2274","2192","2193","2434","3147","4261","1201","1137","1218","1366","1708","2087","1073","1055","975","1068","1439","2174","8136","0","8136"
"20201","11470590","신월4동","18960","9322","9638","3445","2222","2697","3132","3006","4458","1788","1161","1316","1580","1452","2025","1657","1061","1381","1552","1554","2433","6889","0","6889"
"20201","11470600","신월5동","15161","7522","7639","2368","2151","2234","2357","2653","3398","1223","1127","1150","1160","1270","1592","1145","1024","1084","1197","1383","1806","6349","0","6349"
"20201","11470610","신월6동","6589","3288","3301","1118","816","774","1059","1144","1678","562","446","412","523","566","779","556","370","362","536","578","899","2493","0","2493"
"20201","11470611","신월7동","21520","10586","10934","2807","2802","2922","3173","3791","6025","1413","1497","1548","1639","1844","2645","1394","1305","1374","1534","1947","3380","9248","0","9248"
"20201","11470620","신정1동","21434","10482","10952","5055","2597","2258","4210","3586","3728","2616","1326","1000","1980","1857","1703","2439","1271","1258","2230","1729","2025","7250","0","7250"
"20201","11470630","신정2동","20527","10047","10480","4364","2798","1955","3877","3758","3775","2253","1450","909","1770","1929","1736","2111","1348","1046","2107","1829","2039","7167","0","7167"
"20201","11470640","신정3동","47701","23276","24425","9382","6092","6185","8438","7923","9681","4822","3140","3024","4080","3862","4348","4560","2952","3161","4358","4061","5333","17830","0","17830"
"20201","11470650","신정4동","34753","17047","17706","4496","5350","5615","5468","5620","8204","2326","2610","2890","2750","2691","3780","2170","2740","2725","2718","2929","4424","15946","0","15946"
"20201","11470670","신정6동","25265","12316","12949","5891","3317","2880","4803","4443","3931","3072","1710","1259","2160","2223","1892","2819","1607","1621","2643","2220","2039","8162","0","8162"
"20201","11470680","신정7동","30648","14885","15763","5642","3961","3435","5361","5470","6779","2918","2097","1628","2546","2744","2952","2724","1864","1807","2815","2726","3827","11622","0","11622"
"20201","11500510","염창동","41942","20530","21412","8973","5412","7225","7833","6082","6417","4622","2582","3430","3865","2987","3044","4351","2830","3795","3968","3095","3373","15230","0","15230"
"20201","11500520","등촌1동","23367","11067","12300","2933","4416","5625","3324","3105","3964","1607","1836","2695","1654","1501","1774","1326","2580","2930","1670","1604","2190","12042","0","12042"
"20201","11500530","등촌2동","21752","10751","11001","3299","3384","3711","3152","3601","4605","1784","1762","1844","1537","1690","2134","1515","1622","1867","1615","1911","2471","8677","0","8677"
"20201","11500535","등촌3동","32405","15414","16991","4225","4404","4704","4220","5797","9055","2177","2275","2391","2004","2670","3897","2048","2129","2313","2216","3127","5158","14775","0","14775"
"20201","11500540","화곡1동","53448","26093","27355","5958","8843","11307","7723","7812","11805","2976","4123","5987","4035","3656","5316","2982","4720","5320","3688","4156","6489","26369","0","26369"
"20201","11500550","화곡2동","19245","9368","9877","3046","2562","3294","3267","2927","4149","1546","1294","1693","1647","1361","1827","1500","1268","1601","1620","1566","2322","8244","0","8244"
"20201","11500560","화곡3동","22464","10784","11680","3154","3325","3392","3280","3528","5785","1626","1584","1672","1582","1651","2669","1528","1741","1720","1698","1877","3116","9399","0","9399"
"20201","11500570","화곡4동","21655","10627","11028","2813","2969","3652","3352","3573","5296","1450","1570","1886","1704","1694","2323","1363","1399","1766","1648","1879","2973","9611","0","9611"
"20201","11500590","화곡본동","35178","17187","17991","5232","5612","6638","5851","4938","6907","2710","2693","3531","2974","2289","2990","2522","2919","3107","2877","2649","3917","16334","0","16334"
"20201","11500591","화곡6동","24665","12183","12482","3199","3883","4060","3754","4089","5680","1694","1942","2114","1896","1919","2618","1505","1941","1946","1858","2170","3062","11434","0","11434"
"20201","11500593","화곡8동","26248","12655","13593","3422","3900","4713","4122","3988","6103","1728","1935","2443","2092","1758","2699","1694","1965","2270","2030","2230","3404","11769","0","11769"
"20201","11500603","가양1동","33866","15832","18034","3981","8137","8113","4613","4307","4715","2068","2871","4188","2380","2038","2287","1913","5266","3925","2233","2269","2428","19109","0","19109"
"20201","11500604","가양2동","15079","7181","7898","1098","1879","2624","1488","2515","5475","572","861","1368","773","1155","2452","526","1018","1256","715","1360","3023","8084","0","8084"
"20201","11500605","가양3동","16093","7551","8542","1563","1955","3281","2018","2437","4839","807","947","1673","1055","1128","1941","756","1008","1608","963","1309","2898","7924","0","7924"
"20201","11500611","발산1동","38619","18411","20208","9122","4736","4829","7572","5685","6675","4540","2340","2282","3621","2745","2883","4582","2396","2547","3951","2940","3792","13609","0","13609"
"20201","11500615","우장산동","44611","21386","23225","9771","5302","6021","8798","6594","8125","4777","2564","2856","4151","3302","3736","4994","2738","3165","4647","3292","4389","16058","0","16058"
"20201","11500620","공항동","27496","13918","13578","4579","3923","5343","4228","3922","5501","2364","1946","2779","2296","1968","2565","2215","1977","2564","1932","1954","2936","12736","0","12736"
"20201","11500630","방화1동","45180","22077","23103","8964","5540","6933","7888","6632","9223","4493","2689","3384","4050","3184","4277","4471","2851","3549","3838","3448","4946","17342","0","17342"
"20201","11500640","방화2동","23794","11756","12038","2876","3504","3679","3316","3821","6598","1512","1692","1964","1771","1883","2934","1364","1812","1715","1545","1938","3664","11570","0","11570"
"20201","11500641","방화3동","24360","11776","12584","3214","2810","3884","3657","3838","6957","1650","1427","1989","1867","1812","3031","1564","1383","1895","1790","2026","3926","11256","0","11256"
"20201","11530510","신도림동","36922","18035","18887","7420","4500","6474","6638","5243","6647","3779","2190","3051","3252","2598","3165","3641","2310","3423","3386","2645","3482","13405","0","13405"
"20201","11530520","구로1동","21153","10454","10699","4093","2622","3887","3697","3051","3803","2156","1299","1950","1841","1445","1763","1937","1323","1937","1856","1606","2040","7817","0","7817"
"20201","11530530","구로2동","25396","12813","12583","2638","3333","3078","3857","4876","7614","1371","1714","1682","2053","2531","3462","1267","1619","1396","1804","2345","4152","12749","0","12749"
"20201","11530540","구로3동","24265","12314","11951","3052","4221","5186","4126","3029","4651","1573","2021","2814","2286","1530","2090","1479","2200","2372","1840","1499","2561","13099","0","13099"
"20201","11530550","구로4동","21308","10422","10886","2301","2897","3209","3231","3674","5996","1173","1418","1660","1656","1833","2682","1128","1479","1549","1575","1841","3314","10685","0","10685"
"20201","11530560","구로5동","30050","14498","15552","3842","5093","5697","4328","4670","6420","1955","2196","2805","2224","2316","3002","1887","2897","2892","2104","2354","3418","14529","0","14529"
"20201","11530595","가리봉동","9380","5098","4282","635","1278","1210","1339","2030","2888","338","685","689","754","1227","1405","297","593","521","585","803","1483","5814","0","5814"
"20201","11530720","고척1동","23691","11871","11820","3582","3324","3003","3710","4083","5989","1855","1750","1562","1884","1983","2837","1727","1574","1441","1826","2100","3152","9541","0","9541"
"20201","11530730","고척2동","28370","14052","14318","4508","3761","3555","4627","4983","6936","2289","1932","1779","2340","2467","3245","2219","1829","1776","2287","2516","3691","11645","0","11645"
"20201","11530740","개봉1동","32896","16460","16436","4767","4298","4605","4980","5646","8600","2380","2242","2374","2617","2797","4050","2387","2056","2231","2363","2849","4550","13951","0","13951"
"20201","11530750","개봉2동","32637","15951","16686","5134","3890","4987","5069","4988","8569","2607","1978","2489","2608","2313","3956","2527","1912","2498","2461","2675","4613","12546","0","12546"
"20201","11530760","개봉3동","21435","10491","10944","2988","2737","3150","3286","3562","5712","1511","1417","1631","1658","1672","2602","1477","1320","1519","1628","1890","3110","8791","0","8791"
"20201","11530770","오류1동","22588","11099","11489","2618","3821","4449","3176","3096","5428","1337","1724","2301","1685","1521","2531","1281","2097","2148","1491","1575","2897","11307","0","11307"
"20201","11530780","오류2동","39743","19234","20509","7786","4785","5597","6819","5744","9012","3969","2302","2740","3456","2732","4035","3817","2483","2857","3363","3012","4977","15400","0","15400"
"20201","11530790","수궁동","24575","12172","12403","3831","3143","3513","3991","4080","6017","2057","1628","1808","1987","1940","2752","1774","1515","1705","2004","2140","3265","9856","0","9856"
"20201","11530800","항동","2748","1343","1405","449","323","375","424","451","726","236","165","176","214","210","342","213","158","199","210","241","384","1071","0","1071"
"20201","11545510","가산동","20985","11594","9391","1568","5230","4811","2661","3000","3715","793","2555","2972","1632","1728","1914","775","2675","1839","1029","1272","1801","13703","0","13703"
"20201","11545610","독산1동","41180","21244","19936","5639","7144","8228","6103","6140","7926","2853","3656","4571","3310","3106","3748","2786","3488","3657","2793","3034","4178","19958","0","19958"
"20201","11545620","독산2동","19428","9909","9519","2362","2802","2528","2835","4005","4896","1226","1504","1358","1452","2044","2325","1136","1298","1170","1383","1961","2571","9227","0","9227"
"20201","11545630","독산3동","25155","12717","12438","2724","3817","3589","3590","5010","6425","1419","1951","1987","1857","2508","2995","1305","1866","1602","1733","2502","3430","12321","0","12321"
"20201","11545640","독산4동","16029","8069","7960","1830","2322","2052","2362","3377","4086","936","1184","1121","1167","1728","1933","894","1138","931","1195","1649","2153","7589","0","7589"
"20201","11545670","시흥1동","34375","17206","17169","4584","4971","4999","5229","6103","8489","2404","2565","2663","2664","3014","3896","2180","2406","2336","2565","3089","4593","15818","0","15818"
"20201","11545680","시흥2동","22225","10813","11412","3934","2617","2642","3645","3859","5528","1971","1358","1306","1773","1845","2560","1963","1259","1336","1872","2014","2968","8314","0","8314"
"20201","11545690","시흥3동","11339","5690","5649","1384","1482","1525","1611","2078","3259","691","790","843","835","1005","1526","693","692","682","776","1073","1733","4717","0","4717"
"20201","11545700","시흥4동","21338","10610","10728","2895","2864","2772","3124","4018","5665","1458","1504","1467","1566","1945","2670","1437","1360","1305","1558","2073","2995","9067","0","9067"
"20201","11545710","시흥5동","20526","10235","10291","2644","2692","2456","3093","3758","5883","1341","1449","1340","1586","1890","2629","1303","1243","1116","1507","1868","3254","9410","0","9410"
"20201","11560515","영등포본동","21940","11205","10735","3016","2845","3367","3329","3742","5641","1555","1515","1763","1736","1925","2711","1461","1330","1604","1593","1817","2930","10171","0","10171"
"20201","11560535","영등포동","26214","14301","11913","2209","5606","6290","3394","3623","5092","1129","2516","3519","2036","2280","2821","1080","3090","2771","1358","1343","2271","16988","0","16988"
"20201","11560540","여의동","34250","16087","18163","5963","4032","5422","5528","5083","8222","2978","1870","2443","2630","2430","3736","2985","2162","2979","2898","2653","4486","13529","0","13529"
"20201","11560550","당산1동","20821","10248","10573","2368","3416","4202","3053","3090","4692","1201","1573","2196","1583","1539","2156","1167","1843","2006","1470","1551","2536","10486","0","10486"
"20201","11560560","당산2동","35448","16651","18797","4956","6943","7661","4967","4579","6342","2517","2878","3659","2486","2184","2927","2439","4065","4002","2481","2395","3415","17083","0","17083"
"20201","11560585","도림동","18924","9561","9363","2182","2700","3451","2946","3110","4535","1153","1335","1799","1584","1618","2072","1029","1365","1652","1362","1492","2463","9394","0","9394"
"20201","11560605","문래동","31722","15648","16074","6226","3573","5810","5704","4069","6340","3222","1706","2806","2916","2041","2957","3004","1867","3004","2788","2028","3383","12446","0","12446"
"20201","11560610","양평1동","17944","8978","8966","2512","2629","4290","2899","2212","3402","1325","1221","2255","1546","1116","1515","1187","1408","2035","1353","1096","1887","8861","0","8861"
"20201","11560620","양평2동","21886","10901","10985","3448","3562","4884","3393","3035","3564","1776","1653","2521","1726","1563","1662","1672","1909","2363","1667","1472","1902","9701","0","9701"
"20201","11560630","신길1동","17419","8836","8583","1675","3139","2949","2498","2659","4499","867","1564","1684","1328","1380","2013","808","1575","1265","1170","1279","2486","9892","0","9892"
"20201","11560650","신길3동","15733","7756","7977","2206","2020","2126","2420","2833","4128","1144","1013","1098","1250","1407","1844","1062","1007","1028","1170","1426","2284","7006","0","7006"
"20201","11560660","신길4동","8930","4458","4472","976","1282","1047","1269","1701","2655","506","679","569","646","848","1210","470","603","478","623","853","1445","4232","0","4232"
"20201","11560670","신길5동","9143","4442","4701","1110","1201","1079","1379","1703","2671","553","617","578","690","817","1187","557","584","501","689","886","1484","4157","0","4157"
"20201","11560680","신길6동","18126","8933","9193","2312","2917","2954","2597","2868","4478","1238","1441","1511","1315","1382","2046","1074","1476","1443","1282","1486","2432","8348","0","8348"
"20201","11560690","신길7동","16810","8390","8420","3181","2372","2821","2774","2553","3109","1730","1168","1419","1394","1255","1424","1451","1204","1402","1380","1298","1685","6516","0","6516"
"20201","11560700","대림1동","12879","6450","6429","1376","1987","1525","1850","2363","3778","767","1019","842","946","1188","1688","609","968","683","904","1175","2090","6330","0","6330"
"20201","11560710","대림2동","12647","6160","6487","1202","1898","1733","1787","2298","3729","605","952","918","887","1139","1659","597","946","815","900","1159","2070","6796","0","6796"
"20201","11560720","대림3동","22984","11535","11449","2908","3128","3415","3375","4291","5867","1521","1585","1850","1688","2131","2760","1387","1543","1565","1687","2160","3107","10135","0","10135"
"20201","11590510","노량진1동","32334","16071","16263","4200","5576","5407","4465","4840","7846","2139","2931","2915","2309","2319","3458","2061","2645","2492","2156","2521","4388","15131","0","15131"
"20201","11590520","노량진2동","13036","6684","6352","1076","2265","1957","1626","2362","3750","557","1212","1134","905","1173","1703","519","1053","823","721","1189","2047","7277","0","7277"
"20201","11590530","상도1동","45129","21967","23162","6563","9582","6640","6623","6306","9415","3293","4945","3311","3309","2928","4181","3270","4637","3329","3314","3378","5234","20997","0","20997"
"20201","11590540","상도2동","28618","13760","14858","4388","4436","5000","4545","4115","6134","2244","2123","2398","2289","1976","2730","2144","2313","2602","2256","2139","3404","12719","0","12719"
"20201","11590550","상도3동","25619","12306","13313","3245","4207","4397","3886","3938","5946","1673","1966","2275","1943","1864","2585","1572","2241","2122","1943","2074","3361","11885","0","11885"
"20201","11590560","상도4동","29467","14407","15060","3967","4571","5027","4536","4576","6790","2080","2261","2623","2296","2171","2976","1887","2310","2404","2240","2405","3814","13367","0","13367"
"20201","11590605","흑석동","32949","16087","16862","4723","5272","4916","4944","5266","7828","2450","2750","2484","2493","2523","3387","2273","2522","2432","2451","2743","4441","14313","0","14313"
"20201","11590620","사당1동","23335","11149","12186","1922","5118","4837","2970","3235","5253","1010","2259","2488","1532","1456","2404","912","2859","2349","1438","1779","2849","13015","0","13015"
"20201","11590630","사당2동","28212","13633","14579","3747","3828","4877","4181","4344","7235","1984","1870","2408","2086","2019","3266","1763","1958","2469","2095","2325","3969","12053","0","12053"
"20201","11590640","사당3동","25822","12559","13263","3977","3532","4341","3991","3826","6155","2071","1683","2096","2066","1803","2840","1906","1849","2245","1925","2023","3315","10596","0","10596"
"20201","11590650","사당4동","14658","7024","7634","1609","2514","2639","2129","2191","3576","834","1169","1351","1084","1039","1547","775","1345","1288","1045","1152","2029","6969","0","6969"
"20201","11590651","사당5동","12800","6216","6584","1848","1969","2147","2021","1955","2860","955","984","1071","1022","911","1273","893","985","1076","999","1044","1587","5689","0","5689"
"20201","11590660","대방동","39773","18940","20833","6984","6518","5658","7028","5868","7717","3477","3052","2759","3381","2967","3304","3507","3466","2899","3647","2901","4413","17164","0","17164"
"20201","11590670","신대방1동","23913","11540","12373","4355","3279","3120","4302","3713","5144","2167","1583","1541","2050","1863","2336","2188","1696","1579","2252","1850","2808","9923","0","9923"
"20201","11590680","신대방2동","21153","10164","10989","3468","3476","3589","3473","2819","4328","1746","1597","1745","1712","1386","1978","1722","1879","1844","1761","1433","2350","9580","0","9580"
"20201","11620525","보라매동","23821","11666","12155","2735","4459","4098","3273","3452","5804","1417","2163","2204","1674","1617","2591","1318","2296","1894","1599","1835","3213","11808","0","11808"
"20201","11620545","청림동","16123","7894","8229","2718","1926","2717","2690","2364","3708","1424","1002","1337","1390","1144","1597","1294","924","1380","1300","1220","2111","6550","0","6550"
"20201","11620565","성현동","37738","18315","19423","6454","5084","5523","6414","5813","8450","3395","2501","2716","3196","2818","3689","3059","2583","2807","3218","2995","4761","15389","0","15389"
"20201","11620575","행운동","29241","14281","14960","2741","7250","6079","3762","3549","5860","1389","3292","3247","1992","1712","2649","1352","3958","2832","1770","1837","3211","16780","0","16780"
"20201","11620585","낙성대동","15845","7922","7923","1474","4915","3338","1879","1619","2620","718","2327","1866","990","823","1198","756","2588","1472","889","796","1422","10117","0","10117"
"20201","11620595","청룡동","29014","13956","15058","2313","9609","5480","3355","3042","5215","1124","4197","2921","1805","1519","2390","1189","5412","2559","1550","1523","2825","19358","0","19358"
"20201","11620605","은천동","34362","16858","17504","5061","5391","5667","5473","4944","7826","2626","2612","2881","2848","2366","3525","2435","2779","2786","2625","2578","4301","15697","0","15697"
"20201","11620615","중앙동","15159","7259","7900","1140","4221","2942","1764","1914","3178","589","1763","1587","936","972","1412","551","2458","1355","828","942","1766","9218","0","9218"
"20201","11620625","인헌동","26218","12845","13373","2977","5686","5072","3734","3489","5260","1531","2693","2699","1900","1684","2338","1446","2993","2373","1834","1805","2922","13855","0","13855"
"20201","11620630","남현동","18791","9018","9773","2051","3904","3922","2430","2623","3861","1012","1762","2047","1228","1191","1778","1039","2142","1875","1202","1432","2083","9387","0","9387"
"20201","11620645","서원동","22717","11596","11121","1676","6173","4698","2795","2891","4484","898","3092","2679","1515","1369","2043","778","3081","2019","1280","1522","2441","13564","0","13564"
"20201","11620655","신원동","18283","9202","9081","1608","4229","3264","2402","2484","4296","803","2163","1878","1303","1190","1865","805","2066","1386","1099","1294","2431","10359","0","10359"
"20201","11620665","서림동","25430","13939","11491","2309","6090","5058","3543","3333","5097","1200","3417","3106","2095","1756","2365","1109","2673","1952","1448","1577","2732","14979","0","14979"
"20201","11620685","신사동","22805","11437","11368","2169","5481","4042","3122","3308","4683","1177","2592","2266","1575","1664","2163","992","2889","1776","1547","1644","2520","13177","0","13177"
"20201","11620695","신림동","21621","10984","10637","947","8072","5757","2410","1747","2688","463","3762","3187","1392","930","1250","484","4310","2570","1018","817","1438","16681","0","16681"
"20201","11620715","난향동","16264","8023","8241","2875","1735","2114","3095","2596","3849","1460","903","1039","1578","1301","1742","1415","832","1075","1517","1295","2107","6444","0","6444"
"20201","11620725","조원동","17381","8823","8558","1622","3847","3318","2283","2498","3813","838","1711","1868","1254","1326","1826","784","2136","1450","1029","1172","1987","10208","0","10208"
"20201","11620735","대학동","24097","14468","9629","1984","6440","4851","3676","3134","4012","1036","3886","3248","2463","1911","1924","948","2554","1603","1213","1223","2088","16074","0","16074"
"20201","11620745","삼성동","25120","12630","12490","2798","3166","2956","3769","4522","7909","1492","1704","1661","2017","2256","3500","1306","1462","1295","1752","2266","4409","11450","0","11450"
"20201","11620765","미성동","31961","15654","16307","4469","4909","4577","4918","5196","7892","2231","2444","2370","2506","2469","3634","2238","2465","2207","2412","2727","4258","14069","0","14069"
"20201","11620775","난곡동","28076","14133","13943","3548","4151","3836","4203","5077","7261","1855","2181","2092","2199","2460","3346","1693","1970","1744","2004","2617","3915","12746","0","12746"
"20201","11650510","서초1동","21364","10310","11054","3614","2894","3810","3866","2939","4241","1900","1427","1715","1861","1435","1972","1714","1467","2095","2005","1504","2269","9376","0","9376"
"20201","11650520","서초2동","18390","8750","9640","3162","2656","3757","3266","2414","3135","1617","1200","1718","1555","1207","1453","1545","1456","2039","1711","1207","1682","8345","0","8345"
"20201","11650530","서초3동","30335","14835","15500","4463","4933","4892","4847","4715","6485","2463","2387","2334","2297","2287","3067","2000","2546","2558","2550","2428","3418","13294","0","13294"
"20201","11650531","서초4동","31104","15101","16003","7269","3639","3940","6356","4546","5354","3778","1738","1682","2994","2362","2547","3491","1901","2258","3362","2184","2807","10668","0","10668"
"20201","11650540","잠원동","33603","15961","17642","6473","4416","5185","6473","5316","5740","3364","2109","2359","2946","2614","2569","3109","2307","2826","3527","2702","3171","13628","0","13628"
"20201","11650550","반포본동","12084","5676","6408","2598","1519","941","2409","2065","2552","1276","751","415","997","1073","1164","1322","768","526","1412","992","1388","4134","0","4134"
"20201","11650560","반포1동","30491","14657","15834","6096","4185","5395","6197","3818","4800","3062","1904","2423","3128","1965","2175","3034","2281","2972","3069","1853","2625","13583","0","13583"
"20201","11650570","반포2동","16177","7721","8456","4670","1385","1711","3750","2049","2612","2385","689","670","1734","1081","1162","2285","696","1041","2016","968","1450","5121","0","5121"
"20201","11650580","반포3동","18406","8696","9710","4160","2055","2283","3914","2765","3229","2129","1029","988","1779","1380","1391","2031","1026","1295","2135","1385","1838","6434","0","6434"
"20201","11650581","반포4동","19576","9239","10337","3953","2404","2888","3563","2824","3944","2070","1152","1281","1608","1353","1775","1883","1252","1607","1955","1471","2169","7283","0","7283"
"20201","11650590","방배본동","21317","9931","11386","4442","2667","2513","4069","3435","4191","2160","1251","1107","1783","1736","1894","2282","1416","1406","2286","1699","2297","7857","0","7857"
"20201","11650600","방배1동","17339","8143","9196","2572","2539","3098","2862","2424","3844","1342","1206","1401","1334","1116","1744","1230","1333","1697","1528","1308","2100","7580","0","7580"
"20201","11650610","방배2동","20781","9776","11005","2954","3024","3257","3160","3301","5085","1539","1449","1512","1501","1483","2292","1415","1575","1745","1659","1818","2793","8765","0","8765"
"20201","11650620","방배3동","22141","10669","11472","3552","2993","3095","3361","3679","5461","1819","1554","1477","1533","1711","2575","1733","1439","1618","1828","1968","2886","8366","0","8366"
"20201","11650621","방배4동","23764","10931","12833","4350","3267","3706","4351","3497","4593","2079","1441","1678","1954","1683","2096","2271","1826","2028","2397","1814","2497","9727","0","9727"
"20201","11650651","양재1동","45153","21615","23538","8854","5442","7269","7847","6280","9461","4556","2681","3441","3859","2942","4136","4298","2761","3828","3988","3338","5325","18052","0","18052"
"20201","11650652","양재2동","22891","11514","11377","3275","3486","4643","3970","3319","4198","1704","1789","2411","2064","1633","1913","1571","1697","2232","1906","1686","2285","10734","0","10734"
"20201","11650660","내곡동","18146","8790","9356","3475","1947","3059","2949","2457","4259","1727","1018","1413","1509","1142","1981","1748","929","1646","1440","1315","2278","7181","0","7181"
"20201","11680510","신사동","17320","8049","9271","2814","2385","2569","3172","2474","3906","1436","1087","1128","1422","1227","1749","1378","1298","1441","1750","1247","2157","7464","0","7464"
"20201","11680521","논현1동","23122","10755","12367","1717","4578","5986","3825","2813","4203","852","2031","2765","1863","1356","1888","865","2547","3221","1962","1457","2315","14200","0","14200"
"20201","11680531","논현2동","21554","10024","11530","2561","3489","4696","3709","2859","4240","1329","1575","2074","1796","1379","1871","1232","1914","2622","1913","1480","2369","11305","0","11305"
"20201","11680545","압구정동","27528","12625","14903","5144","3257","3642","5002","3904","6579","2474","1520","1559","2274","1889","2909","2670","1737","2083","2728","2015","3670","10665","0","10665"
"20201","11680565","청담동","29706","13957","15749","4941","4268","4958","5094","4518","5927","2612","2013","2160","2345","2116","2711","2329","2255","2798","2749","2402","3216","12480","0","12480"
"20201","11680580","삼성1동","14671","7305","7366","2397","2091","2201","2425","2419","3138","1384","1141","1037","1111","1156","1476","1013","950","1164","1314","1263","1662","5916","0","5916"
"20201","11680590","삼성2동","30227","14413","15814","6000","3924","5308","6433","3945","4617","3258","1904","2222","2968","1988","2073","2742","2020","3086","3465","1957","2544","13326","0","13326"
"20201","11680600","대치1동","25282","12681","12601","7645","2636","1690","6222","3803","3286","4259","1322","644","2748","2113","1595","3386","1314","1046","3474","1690","1691","7413","0","7413"
"20201","11680610","대치2동","38520","19563","18957","8591","5396","3408","7573","6914","6638","4998","2910","1593","3214","3626","3222","3593","2486","1815","4359","3288","3416","12926","0","12926"
"20201","11680630","대치4동","20602","9755","10847","3493","3464","3403","4159","3207","2876","1864","1675","1531","1803","1597","1285","1629","1789","1872","2356","1610","1591","10232","0","10232"
"20201","11680640","역삼1동","36033","17387","18646","2759","7661","10184","5913","4218","5298","1359","3343","4993","3019","2180","2493","1400","4318","5191","2894","2038","2805","23598","0","23598"
"20201","11680650","역삼2동","36341","17105","19236","8476","4504","5255","8520","4671","4915","4173","1998","2260","3952","2536","2186","4303","2506","2995","4568","2135","2729","15011","0","15011"
"20201","11680655","도곡1동","21755","10294","11461","4036","3057","3354","3776","3399","4133","1908","1451","1518","1793","1620","2004","2128","1606","1836","1983","1779","2129","8347","0","8347"
"20201","11680656","도곡2동","34327","15935","18392","7795","4151","3887","6666","5473","6355","3669","1902","1613","2934","2776","3041","4126","2249","2274","3732","2697","3314","11821","0","11821"
"20201","11680660","개포1동","6921","3349","3572","1003","864","729","971","1181","2173","488","440","337","468","593","1023","515","424","392","503","588","1150","2745","0","2745"
"20201","11680670","개포2동","21595","10432","11163","4115","2939","2827","3545","3797","4372","2046","1482","1369","1577","1868","2090","2069","1457","1458","1968","1929","2282","7799","0","7799"
"20201","11680690","개포4동","18123","8895","9228","2843","2663","2815","3025","3127","3650","1467","1362","1413","1457","1511","1685","1376","1301","1402","1568","1616","1965","7666","0","7666"
"20201","11680700","세곡동","44930","21448","23482","9603","5413","7367","7670","6081","8796","4828","2618","3403","3783","2964","3852","4775","2795","3964","3887","3117","4944","17779","0","17779"
"20201","11680720","일원본동","24381","11972","12409","5828","2692","3205","4639","3718","4299","3247","1405","1455","2147","1791","1927","2581","1287","1750","2492","1927","2372","8187","0","8187"
"20201","11680730","일원1동","16264","7956","8308","2097","2368","2413","2251","2684","4451","1136","1219","1265","1137","1268","1931","961","1149","1148","1114","1416","2520","7500","0","7500"
"20201","11680740","일원2동","18064","8717","9347","3167","2001","2715","3145","2671","4365","1820","1060","1284","1515","1302","1736","1347","941","1431","1630","1369","2629","7342","0","7342"
"20201","11680750","수서동","15915","7306","8609","1427","1752","2567","1757","2445","5967","708","924","1305","930","1081","2358","719","828","1262","827","1364","3609","7868","0","7868"
"20201","11710510","풍납1동","14711","7285","7426","1783","1892","2205","2132","2588","4111","938","994","1169","1083","1229","1872","845","898","1036","1049","1359","2239","6579","0","6579"
"20201","11710520","풍납2동","24414","11596","12818","3998","3696","4007","3938","3591","5184","2045","1627","1874","1887","1736","2427","1953","2069","2133","2051","1855","2757","10396","0","10396"
"20201","11710531","거여1동","13193","6726","6467","1866","1868","1740","2100","2393","3226","973","1028","918","1041","1211","1555","893","840","822","1059","1182","1671","5501","0","5501"
"20201","11710532","거여2동","16804","8275","8529","2579","1902","2283","2752","2906","4382","1354","995","1182","1342","1428","1974","1225","907","1101","1410","1478","2408","7154","0","7154"
"20201","11710540","마천1동","20581","10529","10052","2907","2558","2395","3150","3702","5869","1497","1355","1296","1638","1973","2770","1410","1203","1099","1512","1729","3099","9061","0","9061"
"20201","11710550","마천2동","20030","10173","9857","2581","2559","2371","2956","3906","5657","1324","1388","1292","1551","1990","2628","1257","1171","1079","1405","1916","3029","8663","0","8663"
"20201","11710561","방이1동","16384","7907","8477","2943","2499","2305","2776","2749","3112","1512","1253","1123","1250","1313","1456","1431","1246","1182","1526","1436","1656","6233","0","6233"
"20201","11710562","방이2동","25553","12234","13319","2738","4608","5672","3694","3790","5051","1483","2071","2762","1842","1739","2337","1255","2537","2910","1852","2051","2714","13455","0","13455"
"20201","11710566","오륜동","18915","9307","9608","4336","2328","1857","3495","3168","3731","2383","1214","774","1562","1564","1810","1953","1114","1083","1933","1604","1921","5970","0","5970"
"20201","11710570","오금동","40806","19860","20946","6586","5877","6104","6026","7216","8997","3453","3048","3012","2791","3392","4164","3133","2829","3092","3235","3824","4833","15791","0","15791"
"20201","11710580","송파1동","25549","12037","13512","2913","4634","5693","3567","3763","4979","1446","2120","2756","1678","1714","2323","1467","2514","2937","1889","2049","2656","12413","0","12413"
"20201","11710590","송파2동","20644","9969","10675","3677","3022","3073","3125","3438","4309","1909","1441","1471","1489","1626","2033","1768","1581","1602","1636","1812","2276","7378","0","7378"
"20201","11710600","석촌동","33503","16070","17433","4002","5695","7336","5087","4987","6396","2068","2602","3585","2498","2394","2923","1934","3093","3751","2589","2593","3473","16901","0","16901"
"20201","11710610","삼전동","32314","15421","16893","4072","5369","6963","5403","4706","5801","2112","2494","3439","2620","2164","2592","1960","2875","3524","2783","2542","3209","16287","0","16287"
"20201","11710620","가락본동","27536","13635","13901","3769","4422","4949","3999","4875","5522","1944","2176","2499","1984","2363","2669","1825","2246","2450","2015","2512","2853","11890","0","11890"
"20201","11710631","가락1동","27396","13344","14052","5372","3784","5504","4174","4013","4549","2790","1835","2647","2038","1877","2157","2582","1949","2857","2136","2136","2392","9766","0","9766"
"20201","11710632","가락2동","33685","16517","17168","6491","4763","5071","5770","5396","6194","3394","2390","2449","2776","2580","2928","3097","2373","2622","2994","2816","3266","12298","0","12298"
"20201","11710641","문정1동","20832","10339","10493","3012","3374","3660","2890","3540","4356","1571","1685","1905","1416","1648","2114","1441","1689","1755","1474","1892","2242","8454","0","8454"
"20201","11710642","문정2동","30399","14169","16230","3480","5447","7983","4384","3657","5448","1774","2177","3731","2119","1745","2623","1706","3270","4252","2265","1912","2825","15698","0","15698"
"20201","11710646","장지동","32810","15864","16946","5886","4521","5174","5209","5529","6491","2983","2319","2576","2532","2583","2871","2903","2202","2598","2677","2946","3620","12928","0","12928"
"20201","11710647","위례동","28329","13801","14528","8249","2803","5245","5553","3279","3200","4133","1398","2391","2850","1625","1404","4116","1405","2854","2703","1654","1796","9053","0","9053"
"20201","11710650","잠실본동","28956","13706","15250","3388","5129","6230","4593","4205","5411","1719","2342","3001","2204","1980","2460","1669","2787","3229","2389","2225","2951","15115","0","15115"
"20201","11710670","잠실2동","36652","17487","19165","10396","3296","4575","8955","4597","4833","5243","1533","1822","4242","2476","2171","5153","1763","2753","4713","2121","2662","11974","0","11974"
"20201","11710680","잠실3동","35888","17098","18790","7485","4214","4842","6311","5348","7688","3853","2011","2118","2913","2572","3631","3632","2203","2724","3398","2776","4057","12188","0","12188"
"20201","11710690","잠실4동","22193","10718","11475","5414","2088","3506","4389","2902","3894","2802","1053","1474","2157","1426","1806","2612","1035","2032","2232","1476","2088","7501","0","7501"
"20201","11710710","잠실6동","17264","8233","9031","3194","2125","2554","2686","2693","4012","1642","1037","1168","1208","1270","1908","1552","1088","1386","1478","1423","2104","5933","0","5933"
"20201","11710720","잠실7동","10189","4744","5445","1775","1307","1132","1510","1676","2789","798","621","507","675","821","1322","977","686","625","835","855","1467","3477","0","3477"
"20201","11740515","강일동","31985","15481","16504","7260","3943","3402","5663","4995","6722","3719","1994","1549","2734","2469","3016","3541","1949","1853","2929","2526","3706","11148","0","11148"
"20201","11740520","상일동","10654","5325","5329","1823","1413","1316","1572","2020","2510","964","780","672","734","989","1186","859","633","644","838","1031","1324","4078","0","4078"
"20201","11740530","명일1동","21639","10586","11053","3839","2823","3007","3481","3611","4878","1996","1482","1526","1630","1693","2259","1843","1341","1481","1851","1918","2619","8071","0","8071"
"20201","11740540","명일2동","17726","8766","8960","3826","2302","1885","3137","2945","3631","2048","1195","917","1403","1446","1757","1778","1107","968","1734","1499","1874","5973","0","5973"
"20201","11740550","고덕1동","26937","13682","13255","6777","2697","4090","5434","3669","4270","3706","1476","1903","2734","1873","1990","3071","1221","2187","2700","1796","2280","9046","0","9046"
"20201","11740560","고덕2동","6923","3676","3247","783","889","735","982","1401","2133","414","528","415","535","769","1015","369","361","320","447","632","1118","3265","0","3265"
"20201","11740570","암사1동","36325","18025","18300","5289","4951","5667","5763","6162","8493","2721","2567","2929","2922","3039","3847","2568","2384","2738","2841","3123","4646","16097","0","16097"
"20201","11740580","암사2동","14471","7075","7396","2263","1927","2634","2326","2171","3150","1162","973","1309","1150","1044","1437","1101","954","1325","1176","1127","1713","5930","0","5930"
"20201","11740590","암사3동","18657","9130","9527","4101","2064","2708","3335","2728","3721","2094","1057","1237","1669","1305","1768","2007","1007","1471","1666","1423","1953","6355","0","6355"
"20201","11740600","천호1동","28069","13871","14198","3568","3942","4212","4196","4844","7307","1826","1983","2225","2177","2313","3347","1742","1959","1987","2019","2531","3960","12768","0","12768"
"20201","11740610","천호2동","34709","17274","17435","3929","4883","6224","5139","6061","8473","2040","2370","3233","2670","3069","3892","1889","2513","2991","2469","2992","4581","17425","0","17425"
"20201","11740620","천호3동","27361","13519","13842","3053","3979","4858","3983","4596","6892","1551","1870","2435","2095","2338","3230","1502","2109","2423","1888","2258","3662","13569","0","13569"
"20201","11740640","성내1동","20451","9903","10548","3498","2732","3357","3449","3114","4301","1794","1358","1621","1689","1476","1965","1704","1374","1736","1760","1638","2336","8126","0","8126"
"20201","11740650","성내2동","24392","12087","12305","2519","3812","4391","3642","4021","6007","1292","1795","2308","1892","1995","2805","1227","2017","2083","1750","2026","3202","12458","0","12458"
"20201","11740660","성내3동","23646","11720","11926","3390","3604","3648","3686","4055","5263","1941","1864","1861","1794","1904","2356","1449","1740","1787","1892","2151","2907","10286","0","10286"
"20201","11740685","길동","45987","22534","23453","6003","6890","7408","6965","7661","11060","3180","3348","3765","3549","3588","5104","2823","3542","3643","3416","4073","5956","20473","0","20473"
"20201","11740690","둔촌1동","268","128","140","15","20","28","51","35","119","9","10","16","25","18","50","6","10","12","26","17","69","164","0","164"
"20201","11740700","둔촌2동","27648","13656","13992","4390","4034","4074","4098","4694","6358","2331","2053","2051","2006","2235","2980","2059","1981","2023","2092","2459","3378","11207","0","11207"
"20202","11560560","당산2동","35448","16651","18797","4956","6943","7661","4967","4579","6342","2517","2878","3659","2486","2184","2927","2439","4065","4002","2481","2395","3415","17083","0","17083"
"20202","11560585","도림동","18924","9561","9363","2182","2700","3451","2946","3110","4535","1153","1335","1799","1584","1618","2072","1029","1365","1652","1362","1492","2463","9394","0","9394"
"20202","11560605","문래동","31722","15648","16074","6226","3573","5810","5704","4069","6340","3222","1706","2806","2916","2041","2957","3004","1867","3004","2788","2028","3383","12446","0","12446"
"20202","11560610","양평1동","17944","8978","8966","2512","2629","4290","2899","2212","3402","1325","1221","2255","1546","1116","1515","1187","1408","2035","1353","1096","1887","8861","0","8861"
"20202","11560620","양평2동","21886","10901","10985","3448","3562","4884","3393","3035","3564","1776","1653","2521","1726","1563","1662","1672","1909","2363","1667","1472","1902","9701","0","9701"
"20202","11560630","신길1동","17419","8836","8583","1675","3139","2949","2498","2659","4499","867","1564","1684","1328","1380","2013","808","1575","1265","1170","1279","2486","9892","0","9892"
"20202","11560650","신길3동","15733","7756","7977","2206","2020","2126","2420","2833","4128","1144","1013","1098","1250","1407","1844","1062","1007","1028","1170","1426","2284","7006","0","7006"
"20202","11560660","신길4동","8930","4458","4472","976","1282","1047","1269","1701","2655","506","679","569","646","848","1210","470","603","478","623","853","1445","4232","0","4232"
"20202","11560670","신길5동","9143","4442","4701","1110","1201","1079","1379","1703","2671","553","617","578","690","817","1187","557","584","501","689","886","1484","4157","0","4157"
"20202","11560680","신길6동","18126","8933","9193","2312","2917","2954","2597","2868","4478","1238","1441","1511","1315","1382","2046","1074","1476","1443","1282","1486","2432","8348","0","8348"
"20202","11560690","신길7동","16810","8390","8420","3181","2372","2821","2774","2553","3109","1730","1168","1419","1394","1255","1424","1451","1204","1402","1380","1298","1685","6516","0","6516"
"20202","11560700","대림1동","12879","6450","6429","1376","1987","1525","1850","2363","3778","767","1019","842","946","1188","1688","609","968","683","904","1175","2090","6330","0","6330"
"20202","11560710","대림2동","12647","6160","6487","1202","1898","1733","1787","2298","3729","605","952","918","887","1139","1659","597","946","815","900","1159","2070","6796","0","6796"
"20202","11560720","대림3동","22984","11535","11449","2908","3128","3415","3375","4291","5867","1521","1585","1850","1688","2131","2760","1387","1543","1565","1687","2160","3107","10135","0","10135"
"20202","11590510","노량진1동","32334","16071","16263","4200","5576","5407","4465","4840","7846","2139","2931","2915","2309","2319","3458","2061","2645","2492","2156","2521","4388","15131","0","15131"
"20202","11590520","노량진2동","13036","6684","6352","1076","2265","1957","1626","2362","3750","557","1212","1134","905","1173","1703","519","1053","823","721","1189","2047","7277","0","7277"
"20202","11590530","상도1동","45129","21967","23162","6563","9582","6640","6623","6306","9415","3293","4945","3311","3309","2928","4181","3270","4637","3329","3314","3378","5234","20997","0","20997"
"20202","11590540","상도2동","28618","13760","14858","4388","4436","5000","4545","4115","6134","2244","2123","2398","2289","1976","2730","2144","2313","2602","2256","2139","3404","12719","0","12719"
"20202","11590550","상도3동","25619","12306","13313","3245","4207","4397","3886","3938","5946","1673","1966","2275","1943","1864","2585","1572","2241","2122","1943","2074","3361","11885","0","11885"
"20202","11590560","상도4동","29467","14407","15060","3967","4571","5027","4536","4576","6790","2080","2261","2623","2296","2171","2976","1887","2310","2404","2240","2405","3814","13367","0","13367"
"20202","11590605","흑석동","32949","16087","16862","4723","5272","4916","4944","5266","7828","2450","2750","2484","2493","2523","3387","2273","2522","2432","2451","2743","4441","14313","0","14313"
"20202","11590620","사당1동","23335","11149","12186","1922","5118","4837","2970","3235","5253","1010","2259","2488","1532","1456","2404","912","2859","2349","1438","1779","2849","13015","0","13015"
"20202","11590630","사당2동","28212","13633","14579","3747","3828","4877","4181","4344","7235","1984","1870","2408","2086","2019","3266","1763","1958","2469","2095","2325","3969","12053","0","12053"
"20202","11590640","사당3동","25822","12559","13263","3977","3532","4341","3991","3826","6155","2071","1683","2096","2066","1803","2840","1906","1849","2245","1925","2023","3315","10596","0","10596"
"20202","11590650","사당4동","14658","7024","7634","1609","2514","2639","2129","2191","3576","834","1169","1351","1084","1039","1547","775","1345","1288","1045","1152","2029","6969","0","6969"
"20202","11590651","사당5동","12800","6216","6584","1848","1969","2147","2021","1955","2860","955","984","1071","1022","911","1273","893","985","1076","999","1044","1587","5689","0","5689"
"20202","11590660","대방동","39773","18940","20833","6984","6518","5658","7028","5868","7717","3477","3052","2759","3381","2967","3304","3507","3466","2899","3647","2901","4413","17164","0","17164"
"20202","11590670","신대방1동","23913","11540","12373","4355","3279","3120","4302","3713","5144","2167","1583","1541","2050","1863","2336","2188","1696","1579","2252","1850","2808","9923","0","9923"
"20202","11590680","신대방2동","21153","10164","10989","3468","3476","3589","3473","2819","4328","1746","1597","1745","1712","1386","1978","1722","1879","1844","1761","1433","2350","9580","0","9580"
"20202","11620525","보라매동","23821","11666","12155","2735","4459","4098","3273","3452","5804","1417","2163","2204","1674","1617","2591","1318","2296","1894","1599","1835","3213","11808","0","11808"
"20202","11620545","청림동","16123","7894","8229","2718","1926","2717","2690","2364","3708","1424","1002","1337","1390","1144","1597","1294","924","1380","1300","1220","2111","6550","0","6550"
"20202","11620565","성현동","37738","18315","19423","6454","5084","5523","6414","5813","8450","3395","2501","2716","3196","2818","3689","3059","2583","2807","3218","2995","4761","15389","0","15389"
"20202","11620575","행운동","29241","14281","14960","2741","7250","6079","3762","3549","5860","1389","3292","3247","1992","1712","2649","1352","3958","2832","1770","1837","3211","16780","0","16780"
"20202","11620585","낙성대동","15845","7922","7923","1474","4915","3338","1879","1619","2620","718","2327","1866","990","823","1198","756","2588","1472","889","796","1422","10117","0","10117"
"20202","11620595","청룡동","29014","13956","15058","2313","9609","5480","3355","3042","5215","1124","4197","2921","1805","1519","2390","1189","5412","2559","1550","1523","2825","19358","0","19358"
"20202","11620605","은천동","34362","16858","17504","5061","5391","5667","5473","4944","7826","2626","2612","2881","2848","2366","3525","2435","2779","2786","2625","2578","4301","15697","0","15697"
"20202","11620615","중앙동","15159","7259","7900","1140","4221","2942","1764","1914","3178","589","1763","1587","936","972","1412","551","2458","1355","828","942","1766","9218","0","9218"
"20202","11620625","인헌동","26218","12845","13373","2977","5686","5072","3734","3489","5260","1531","2693","2699","1900","1684","2338","1446","2993","2373","1834","1805","2922","13855","0","13855"
"20202","11620630","남현동","18791","9018","9773","2051","3904","3922","2430","2623","3861","1012","1762","2047","1228","1191","1778","1039","2142","1875","1202","1432","2083","9387","0","9387"
"20202","11620645","서원동","22717","11596","11121","1676","6173","4698","2795","2891","4484","898","3092","2679","1515","1369","2043","778","3081","2019","1280","1522","2441","13564","0","13564"
"20202","11620655","신원동","18283","9202","9081","1608","4229","3264","2402","2484","4296","803","2163","1878","1303","1190","1865","805","2066","1386","1099","1294","2431","10359","0","10359"
"20202","11620665","서림동","25430","13939","11491","2309","6090","5058","3543","3333","5097","1200","3417","3106","2095","1756","2365","1109","2673","1952","1448","1577","2732","14979","0","14979"
"20202","11620685","신사동","22805","11437","11368","2169","5481","4042","3122","3308","4683","1177","2592","2266","1575","1664","2163","992","2889","1776","1547","1644","2520","13177","0","13177"
"20202","11620695","신림동","21621","10984","10637","947","8072","5757","2410","1747","2688","463","3762","3187","1392","930","1250","484","4310","2570","1018","817","1438","16681","0","16681"
"20202","11620715","난향동","16264","8023","8241","2875","1735","2114","3095","2596","3849","1460","903","1039","1578","1301","1742","1415","832","1075","1517","1295","2107","6444","0","6444"
"20202","11620725","조원동","17381","8823","8558","1622","3847","3318","2283","2498","3813","838","1711","1868","1254","1326","1826","784","2136","1450","1029","1172","1987","10208","0","10208"
"20202","11620735","대학동","24097","14468","9629","1984","6440","4851","3676","3134","4012","1036","3886","3248","2463","1911","1924","948","2554","1603","1213","1223","2088","16074","0","16074"
"20202","11620745","삼성동","25120","12630","12490","2798","3166","2956","3769","4522","7909","1492","1704","1661","2017","2256","3500","1306","1462","1295","1752","2266","4409","11450","0","11450"
"20202","11620765","미성동","31961","15654","16307","4469","4909","4577","4918","5196","7892","2231","2444","2370","2506","2469","3634","2238","2465","2207","2412","2727","4258","14069","0","14069"
"20202","11620775","난곡동","28076","14133","13943","3548","4151","3836","4203","5077","7261","1855","2181","2092","2199","2460","3346","1693","1970","1744","2004","2617","3915","12746","0","12746"
"20202","11650510","서초1동","21364","10310","11054","3614","2894","3810","3866","2939","4241","1900","1427","1715","1861","1435","1972","1714","1467","2095","2005","1504","2269","9376","0","9376"
"20202","11650520","서초2동","18390","8750","9640","3162","2656","3757","3266","2414","3135","1617","1200","1718","1555","1207","1453","1545","1456","2039","1711","1207","1682","8345","0","8345"
"20202","11650530","서초3동","30335","14835","15500","4463","4933","4892","4847","4715","6485","2463","2387","2334","2297","2287","3067","2000","2546","2558","2550","2428","3418","13294","0","13294"
"20202","11650531","서초4동","31104","15101","16003","7269","3639","3940","6356","4546","5354","3778","1738","1682","2994","2362","2547","3491","1901","2258","3362","2184","2807","10668","0","10668"
"20202","11650540","잠원동","33603","15961","17642","6473","4416","5185","6473","5316","5740","3364","2109","2359","2946","2614","2569","3109","2307","2826","3527","2702","3171","13628","0","13628"
"20202","11650550","반포본동","12084","5676","6408","2598","1519","941","2409","2065","2552","1276","751","415","997","1073","1164","1322","768","526","1412","992","1388","4134","0","4134"
"20202","11650560","반포1동","30491","14657","15834","6096","4185","5395","6197","3818","4800","3062","1904","2423","3128","1965","2175","3034","2281","2972","3069","1853","2625","13583","0","13583"
"20202","11650570","반포2동","16177","7721","8456","4670","1385","1711","3750","2049","2612","2385","689","670","1734","1081","1162","2285","696","1041","2016","968","1450","5121","0","5121"
"20202","11650580","반포3동","18406","8696","9710","4160","2055","2283","3914","2765","3229","2129","1029","988","1779","1380","1391","2031","1026","1295","2135","1385","1838","6434","0","6434"
"20202","11650581","반포4동","19576","9239","10337","3953","2404","2888","3563","2824","3944","2070","1152","1281","1608","1353","1775","1883","1252","1607","1955","1471","2169","7283","0","7283"
"20202","11650590","방배본동","21317","9931","11386","4442","2667","2513","4069","3435","4191","2160","1251","1107","1783","1736","1894","2282","1416","1406","2286","1699","2297","7857","0","7857"
"20202","11650600","방배1동","17339","8143","9196","2572","2539","3098","2862","2424","3844","1342","1206","1401","1334","1116","1744","1230","1333","1697","1528","1308","2100","7580","0","7580"
"20202","11650610","방배2동","20781","9776","11005","2954","3024","3257","3160","3301","5085","1539","1449","1512","1501","1483","2292","1415","1575","1745","1659","1818","2793","8765","0","8765"
"20202","11650620","방배3동","22141","10669","11472","3552","2993","3095","3361","3679","5461","1819","1554","1477","1533","1711","2575","1733","1439","1618","1828","1968","2886","8366","0","8366"
"20202","11650621","방배4동","23764","10931","12833","4350","3267","3706","4351","3497","4593","2079","1441","1678","1954","1683","2096","2271","1826","2028","2397","1814","2497","9727","0","9727"
"20202","11650651","양재1동","45153","21615","23538","8854","5442","7269","7847","6280","9461","4556","2681","3441","3859","2942","4136","4298","2761","3828","3988","3338","5325","18052","0","18052"
"20202","11650652","양재2동","22891","11514","11377","3275","3486","4643","3970","3319","4198","1704","1789","2411","2064","1633","1913","1571","1697","2232","1906","1686","2285","10734","0","10734"
"20202","11650660","내곡동","18146","8790","9356","3475","1947","3059","2949","2457","4259","1727","1018","1413","1509","1142","1981","1748","929","1646","1440","1315","2278","7181","0","7181"
"20202","11680510","신사동","17320","8049","9271","2814","2385","2569","3172","2474","3906","1436","1087","1128","1422","1227","1749","1378","1298","1441","1750","1247","2157","7464","0","7464"
"20202","11680521","논현1동","23122","10755","12367","1717","4578","5986","3825","2813","4203","852","2031","2765","1863","1356","1888","865","2547","3221","1962","1457","2315","14200","0","14200"
"20202","11680531","논현2동","21554","10024","11530","2561","3489","4696","3709","2859","4240","1329","1575","2074","1796","1379","1871","1232","1914","2622","1913","1480","2369","11305","0","11305"
"20202","11680545","압구정동","27528","12625","14903","5144","3257","3642","5002","3904","6579","2474","1520","1559","2274","1889","2909","2670","1737","2083","2728","2015","3670","10665","0","10665"
"20202","11680565","청담동","29706","13957","15749","4941","4268","4958","5094","4518","5927","2612","2013","2160","2345","2116","2711","2329","2255","2798","2749","2402","3216","12480","0","12480"
"20202","11680580","삼성1동","14671","7305","7366","2397","2091","2201","2425","2419","3138","1384","1141","1037","1111","1156","1476","1013","950","1164","1314","1263","1662","5916","0","5916"
"20202","11680590","삼성2동","30227","14413","15814","6000","3924","5308","6433","3945","4617","3258","1904","2222","2968","1988","2073","2742","2020","3086","3465","1957","2544","13326","0","13326"
"20202","11680600","대치1동","25282","12681","12601","7645","2636","1690","6222","3803","3286","4259","1322","644","2748","2113","1595","3386","1314","1046","3474","1690","1691","7413","0","7413"
"20202","11680610","대치2동","38520","19563","18957","8591","5396","3408","7573","6914","6638","4998","2910","1593","3214","3626","3222","3593","2486","1815","4359","3288","3416","12926","0","12926"
"20202","11680630","대치4동","20602","9755","10847","3493","3464","3403","4159","3207","2876","1864","1675","1531","1803","1597","1285","1629","1789","1872","2356","1610","1591","10232","0","10232"
"20202","11680640","역삼1동","36033","17387","18646","2759","7661","10184","5913","4218","5298","1359","3343","4993","3019","2180","2493","1400","4318","5191","2894","2038","2805","23598","0","23598"
"20202","11680650","역삼2동","36341","17105","19236","8476","4504","5255","8520","4671","4915","4173","1998","2260","3952","2536","2186","4303","2506","2995","4568","2135","2729","15011","0","15011"
"20202","11680655","도곡1동","21755","10294","11461","4036","3057","3354","3776","3399","4133","1908","1451","1518","1793","1620","2004","2128","1606","1836","1983","1779","2129","8347","0","8347"
"20202","11680656","도곡2동","34327","15935","18392","7795","4151","3887","6666","5473","6355","3669","1902","1613","2934","2776","3041","4126","2249","2274","3732","2697","3314","11821","0","11821"
"20202","11680660","개포1동","6921","3349","3572","1003","864","729","971","1181","2173","488","440","337","468","593","1023","515","424","392","503","588","1150","2745","0","2745"
"20202","11680670","개포2동","21595","10432","11163","4115","2939","2827","3545","3797","4372","2046","1482","1369","1577","1868","2090","2069","1457","1458","1968","1929","2282","7799","0","7799"
"20202","11680690","개포4동","18123","8895","9228","2843","2663","2815","3025","3127","3650","1467","1362","1413","1457","1511","1685","1376","1301","1402","1568","1616","1965","7666","0","7666"
"20202","11680700","세곡동","44930","21448","23482","9603","5413","7367","7670","6081","8796","4828","2618","3403","3783","2964","3852","4775","2795","3964","3887","3117","4944","17779","0","17779"
"20202","11680720","일원본동","24381","11972","12409","5828","2692","3205","4639","3718","4299","3247","1405","1455","2147","1791","1927","2581","1287","1750","2492","1927","2372","8187","0","8187"
"20202","11680730","일원1동","16264","7956","8308","2097","2368","2413","2251","2684","4451","1136","1219","1265","1137","1268","1931","961","1149","1148","1114","1416","2520","7500","0","7500"
"20202","11680740","일원2동","18064","8717","9347","3167","2001","2715","3145","2671","4365","1820","1060","1284","1515","1302","1736","1347","941","1431","1630","1369","2629","7342","0","7342"
"20202","11680750","수서동","15915","7306","8609","1427","1752","2567","1757","2445","5967","708","924","1305","930","1081","2358","719","828","1262","827","1364","3609","7868","0","7868"
"20202","11710510","풍납1동","14711","7285","7426","1783","1892","2205","2132","2588","4111","938","994","1169","1083","1229","1872","845","898","1036","1049","1359","2239","6579","0","6579"
"20202","11710520","풍납2동","24414","11596","12818","3998","3696","4007","3938","3591","5184","2045","1627","1874","1887","1736","2427","1953","2069","2133","2051","1855","2757","10396","0","10396"
"20202","11710531","거여1동","13193","6726","6467","1866","1868","1740","2100","2393","3226","973","1028","918","1041","1211","1555","893","840","822","1059","1182","1671","5501","0","5501"
"20202","11710532","거여2동","16804","8275","8529","2579","1902","2283","2752","2906","4382","1354","995","1182","1342","1428","1974","1225","907","1101","1410","1478","2408","7154","0","7154"
"20202","11710540","마천1동","20581","10529","10052","2907","2558","2395","3150","3702","5869","1497","1355","1296","1638","1973","2770","1410","1203","1099","1512","1729","3099","9061","0","9061"
"20202","11710550","마천2동","20030","10173","9857","2581","2559","2371","2956","3906","5657","1324","1388","1292","1551","1990","2628","1257","1171","1079","1405","1916","3029","8663","0","8663"
"20202","11710561","방이1동","16384","7907","8477","2943","2499","2305","2776","2749","3112","1512","1253","1123","1250","1313","1456","1431","1246","1182","1526","1436","1656","6233","0","6233"
"20202","11710562","방이2동","25553","12234","13319","2738","4608","5672","3694","3790","5051","1483","2071","2762","1842","1739","2337","1255","2537","2910","1852","2051","2714","13455","0","13455"
"20202","11710566","오륜동","18915","9307","9608","4336","2328","1857","3495","3168","3731","2383","1214","774","1562","1564","1810","1953","1114","1083","1933","1604","1921","5970","0","5970"
"20202","11710570","오금동","40806","19860","20946","6586","5877","6104","6026","7216","8997","3453","3048","3012","2791","3392","4164","3133","2829","3092","3235","3824","4833","15791","0","15791"
"20202","11710580","송파1동","25549","12037","13512","2913","4634","5693","3567","3763","4979","1446","2120","2756","1678","1714","2323","1467","2514","2937","1889","2049","2656","12413","0","12413"
"20202","11710590","송파2동","20644","9969","10675","3677","3022","3073","3125","3438","4309","1909","1441","1471","1489","1626","2033","1768","1581","1602","1636","1812","2276","7378","0","7378"
"20202","11710600","석촌동","33503","16070","17433","4002","5695","7336","5087","4987","6396","2068","2602","3585","2498","2394","2923","1934","3093","3751","2589","2593","3473","16901","0","16901"
"20202","11710610","삼전동","32314","15421","16893","4072","5369","6963","5403","4706","5801","2112","2494","3439","2620","2164","2592","1960","2875","3524","2783","2542","3209","16287","0","16287"
"20202","11710620","가락본동","27536","13635","13901","3769","4422","4949","3999","4875","5522","1944","2176","2499","1984","2363","2669","1825","2246","2450","2015","2512","2853","11890","0","11890"
"20202","11710631","가락1동","27396","13344","14052","5372","3784","5504","4174","4013","4549","2790","1835","2647","2038","1877","2157","2582","1949","2857","2136","2136","2392","9766","0","9766"
"20202","11710632","가락2동","33685","16517","17168","6491","4763","5071","5770","5396","6194","3394","2390","2449","2776","2580","2928","3097","2373","2622","2994","2816","3266","12298","0","12298"
"20202","11710641","문정1동","20832","10339","10493","3012","3374","3660","2890","3540","4356","1571","1685","1905","1416","1648","2114","1441","1689","1755","1474","1892","2242","8454","0","8454"
"20202","11710642","문정2동","30399","14169","16230","3480","5447","7983","4384","3657","5448","1774","2177","3731","2119","1745","2623","1706","3270","4252","2265","1912","2825","15698","0","15698"
"20202","11710646","장지동","32810","15864","16946","5886","4521","5174","5209","5529","6491","2983","2319","2576","2532","2583","2871","2903","2202","2598","2677","2946","3620","12928","0","12928"
"20202","11710647","위례동","28329","13801","14528","8249","2803","5245","5553","3279","3200","4133","1398","2391","2850","1625","1404","4116","1405","2854","2703","1654","1796","9053","0","9053"
"20202","11710650","잠실본동","28956","13706","15250","3388","5129","6230","4593","4205","5411","1719","2342","3001","2204","1980","2460","1669","2787","3229","2389","2225","2951","15115","0","15115"
"20202","11710670","잠실2동","36652","17487","19165","10396","3296","4575","8955","4597","4833","5243","1533","1822","4242","2476","2171","5153","1763","2753","4713","2121","2662","11974","0","11974"
"20202","11710680","잠실3동","35888","17098","18790","7485","4214","4842","6311","5348","7688","3853","2011","2118","2913","2572","3631","3632","2203","2724","3398","2776","4057","12188","0","12188"
"20202","11710690","잠실4동","22193","10718","11475","5414","2088","3506","4389","2902","3894","2802","1053","1474","2157","1426","1806","2612","1035","2032","2232","1476","2088","7501","0","7501"
"20202","11710710","잠실6동","17264","8233","9031","3194","2125","2554","2686","2693","4012","1642","1037","1168","1208","1270","1908","1552","1088","1386","1478","1423","2104","5933","0","5933"
"20202","11710720","잠실7동","10189","4744","5445","1775","1307","1132","1510","1676","2789","798","621","507","675","821","1322","977","686","625","835","855","1467","3477","0","3477"
"20202","11740515","강일동","31985","15481","16504","7260","3943","3402","5663","4995","6722","3719","1994","1549","2734","2469","3016","3541","1949","1853","2929","2526","3706","11148","0","11148"
"20202","11740520","상일동","10654","5325","5329","1823","1413","1316","1572","2020","2510","964","780","672","734","989","1186","859","633","644","838","1031","1324","4078","0","4078"
"20202","11740530","명일1동","21639","10586","11053","3839","2823","3007","3481","3611","4878","1996","1482","1526","1630","1693","2259","1843","1341","1481","1851","1918","2619","8071","0","8071"
"20202","11740540","명일2동","17726","8766","8960","3826","2302","1885","3137","2945","3631","2048","1195","917","1403","1446","1757","1778","1107","968","1734","1499","1874","5973","0","5973"
"20202","11740550","고덕1동","26937","13682","13255","6777","2697","4090","5434","3669","4270","3706","1476","1903","2734","1873","1990","3071","1221","2187","2700","1796","2280","9046","0","9046"
"20202","11740560","고덕2동","6923","3676","3247","783","889","735","982","1401","2133","414","528","415","535","769","1015","369","361","320","447","632","1118","3265","0","3265"
"20202","11740570","암사1동","36325","18025","18300","5289","4951","5667","5763","6162","8493","2721","2567","2929","2922","3039","3847","2568","2384","2738","2841","3123","4646","16097","0","16097"
"20202","11740580","암사2동","14471","7075","7396","2263","1927","2634","2326","2171","3150","1162","973","1309","1150","1044","1437","1101","954","1325","1176","1127","1713","5930","0","5930"
"20202","11740590","암사3동","18657","9130","9527","4101","2064","2708","3335","2728","3721","2094","1057","1237","1669","1305","1768","2007","1007","1471","1666","1423","1953","6355","0","6355"
"20202","11740600","천호1동","28069","13871","14198","3568","3942","4212","4196","4844","7307","1826","1983","2225","2177","2313","3347","1742","1959","1987","2019","2531","3960","12768","0","12768"
"20202","11740610","천호2동","34709","17274","17435","3929","4883","6224","5139","6061","8473","2040","2370","3233","2670","3069","3892","1889","2513","2991","2469","2992","4581","17425","0","17425"
"20202","11740620","천호3동","27361","13519","13842","3053","3979","4858","3983","4596","6892","1551","1870","2435","2095","2338","3230","1502","2109","2423","1888","2258","3662","13569","0","13569"
"20202","11740640","성내1동","20451","9903","10548","3498","2732","3357","3449","3114","4301","1794","1358","1621","1689","1476","1965","1704","1374","1736","1760","1638","2336","8126","0","8126"
"20202","11740650","성내2동","24392","12087","12305","2519","3812","4391","3642","4021","6007","1292","1795","2308","1892","1995","2805","1227","2017","2083","1750","2026","3202","12458","0","12458"
"20202","11740660","성내3동","23646","11720","11926","3390","3604","3648","3686","4055","5263","1941","1864","1861","1794","1904","2356","1449","1740","1787","1892","2151","2907","10286","0","10286"
"20202","11740685","길동","45987","22534","23453","6003","6890","7408","6965","7661","11060","3180","3348","3765","3549","3588","5104","2823","3542","3643","3416","4073","5956","20473","0","20473"
"20202","11740690","둔촌1동","268","128","140","15","20","28","51","35","119","9","10","16","25","18","50","6","10","12","26","17","69","164","0","164"
"20202","11740700","둔촌2동","27648","13656","13992","4390","4034","4074","4098","4694","6358","2331","2053","2051","2006","2235","2980","2059","1981","2023","2092","2459","3378","11207","0","11207"
"20202","11110515","청운효자동","12817","5963","6854","2171","1630","1765","2276","1996","2979","1136","794","819","999","956","1259","1035","836","946","1277","1040","1720","5388","0","5388"
"20202","11110530","사직동","9386","4219","5167","1350","1211","1370","1496","1515","2444","651","556","606","666","671","1069","699","655","764","830","844","1375","4547","0","4547"
"20202","11110540","삼청동","2717","1306","1411","307","349","386","377","432","866","171","178","188","185","206","378","136","171","198","192","226","488","1375","0","1375"
"20202","11110550","부암동","9987","4758","5229","1504","1390","1223","1614","1717","2539","796","729","566","742","788","1137","708","661","657","872","929","1402","4257","0","4257"
"20202","11110560","평창동","18604","8712","9892","2924","2598","2301","2790","3334","4657","1496","1338","1059","1241","1509","2069","1428","1260","1242","1549","1825","2588","7497","0","7497"
"20202","11110570","무악동","8074","3783","4291","1624","904","839","1497","1314","1896","761","406","387","720","686","823","863","498","452","777","628","1073","2965","0","2965"
"20202","11110580","교남동","10621","4948","5673","1787","1306","1819","1908","1573","2228","894","608","841","906","759","940","893","698","978","1002","814","1288","4596","0","4596"
"20202","11110600","가회동","4391","2029","2362","576","482","596","787","721","1229","300","228","284","366","322","529","276","254","312","421","399","700","2060","0","2060"
"20202","11110615","종로1?2?3?4가동","7262","4335","2927","445","884","904","942","1412","2675","230","462","510","578","985","1570","215","422","394","364","427","1105","5246","0","5246"
"20202","11110630","종로5?6가동","5211","2860","2351","390","1001","652","655","986","1527","205","545","391","367","574","778","185","456","261","288","412","749","3235","0","3235"
"20202","11110640","이화동","7912","3762","4150","741","1698","1352","1060","1161","1900","367","811","640","529","572","843","374","887","712","531","589","1057","4493","0","4493"
"20202","11110650","혜화동","16833","8089","8744","2172","4389","2178","2315","2257","3522","1068","2206","1127","1095","1079","1514","1104","2183","1051","1220","1178","2008","9164","0","9164"
"20202","11110670","창신1동","5230","2802","2428","438","598","545","702","1170","1777","223","323","306","362","666","922","215","275","239","340","504","855","2927","0","2927"
"20202","11110680","창신2동","8561","4376","4185","853","1240","916","1237","1876","2439","439","657","537","654","985","1104","414","583","379","583","891","1335","4107","0","4107"
"20202","11110690","창신3동","7127","3516","3611","991","1017","1016","1011","1300","1792","517","533","492","497","642","835","474","484","524","514","658","957","2907","0","2907"
"20202","11110700","숭인1동","6180","3032","3148","734","809","869","981","1137","1650","357","415","468","505","550","737","377","394","401","476","587","913","2946","0","2946"
"20202","11110710","숭인2동","9457","4826","4631","684","1828","1518","1279","1706","2442","344","777","807","709","936","1253","340","1051","711","570","770","1189","5736","0","5736"
"20202","11140520","소공동","2054","1000","1054","288","205","458","420","290","393","125","84","220","218","151","202","163","121","238","202","139","191","1099","0","1099"
"20202","11140540","회현동","5401","2922","2479","444","519","590","724","1050","2074","214","238","298","413","640","1119","230","281","292","311","410","955","3239","0","3239"
"20202","11140550","명동","2675","1120","1555","208","275","331","414","483","964","93","137","152","172","204","362","115","138","179","242","279","602","1339","0","1339"
"20202","11140570","필동","4062","2101","1961","397","679","652","525","614","1195","219","340","361","298","337","546","178","339","291","227","277","649","2321","0","2321"
"20202","11140580","장충동","4645","2365","2280","499","1183","683","589","608","1083","259","636","366","314","306","484","240","547","317","275","302","599","2651","0","2651"
"20202","11140590","광희동","4884","2591","2293","341","707","717","609","890","1620","178","357","397","333","509","817","163","350","320","276","381","803","2930","0","2930"
"20202","11140605","을지로동","1770","1085","685","82","194","250","192","367","685","45","86","144","131","258","421","37","108","106","61","109","264","1310","0","1310"
"20202","11140615","신당동","7514","3755","3759","581","1275","1271","1131","1378","1878","276","599","664","612","722","882","305","676","607","519","656","996","4394","0","4394"
"20202","11140625","다산동","14280","6951","7329","1534","2359","2302","2112","2329","3644","813","1147","1195","1059","1142","1595","721","1212","1107","1053","1187","2049","6828","0","6828"
"20202","11140635","약수동","17520","8259","9261","2321","2060","2573","2589","2886","5091","1165","1036","1201","1291","1355","2211","1156","1024","1372","1298","1531","2880","7792","0","7792"
"20202","11140645","청구동","14315","6810","7505","1844","1988","2282","2076","2391","3734","944","993","1130","986","1162","1595","900","995","1152","1090","1229","2139","6390","0","6390"
"20202","11140650","신당5동","9242","4582","4660","1131","1303","1337","1442","1707","2322","566","651","678","757","892","1038","565","652","659","685","815","1284","4498","0","4498"
"20202","11140665","동화동","10843","5217","5626","1702","1529","1424","1676","1963","2549","878","761","659","821","935","1163","824","768","765","855","1028","1386","4151","0","4151"
"20202","11140670","황학동","12541","6073","6468","1295","2087","2816","1804","1818","2721","664","907","1405","907","923","1267","631","1180","1411","897","895","1454","6729","0","6729"
"20202","11140680","중림동","12684","6347","6337","1865","1541","2415","2023","1996","2844","964","743","1205","1042","1048","1345","901","798","1210","981","948","1499","5846","0","5846"
"20202","11170510","후암동","17971","8744","9227","2443","2644","2870","2821","2937","4256","1317","1348","1476","1387","1406","1810","1126","1296","1394","1434","1531","2446","8584","0","8584"
"20202","11170520","용산2가동","10366","5023","5343","1087","1575","1827","1473","1512","2892","561","850","925","754","700","1233","526","725","902","719","812","1659","5398","0","5398"
"20202","11170530","남영동","7846","4803","3043","502","982","1060","1176","1699","2427","265","477","551","789","1209","1512","237","505","509","387","490","915","5464","0","5464"
"20202","11170555","청파동","19763","9361","10402","2021","4053","3093","2862","3105","4629","1061","1688","1665","1424","1547","1976","960","2365","1428","1438","1558","2653","10656","0","10656"
"20202","11170560","원효로1동","15876","7663","8213","2240","2400","3632","2624","2141","2839","1144","1018","1798","1358","1041","1304","1096","1382","1834","1266","1100","1535","7768","0","7768"
"20202","11170570","원효로2동","14479","6812","7667","2370","1890","2114","2400","2353","3352","1046","894","1072","1180","1163","1457","1324","996","1042","1220","1190","1895","5965","0","5965"
"20202","11170580","효창동","9013","4307","4706","1399","1372","1579","1404","1363","1896","720","657","783","669","662","816","679","715","796","735","701","1080","3818","0","3818"
"20202","11170590","용문동","12234","5849","6385","1752","1746","2022","1895","1964","2855","901","834","1003","930","980","1201","851","912","1019","965","984","1654","5292","0","5292"
"20202","11170625","한강로동","18270","8823","9447","2023","2789","3641","2660","3049","4108","1059","1279","1721","1313","1492","1959","964","1510","1920","1347","1557","2149","9542","0","9542"
"20202","11170630","이촌1동","26203","12277","13926","5398","2783","3460","4702","4052","5808","2765","1366","1534","2122","1959","2531","2633","1417","1926","2580","2093","3277","9503","0","9503"
"20202","11170640","이촌2동","8918","4216","4702","1122","1008","1553","1264","1435","2536","589","497","796","620","658","1056","533","511","757","644","777","1480","3861","0","3861"
"20202","11170650","이태원1동","6879","3256","3623","581","998","1081","935","1137","2147","294","530","566","462","537","867","287","468","515","473","600","1280","3778","0","3778"
"20202","11170660","이태원2동","9285","4305","4980","986","1332","1699","1400","1317","2551","485","686","853","658","587","1036","501","646","846","742","730","1515","4877","0","4877"
"20202","11170685","한남동","20545","9898","10647","2288","2676","4037","3354","3120","5070","1198","1321","2034","1628","1512","2205","1090","1355","2003","1726","1608","2865","11066","0","11066"
"20202","11170690","서빙고동","14396","6932","7464","2572","1928","1823","2720","2372","2981","1327","955","872","1295","1186","1297","1245","973","951","1425","1186","1684","5691","0","5691"
"20202","11170700","보광동","14393","7046","7347","1350","2259","2191","2184","2520","3889","746","1240","1185","1078","1186","1611","604","1019","1006","1106","1334","2278","7645","0","7645"
"20202","11200520","왕십리2동","17366","8472","8894","2564","2537","3047","2767","2773","3678","1318","1232","1532","1372","1354","1664","1246","1305","1515","1395","1419","2014","7588","0","7588"
"20202","11200535","왕십리도선동","27197","12959","14238","4167","4405","4878","4103","4384","5260","2081","2050","2309","2024","2101","2394","2086","2355","2569","2079","2283","2866","11679","0","11679"
"20202","11200540","마장동","23348","11511","11837","3110","4466","3387","3192","3876","5317","1588","2193","1756","1607","1922","2445","1522","2273","1631","1585","1954","2872","10877","0","10877"
"20202","11200550","사근동","11680","5995","5685","1245","4323","1669","1189","1268","1986","591","2385","908","620","615","876","654","1938","761","569","653","1110","7426","0","7426"
"20202","11200560","행당1동","16063","7804","8259","2204","2655","2597","2478","2645","3484","1109","1302","1283","1216","1279","1615","1095","1353","1314","1262","1366","1869","7292","0","7292"
"20202","11200570","행당2동","24582","11559","13023","4287","3070","3813","4363","3916","5133","2020","1446","1823","2113","1927","2230","2267","1624","1990","2250","1989","2903","9454","0","9454"
"20202","11200580","응봉동","16162","7675","8487","3078","1792","2306","3121","2462","3403","1519","908","1101","1485","1199","1463","1559","884","1205","1636","1263","1940","6180","0","6180"
"20202","11200590","금호1가동","15816","7571","8245","2497","1910","2867","2605","2397","3540","1283","942","1363","1314","1137","1532","1214","968","1504","1291","1260","2008","6597","0","6597"
"20202","11200615","금호2?3가동","24052","11459","12593","3476","3023","4403","3899","3748","5503","1750","1521","2108","1948","1771","2361","1726","1502","2295","1951","1977","3142","10345","0","10345"
"20202","11200620","금호4가동","14812","7099","7713","2428","1597","2813","2613","2155","3206","1248","804","1344","1303","1038","1362","1180","793","1469","1310","1117","1844","6341","0","6341"
"20202","11200645","옥수동","27174","12711","14463","4446","3155","5426","4502","3989","5656","2274","1451","2419","2243","1854","2470","2172","1704","3007","2259","2135","3186","11105","0","11105"
"20202","11200650","성수1가1동","16849","8425","8424","2351","2599","2935","2559","3048","3357","1228","1328","1472","1248","1560","1589","1123","1271","1463","1311","1488","1768","7587","0","7587"
"20202","11200660","성수1가2동","14194","7058","7136","1917","2237","2652","2286","2169","2933","989","1122","1298","1141","1119","1389","928","1115","1354","1145","1050","1544","6607","0","6607"
"20202","11200670","성수2가1동","17138","8954","8184","1923","2456","2698","2491","3317","4253","1004","1292","1447","1329","1807","2075","919","1164","1251","1162","1510","2178","8516","0","8516"
"20202","11200690","성수2가3동","11349","5793","5556","1193","2022","2062","1527","1897","2648","613","942","1079","807","1029","1323","580","1080","983","720","868","1325","5673","0","5673"
"20202","11200720","송정동","10955","5818","5137","1244","1680","1702","1652","2078","2599","672","880","942","902","1160","1262","572","800","760","750","918","1337","5503","0","5503"
"20202","11200790","용답동","12297","6524","5773","1225","1982","1756","1913","2330","3091","620","955","981","1094","1362","1512","605","1027","775","819","968","1579","6823","0","6823"
"20202","11215710","화양동","21879","10427","11452","1269","8837","4316","2216","2086","3155","607","3827","2231","1228","1110","1424","662","5010","2085","988","976","1731","16005","0","16005"
"20202","11215730","군자동","19728","9753","9975","2101","4123","3664","2635","3019","4186","1097","2005","1859","1360","1530","1902","1004","2118","1805","1275","1489","2284","10539","0","10539"
"20202","11215740","중곡1동","16503","8099","8404","1755","2787","3213","2401","2665","3682","918","1300","1631","1247","1299","1704","837","1487","1582","1154","1366","1978","8349","0","8349"
"20202","11215750","중곡2동","22009","10546","11463","2837","3788","4008","3116","3646","4614","1451","1769","1985","1530","1722","2089","1386","2019","2023","1586","1924","2525","10327","0","10327"
"20202","11215760","중곡3동","17079","8484","8595","1957","2686","2813","2497","3078","4048","1003","1373","1493","1236","1528","1851","954","1313","1320","1261","1550","2197","8436","0","8436"
"20202","11215770","중곡4동","29801","14693","15108","3803","4470","4537","4402","5469","7120","2014","2272","2287","2217","2635","3268","1789","2198","2250","2185","2834","3852","13053","0","13053"
"20202","11215780","능동","11440","5271","6169","1187","2253","2704","1590","1445","2261","615","929","1256","806","651","1014","572","1324","1448","784","794","1247","6221","0","6221"
"20202","11215810","광장동","35891","17347","18544","9131","4163","4033","7953","5336","5275","4691","2044","1761","3677","2756","2418","4440","2119","2272","4276","2580","2857","12011","0","12011"
"20202","11215820","자양1동","22927","11082","11845","2740","4194","3950","3512","3682","4849","1429","2011","1970","1757","1759","2156","1311","2183","1980","1755","1923","2693","11433","0","11433"
"20202","11215830","자양2동","26501","13004","13497","3873","3959","4280","4234","4386","5769","2054","2003","2117","2083","2066","2681","1819","1956","2163","2151","2320","3088","11222","0","11222"
"20202","11215840","자양3동","29199","14068","15131","5305","4008","4528","4757","4728","5873","2642","1982","2136","2284","2269","2755","2663","2026","2392","2473","2459","3118","11029","0","11029"
"20202","11215847","자양4동","18510","9301","9209","1752","2769","2837","2635","3362","5155","860","1387","1516","1404","1761","2373","892","1382","1321","1231","1601","2782","9620","0","9620"
"20202","11215850","구의1동","22191","10601","11590","2301","4578","4375","3286","3270","4381","1174","2109","2171","1656","1561","1930","1127","2469","2204","1630","1709","2451","11676","0","11676"
"20202","11215860","구의2동","27488","13260","14228","4401","3731","4169","4528","4598","6061","2219","1848","2090","2204","2173","2726","2182","1883","2079","2324","2425","3335","11636","0","11636"
"20202","11215870","구의3동","29770","14189","15581","4718","4830","4815","4728","4912","5767","2336","2344","2285","2210","2327","2687","2382","2486","2530","2518","2585","3080","12139","0","12139"
"20202","11230536","용신동","30305","15568","14737","2940","5438","5139","4319","4757","7712","1543","2695","2733","2353","2536","3708","1397","2743","2406","1966","2221","4004","16973","0","16973"
"20202","11230545","제기동","24854","12719","12135","2541","4147","3399","3236","3949","7582","1317","2261","1884","1771","2040","3446","1224","1886","1515","1465","1909","4136","12908","0","12908"
"20202","11230560","전농1동","30410","15295","15115","4062","4609","4432","4530","4997","7780","2064","2346","2319","2389","2539","3638","1998","2263","2113","2141","2458","4142","14863","0","14863"
"20202","11230570","전농2동","19572","9378","10194","3184","2457","2417","3212","3317","4985","1573","1242","1196","1525","1619","2223","1611","1215","1221","1687","1698","2762","7734","0","7734"
"20202","11230600","답십리1동","29395","14297","15098","4870","4078","5608","4702","4388","5749","2480","1939","2678","2418","2161","2621","2390","2139","2930","2284","2227","3128","12675","0","12675"
"20202","11230610","답십리2동","29929","14672","15257","4204","3898","4419","4636","5151","7621","2145","1961","2280","2357","2513","3416","2059","1937","2139","2279","2638","4205","12713","0","12713"
"20202","11230650","장안1동","38254","19099","19155","5374","5151","6303","6396","6108","8922","2760","2506","3246","3332","3027","4228","2614","2645","3057","3064","3081","4694","17403","0","17403"
"20202","11230660","장안2동","31159","15607","15552","5560","3653","4823","5472","4774","6877","2925","1933","2406","2785","2395","3163","2635","1720","2417","2687","2379","3714","12984","0","12984"
"20202","11230705","청량리동","21395","10727","10668","2266","2547","2567","2828","3825","7362","1179","1357","1379","1502","1943","3367","1087","1190","1188","1326","1882","3995","10513","0","10513"
"20202","11230710","회기동","10023","4762","5261","1177","2840","1503","1309","1163","2031","568","1349","765","666","564","850","609","1491","738","643","599","1181","5891","0","5891"
"20202","11230720","휘경1동","12359","6191","6168","1245","2667","1781","1617","1937","3112","648","1289","966","852","1012","1424","597","1378","815","765","925","1688","6662","0","6662"
"20202","11230730","휘경2동","24341","12069","12272","3537","5141","3108","3597","3533","5425","1742","2734","1651","1784","1720","2438","1795","2407","1457","1813","1813","2987","11506","0","11506"
"20202","11230740","이문1동","18947","9452","9495","2202","4563","2332","2642","2688","4520","1091","2346","1309","1350","1368","1988","1111","2217","1023","1292","1320","2532","10476","0","10476"
"20202","11230750","이문2동","20641","10060","10581","3318","2717","2619","3363","3399","5225","1700","1337","1305","1675","1689","2354","1618","1380","1314","1688","1710","2871","8415","0","8415"
"20202","11260520","면목2동","25638","12847","12791","3250","3480","3563","4006","5031","6308","1627","1766","1897","2104","2581","2872","1623","1714","1666","1902","2450","3436","12228","0","12228"
"20202","11260540","면목4동","19810","9869","9941","2550","2635","2963","3138","3370","5154","1367","1311","1538","1659","1694","2300","1183","1324","1425","1479","1676","2854","9253","0","9253"
"20202","11260550","면목5동","9571","4887","4684","1191","1283","1425","1456","1786","2430","597","687","756","785","921","1141","594","596","669","671","865","1289","4486","0","4486"
"20202","11260565","면목본동","35487","17662","17825","4050","5333","5696","5324","6557","8527","2047","2726","3025","2734","3253","3877","2003","2607","2671","2590","3304","4650","17653","0","17653"
"20202","11260570","면목7동","21358","10648","10710","2471","2952","3122","3104","3909","5800","1288","1527","1574","1656","1875","2728","1183","1425","1548","1448","2034","3072","9958","0","9958"
"20202","11260575","면목3?8동","26316","13150","13166","2965","3877","3857","3778","4824","7015","1509","1996","2045","2001","2352","3247","1456","1881","1812","1777","2472","3768","12603","0","12603"
"20202","11260580","상봉1동","25085","12281","12804","4116","3676","3715","3702","4519","5357","2146","1834","1885","1805","2176","2435","1970","1842","1830","1897","2343","2922","10100","0","10100"
"20202","11260590","상봉2동","19068","9351","9717","1730","3521","3872","2675","3085","4185","896","1561","1971","1397","1536","1990","834","1960","1901","1278","1549","2195","10687","0","10687"
"20202","11260600","중화1동","20687","10200","10487","2870","3006","3357","2906","3550","4998","1461","1518","1733","1505","1697","2286","1409","1488","1624","1401","1853","2712","8970","0","8970"
"20202","11260610","중화2동","26937","13863","13074","2577","3889","3985","3781","5382","7323","1372","1934","2149","2023","2858","3527","1205","1955","1836","1758","2524","3796","14152","0","14152"
"20202","11260620","묵1동","35850","17461","18389","5915","4870","5366","6041","5687","7971","3010","2391","2672","2993","2740","3655","2905","2479","2694","3048","2947","4316","14574","0","14574"
"20202","11260630","묵2동","19656","9669","9987","2533","2780","3219","2969","3269","4886","1304","1345","1709","1501","1582","2228","1229","1435","1510","1468","1687","2658","9144","0","9144"
"20202","11260655","망우본동","30726","15560","15166","3637","4244","4205","4332","5920","8388","1837","2219","2201","2333","2996","3974","1800","2025","2004","1999","2924","4414","14636","0","14636"
"20202","11260660","망우3동","17496","8804","8692","2179","2405","2294","2549","3405","4664","1077","1222","1227","1296","1763","2219","1102","1183","1067","1253","1642","2445","8392","0","8392"
"20202","11260680","신내1동","40663","19858","20805","7616","5214","5496","6170","6735","9432","3945","2623","2692","3115","3188","4295","3671","2591","2804","3055","3547","5137","14795","0","14795"
"20202","11260690","신내2동","21885","10490","11395","3448","2703","3131","3421","3693","5489","1772","1381","1552","1660","1739","2386","1676","1322","1579","1761","1954","3103","9052","0","9052"
"20202","11290525","성북동","16949","7998","8951","2164","2710","2547","2673","2725","4130","1110","1260","1200","1293","1292","1843","1054","1450","1347","1380","1433","2287","7944","0","7944"
"20202","11290555","삼선동","25380","12184","13196","3455","4438","3692","4108","3998","5689","1833","2025","1812","2056","1984","2474","1622","2413","1880","2052","2014","3215","12250","0","12250"
"20202","11290575","동선동","15400","6489","8911","1638","4232","2561","2096","1851","3022","765","1379","1174","1008","878","1285","873","2853","1387","1088","973","1737","9036","0","9036"
"20202","11290580","돈암1동","16140","7560","8580","2442","2209","2089","2430","2887","4083","1156","1049","1024","1143","1391","1797","1286","1160","1065","1287","1496","2286","6385","0","6385"
"20202","11290590","돈암2동","24943","11928","13015","5225","2976","3151","4760","4010","4821","2646","1485","1477","2250","1926","2144","2579","1491","1674","2510","2084","2677","8606","0","8606"
"20202","11290600","안암동","6285","3242","3043","605","1965","950","714","845","1206","324","1084","532","358","411","533","281","881","418","356","434","673","3761","0","3761"
"20202","11290610","보문동","15008","7290","7718","1914","2669","2598","2301","2393","3133","972","1298","1339","1170","1123","1388","942","1371","1259","1131","1270","1745","7317","0","7317"
"20202","11290620","정릉1동","17650","8548","9102","3033","2238","2508","3083","2728","4060","1551","1145","1224","1498","1348","1782","1482","1093","1284","1585","1380","2278","6998","0","6998"
"20202","11290630","정릉2동","23575","11518","12057","3605","3199","3151","3745","3801","6074","1878","1637","1634","1834","1828","2707","1727","1562","1517","1911","1973","3367","9656","0","9656"
"20202","11290640","정릉3동","15642","7801","7841","1804","2967","2018","2053","2403","4397","945","1672","1127","1021","1166","1870","859","1295","891","1032","1237","2527","7692","0","7692"
"20202","11290650","정릉4동","26266","12754","13512","4226","3237","3610","4422","4183","6588","2216","1653","1755","2190","2012","2928","2010","1584","1855","2232","2171","3660","10906","0","10906"
"20202","11290660","길음1동","36745","17523","19222","9165","3458","5098","8109","4769","6146","4615","1669","2273","3935","2408","2623","4550","1789","2825","4174","2361","3523","12758","0","12758"
"20202","11290685","길음2동","16356","7954","8402","2756","2098","2543","2827","2592","3540","1480","1016","1254","1334","1283","1587","1276","1082","1289","1493","1309","1953","6747","0","6747"
"20202","11290705","종암동","40147","19800","20347","6777","5797","5354","6738","6402","9079","3569","3064","2664","3316","3223","3964","3208","2733","2690","3422","3179","5115","17039","0","17039"
"20202","11290715","월곡1동","27401","13293","14108","5023","3106","3732","4793","4280","6467","2481","1513","1843","2398","2133","2925","2542","1593","1889","2395","2147","3542","10828","0","10828"
"20202","11290725","월곡2동","19758","9586","10172","2717","3419","2770","2962","3040","4850","1394","1518","1418","1525","1539","2192","1323","1901","1352","1437","1501","2658","9089","0","9089"
"20202","11290760","장위1동","20377","10004","10373","2688","2986","2474","3035","3892","5302","1356","1563","1338","1494","1862","2391","1332","1423","1136","1541","2030","2911","8963","0","8963"
"20202","11290770","장위2동","13716","6830","6886","1551","1749","1565","2026","2564","4261","769","917","838","1094","1300","1912","782","832","727","932","1264","2349","6234","0","6234"
"20202","11290780","장위3동","11284","5654","5630","1813","1493","1412","1784","2004","2778","909","759","721","926","1022","1317","904","734","691","858","982","1461","4909","0","4909"
"20202","11290810","석관동","32696","16213","16483","3967","4727","4365","4902","5669","9066","2080","2358","2266","2543","2784","4182","1887","2369","2099","2359","2885","4884","15045","0","15045"
"20202","11305534","삼양동","25278","12582","12696","3578","3224","3240","3919","4473","6844","1847","1673","1700","2003","2255","3104","1731","1551","1540","1916","2218","3740","11449","0","11449"
"20202","11305535","미아동","22316","10732","11584","2371","3696","3033","3196","3900","6120","1238","1630","1598","1631","1872","2763","1133","2066","1435","1565","2028","3357","11355","0","11355"
"20202","11305545","송중동","30218","14623","15595","3717","4203","4254","4737","5171","8136","1861","2051","2212","2446","2402","3651","1856","2152","2042","2291","2769","4485","13724","0","13724"
"20202","11305555","송천동","28173","13996","14177","3094","3782","3536","4093","5245","8423","1556","1942","1911","2146","2622","3819","1538","1840","1625","1947","2623","4604","13677","0","13677"
"20202","11305575","삼각산동","32809","15771","17038","7430","3468","4097","6833","4956","6025","3832","1714","1889","3295","2463","2578","3598","1754","2208","3538","2493","3447","11757","0","11757"
"20202","11305595","번1동","19255","9580","9675","1950","3280","2930","3025","3155","4915","1030","1572","1541","1590","1605","2242","920","1708","1389","1435","1550","2673","10240","0","10240"
"20202","11305603","번2동","17027","8292","8735","2017","2159","2009","2643","2867","5332","1066","1121","1110","1353","1395","2247","951","1038","899","1290","1472","3085","7630","0","7630"
"20202","11305608","번3동","18250","8640","9610","2574","2092","1954","2889","2857","5884","1315","1053","1002","1488","1364","2418","1259","1039","952","1401","1493","3466","7592","0","7592"
"20202","11305615","수유1동","21750","10780","10970","2622","3203","2910","3142","3834","6039","1333","1608","1582","1664","1855","2738","1289","1595","1328","1478","1979","3301","10395","0","10395"
"20202","11305625","수유2동","21833","10510","11323","2701","3088","2637","3232","3866","6309","1417","1486","1395","1616","1830","2766","1284","1602","1242","1616","2036","3543","9588","0","9588"
"20202","11305635","수유3동","23692","11826","11866","2161","4163","3622","3396","4060","6290","1127","2041","1980","1813","2044","2821","1034","2122","1642","1583","2016","3469","12653","0","12653"
"20202","11305645","우이동","21215","10343","10872","2670","2738","2721","3089","3663","6334","1418","1342","1453","1548","1720","2862","1252","1396","1268","1541","1943","3472","9473","0","9473"
"20202","11305660","인수동","32319","15668","16651","4143","4212","4178","4767","5524","9495","2092","2126","2188","2421","2614","4227","2051","2086","1990","2346","2910","5268","14526","0","14526"
"20202","11320511","창1동","26171","12559","13612","4106","3432","3643","4392","4325","6273","2116","1725","1783","2150","2017","2768","1990","1707","1860","2242","2308","3505","10930","0","10930"
"20202","11320512","창2동","30281","14860","15421","4493","4198","4462","4786","5245","7097","2342","2117","2258","2420","2484","3239","2151","2081","2204","2366","2761","3858","12354","0","12354"
"20202","11320513","창3동","14697","7363","7334","2039","1924","1850","2268","2694","3922","1054","998","1004","1160","1355","1792","985","926","846","1108","1339","2130","6657","0","6657"
"20202","11320514","창4동","27812","13401","14411","4805","3825","3506","4670","4994","6012","2448","1961","1688","2203","2378","2723","2357","1864","1818","2467","2616","3289","10574","0","10574"
"20202","11320515","창5동","25409","12243","13166","3827","3593","3601","3696","4545","6147","1957","1788","1849","1729","2074","2846","1870","1805","1752","1967","2471","3301","9851","0","9851"
"20202","11320521","도봉1동","22070","11178","10892","2273","2739","2552","3089","3957","7460","1186","1453","1421","1649","1977","3492","1087","1286","1131","1440","1980","3968","10225","0","10225"
"20202","11320522","도봉2동","26045","12849","13196","3358","3205","3526","3573","4293","8090","1727","1628","1799","1831","2081","3783","1631","1577","1727","1742","2212","4307","11040","0","11040"
"20202","11320660","쌍문1동","22086","10688","11398","3059","3128","2629","3430","3764","6076","1524","1515","1344","1739","1815","2751","1535","1613","1285","1691","1949","3325","9306","0","9306"
"20202","11320670","쌍문2동","19893","9640","10253","2690","2679","2794","2938","3411","5381","1426","1363","1467","1461","1549","2374","1264","1316","1327","1477","1862","3007","8636","0","8636"
"20202","11320680","쌍문3동","17046","8242","8804","2027","2534","2499","2522","2870","4594","1027","1214","1298","1308","1310","2085","1000","1320","1201","1214","1560","2509","7788","0","7788"
"20202","11320681","쌍문4동","19772","9421","10351","3461","2689","2487","3158","3560","4417","1752","1386","1205","1450","1609","2019","1709","1303","1282","1708","1951","2398","7159","0","7159"
"20202","11320690","방학1동","29724","14747","14977","4079","4087","3544","4472","5563","7979","2047","2128","1815","2212","2772","3773","2032","1959","1729","2260","2791","4206","12766","0","12766"
"20202","11320700","방학2동","20934","10579","10355","2664","2855","2464","3084","3903","5964","1390","1567","1321","1578","1953","2770","1274","1288","1143","1506","1950","3194","9532","0","9532"
"20202","11320710","방학3동","28734","14022","14712","5089","3644","3378","4522","5088","7013","2719","2002","1667","2127","2346","3161","2370","1642","1711","2395","2742","3852","10084","0","10084"
"20202","11350560","월계1동","23265","11984","11281","3213","3915","2991","3580","3676","5890","1684","2272","1603","1858","1839","2728","1529","1643","1388","1722","1837","3162","10492","0","10492"
"20202","11350570","월계2동","25870","12483","13387","3835","3012","3072","4187","4296","7468","1996","1622","1524","2105","2080","3156","1839","1390","1548","2082","2216","4312","11229","0","11229"
"20202","11350580","월계3동","31470","15132","16338","4840","3709","4931","4842","4938","8210","2526","1872","2460","2442","2287","3545","2314","1837","2471","2400","2651","4665","12949","0","12949"
"20202","11350595","공릉1동","38477","18851","19626","5300","6727","5760","5678","5981","9031","2716","3412","2939","2896","2830","4058","2584","3315","2821","2782","3151","4973","18111","0","18111"
"20202","11350600","공릉2동","40537","19800","20737","7898","6581","5454","6931","6207","7466","4065","3257","2692","3299","3062","3425","3833","3324","2762","3632","3145","4041","16291","0","16291"
"20202","11350611","하계1동","28814","13921","14893","4913","5345","2844","4490","5127","6095","2692","2899","1414","1993","2441","2482","2221","2446","1430","2497","2686","3613","12281","0","12281"
"20202","11350612","하계2동","23330","11154","12176","4635","3291","2626","4264","4077","4437","2374","1668","1242","1979","1995","1896","2261","1623","1384","2285","2082","2541","8276","0","8276"
"20202","11350619","중계본동","25872","12687","13185","6261","3525","1952","5348","4758","4028","3207","1858","907","2355","2503","1857","3054","1667","1045","2993","2255","2171","8896","0","8896"
"20202","11350621","중계1동","28076","13752","14324","7921","3249","2002","6787","4626","3491","4229","1705","836","3003","2436","1543","3692","1544","1166","3784","2190","1948","9114","0","9114"
"20202","11350624","중계4동","21290","10316","10974","3762","2689","2101","3726","3691","5321","2027","1416","1047","1765","1825","2236","1735","1273","1054","1961","1866","3085","8469","0","8469"
"20202","11350625","중계2?3동","36720","17079","19641","5890","4548","4512","6311","5808","9651","2914","2345","2237","3064","2781","3738","2976","2203","2275","3247","3027","5913","15385","0","15385"
"20202","11350630","상계1동","41981","20405","21576","6439","5755","5463","6363","7471","10490","3342","2957","2750","3047","3520","4789","3097","2798","2713","3316","3951","5701","16368","0","16368"
"20202","11350640","상계2동","21065","10393","10672","3092","3417","2470","3257","4031","4798","1585","1698","1260","1582","2001","2267","1507","1719","1210","1675","2030","2531","8763","0","8763"
"20202","11350665","상계3?4동","25739","12825","12914","3344","3123","2695","3868","4708","8001","1777","1680","1469","1962","2360","3577","1567","1443","1226","1906","2348","4424","11546","0","11546"
"20202","11350670","상계5동","25458","12425","13033","3475","3589","2816","3981","4676","6921","1766","1887","1502","1953","2276","3041","1709","1702","1314","2028","2400","3880","10963","0","10963"
"20202","11350695","상계6?7동","34538","16074","18464","6144","4716","5115","5965","5702","6896","3130","2343","2374","2744","2603","2880","3014","2373","2741","3221","3099","4016","13974","0","13974"
"20202","11350700","상계8동","24382","11745","12637","5160","2703","5153","4236","3065","4065","2634","1325","2544","2090","1452","1700","2526","1378","2609","2146","1613","2365","9444","0","9444"
"20202","11350710","상계9동","21896","10471","11425","3946","2770","2979","3791","3667","4743","2074","1465","1473","1732","1709","2018","1872","1305","1506","2059","1958","2725","8465","0","8465"
"20202","11350720","상계10동","16569","7649","8920","2585","2420","2598","2681","2902","3383","1289","1153","1257","1193","1319","1438","1296","1267","1341","1488","1583","1945","6589","0","6589"
"20202","11380510","녹번동","37920","18213","19707","5225","5048","6274","5893","6063","9417","2651","2419","3188","2953","2899","4103","2574","2629","3086","2940","3164","5314","17057","0","17057"
"20202","11380520","불광1동","40763","19371","21392","5608","5474","5768","6459","6884","10570","2902","2719","2801","3153","3197","4599","2706","2755","2967","3306","3687","5971","17886","0","17886"
"20202","11380530","불광2동","29233","14264","14969","3336","4285","4173","4291","5126","8022","1711","2180","2199","2204","2387","3583","1625","2105","1974","2087","2739","4439","13795","0","13795"
"20202","11380551","갈현1동","24094","11756","12338","3011","3818","3328","3616","4132","6189","1568","1950","1721","1803","1929","2785","1443","1868","1607","1813","2203","3404","11093","0","11093"
"20202","11380552","갈현2동","29823","14222","15601","4452","4417","4279","4850","4925","6900","2246","2115","2160","2314","2307","3080","2206","2302","2119","2536","2618","3820","12572","0","12572"
"20202","11380560","구산동","33593","16743","16850","5087","4548","4372","5327","5768","8491","2483","2284","2208","2671","2916","4181","2604","2264","2164","2656","2852","4310","13143","0","13143"
"20202","11380570","대조동","27641","13010","14631","3251","4498","4400","4303","4295","6894","1592","2048","2192","2126","2084","2968","1659","2450","2208","2177","2211","3926","13828","0","13828"
"20202","11380580","응암1동","25343","12123","13220","4186","3354","3772","4409","3836","5786","2213","1559","1872","2168","1847","2464","1973","1795","1900","2241","1989","3322","11363","0","11363"
"20202","11380590","응암2동","20455","9992","10463","4025","2134","3325","3905","2841","4225","2108","1090","1581","2001","1402","1810","1917","1044","1744","1904","1439","2415","8155","0","8155"
"20202","11380600","응암3동","25630","12550","13080","2935","3552","3410","3828","4365","7540","1538","1855","1774","1935","2181","3267","1397","1697","1636","1893","2184","4273","12535","0","12535"
"20202","11380625","역촌동","48158","22924","25234","7043","6615","7283","7977","7860","11380","3554","3223","3554","3928","3694","4971","3489","3392","3729","4049","4166","6409","20705","0","20705"
"20202","11380631","신사1동","28262","13705","14557","4052","3999","4310","4405","4623","6873","2064","2066","2194","2177","2164","3040","1988","1933","2116","2228","2459","3833","11697","0","11697"
"20202","11380632","신사2동","21785","10922","10863","3173","3034","3048","3447","3635","5448","1730","1594","1604","1724","1761","2509","1443","1440","1444","1723","1874","2939","9210","0","9210"
"20202","11380640","증산동","15883","7816","8067","2162","2099","2153","2401","2727","4341","1126","1070","1105","1196","1335","1984","1036","1029","1048","1205","1392","2357","6834","0","6834"
"20202","11380650","수색동","8907","4450","4457","1055","1205","1231","1191","1627","2598","571","627","653","619","826","1154","484","578","578","572","801","1444","3845","0","3845"
"20202","11380690","진관동","58081","27329","30752","12773","7196","7452","11190","8305","11165","6538","3140","3289","5300","4126","4936","6235","4056","4163","5890","4179","6229","21631","0","21631"
"20202","11410520","천연동","18370","8755","9615","2980","2337","2504","3048","3061","4440","1466","1172","1228","1515","1514","1860","1514","1165","1276","1533","1547","2580","8160","0","8160"
"20202","11410555","북아현동","16782","7999","8783","2628","2439","2988","2711","2791","3225","1324","1093","1467","1350","1360","1405","1304","1346","1521","1361","1431","1820","7300","0","7300"
"20202","11410565","충현동","17971","8740","9231","2067","2867","2593","2643","3122","4679","1047","1433","1305","1331","1559","2065","1020","1434","1288","1312","1563","2614","8997","0","8997"
"20202","11410585","신촌동","18598","8413","10185","1798","6594","3232","1992","2023","2959","913","2633","1604","980","1006","1277","885","3961","1628","1012","1017","1682","12280","0","12280"
"20202","11410615","연희동","37904","18317","19587","4557","7570","5979","5602","5504","8692","2326","3893","2991","2692","2599","3816","2231","3677","2988","2910","2905","4876","19264","0","19264"
"20202","11410620","홍제1동","24733","11650","13083","3721","3195","3571","3943","4130","6173","1842","1589","1750","1906","1876","2687","1879","1606","1821","2037","2254","3486","10317","0","10317"
"20202","11410640","홍제3동","16312","7934","8378","2119","2180","2069","2388","2772","4784","1117","1074","1084","1201","1377","2081","1002","1106","985","1187","1395","2703","7118","0","7118"
"20202","11410655","홍제2동","14445","6884","7561","2056","1898","1923","2201","2627","3740","1055","961","941","1064","1245","1618","1001","937","982","1137","1382","2122","5830","0","5830"
"20202","11410660","홍은1동","22218","10768","11450","3204","2895","2715","3372","3924","6108","1638","1462","1383","1657","1937","2691","1566","1433","1332","1715","1987","3417","9189","0","9189"
"20202","11410685","홍은2동","27390","13341","14049","3816","4111","3599","4300","4656","6908","1964","2110","1880","2123","2228","3036","1852","2001","1719","2177","2428","3872","12064","0","12064"
"20202","11410690","남가좌1동","16590","8025","8565","3731","1687","2654","3183","2249","3086","1851","830","1197","1689","1106","1352","1880","857","1457","1494","1143","1734","6085","0","6085"
"20202","11410700","남가좌2동","24921","12019","12902","3973","3713","3516","3989","3839","5891","1986","1837","1738","1987","1879","2592","1987","1876","1778","2002","1960","3299","11219","0","11219"
"20202","11410710","북가좌1동","18893","9162","9731","3562","2211","2595","3418","3005","4102","1868","1089","1195","1723","1463","1824","1694","1122","1400","1695","1542","2278","6974","0","6974"
"20202","11410720","북가좌2동","33505","16315","17190","4538","4824","4557","5327","5643","8616","2307","2479","2351","2607","2710","3861","2231","2345","2206","2720","2933","4755","14711","0","14711"
"20202","11440555","아현동","24016","11330","12686","4010","3080","4906","3837","3710","4473","1907","1397","2328","1928","1804","1966","2103","1683","2578","1909","1906","2507","10034","0","10034"
"20202","11440565","공덕동","33743","16055","17688","4443","5491","5621","5085","5698","7405","2261","2516","2767","2519","2752","3240","2182","2975","2854","2566","2946","4165","15722","0","15722"
"20202","11440585","도화동","18617","8873","9744","2886","2467","3076","2829","2896","4463","1538","1146","1467","1374","1400","1948","1348","1321","1609","1455","1496","2515","7838","0","7838"
"20202","11440590","용강동","19120","9055","10065","3932","2036","3241","3810","2590","3511","1929","974","1484","1858","1287","1523","2003","1062","1757","1952","1303","1988","7771","0","7771"
"20202","11440600","대흥동","8723","4201","4522","915","2101","1400","1279","1169","1859","503","897","692","665","646","798","412","1204","708","614","523","1061","5331","0","5331"
"20202","11440610","염리동","13934","6680","7254","2259","2149","2458","2368","2060","2640","1105","1009","1211","1181","1046","1128","1154","1140","1247","1187","1014","1512","6514","0","6514"
"20202","11440630","신수동","15759","7724","8035","2742","2411","2496","2757","2226","3127","1461","1259","1214","1305","1109","1376","1281","1152","1282","1452","1117","1751","6650","0","6650"
"20202","11440655","서강동","19552","9303","10249","3035","3586","3266","3220","2876","3569","1537","1751","1497","1531","1400","1587","1498","1835","1769","1689","1476","1982","9022","0","9022"
"20202","11440660","서교동","18835","8727","10108","1934","3999","3999","2965","2284","3654","977","1771","1854","1446","1073","1606","957","2228","2145","1519","1211","2048","10761","0","10761"
"20202","11440680","합정동","18713","8727","9986","2341","3627","3868","2680","2462","3735","1206","1607","1839","1303","1170","1602","1135","2020","2029","1377","1292","2133","9579","0","9579"
"20202","11440690","망원1동","16504","7751","8753","2210","2592","3098","2694","2337","3573","1104","1172","1473","1301","1179","1522","1106","1420","1625","1393","1158","2051","8087","0","8087"
"20202","11440700","망원2동","14468","6940","7528","2476","1976","2328","2518","1983","3187","1254","959","1084","1257","986","1400","1222","1017","1244","1261","997","1787","6199","0","6199"
"20202","11440710","연남동","12595","5943","6652","1306","2400","2598","1897","1615","2779","656","1104","1245","983","762","1193","650","1296","1353","914","853","1586","6806","0","6806"
"20202","11440720","성산1동","15504","7275","8229","2231","2306","2735","2758","2199","3275","1127","1062","1295","1303","1054","1434","1104","1244","1440","1455","1145","1841","7249","0","7249"
"20202","11440730","성산2동","34494","15926","18568","5686","5275","5711","5794","4581","7447","2920","2187","2688","2818","2236","3077","2766","3088","3023","2976","2345","4370","15537","0","15537"
"20202","11440740","상암동","27885","13352","14533","6440","3606","3494","5610","3785","4950","3309","1635","1585","2710","1940","2173","3131","1971","1909","2900","1845","2777","10796","0","10796"
"20202","11470510","목1동","31902","15352","16550","8196","3573","3465","7074","5023","4571","4118","1754","1476","3253","2606","2145","4078","1819","1989","3821","2417","2426","10486","0","10486"
"20202","11470520","목2동","31151","15206","15945","4646","5085","5565","4720","5072","6063","2418","2521","2837","2241","2446","2743","2228","2564","2728","2479","2626","3320","13073","0","13073"
"20202","11470530","목3동","22890","11016","11874","3107","3670","4183","3344","3787","4799","1679","1825","2076","1594","1707","2135","1428","1845","2107","1750","2080","2664","9934","0","9934"
"20202","11470540","목4동","26744","13137","13607","5179","4195","3040","4893","4849","4588","2742","2226","1512","2157","2430","2070","2437","1969","1528","2736","2419","2518","10127","0","10127"
"20202","11470550","목5동","42852","21169","21683","11266","4791","4165","9453","6804","6373","6053","2487","1816","4238","3530","3045","5213","2304","2349","5215","3274","3328","13530","0","13530"
"20202","11470560","신월1동","21503","11056","10447","2596","2775","2906","3357","4049","5820","1333","1496","1572","1756","2117","2782","1263","1279","1334","1601","1932","3038","10116","0","10116"
"20202","11470570","신월2동","21994","10789","11205","3515","2720","3278","3436","3498","5547","1761","1410","1669","1744","1667","2538","1754","1310","1609","1692","1831","3009","8558","0","8558"
"20202","11470580","신월3동","16501","8717","7784","2274","2192","2193","2434","3147","4261","1201","1137","1218","1366","1708","2087","1073","1055","975","1068","1439","2174","8136","0","8136"
"20202","11470590","신월4동","18960","9322","9638","3445","2222","2697","3132","3006","4458","1788","1161","1316","1580","1452","2025","1657","1061","1381","1552","1554","2433","6889","0","6889"
"20202","11470600","신월5동","15161","7522","7639","2368","2151","2234","2357","2653","3398","1223","1127","1150","1160","1270","1592","1145","1024","1084","1197","1383","1806","6349","0","6349"
"20202","11470610","신월6동","6589","3288","3301","1118","816","774","1059","1144","1678","562","446","412","523","566","779","556","370","362","536","578","899","2493","0","2493"
"20202","11470611","신월7동","21520","10586","10934","2807","2802","2922","3173","3791","6025","1413","1497","1548","1639","1844","2645","1394","1305","1374","1534","1947","3380","9248","0","9248"
"20202","11470620","신정1동","21434","10482","10952","5055","2597","2258","4210","3586","3728","2616","1326","1000","1980","1857","1703","2439","1271","1258","2230","1729","2025","7250","0","7250"
"20202","11470630","신정2동","20527","10047","10480","4364","2798","1955","3877","3758","3775","2253","1450","909","1770","1929","1736","2111","1348","1046","2107","1829","2039","7167","0","7167"
"20202","11470640","신정3동","47701","23276","24425","9382","6092","6185","8438","7923","9681","4822","3140","3024","4080","3862","4348","4560","2952","3161","4358","4061","5333","17830","0","17830"
"20202","11470650","신정4동","34753","17047","17706","4496","5350","5615","5468","5620","8204","2326","2610","2890","2750","2691","3780","2170","2740","2725","2718","2929","4424","15946","0","15946"
"20202","11470670","신정6동","25265","12316","12949","5891","3317","2880","4803","4443","3931","3072","1710","1259","2160","2223","1892","2819","1607","1621","2643","2220","2039","8162","0","8162"
"20202","11470680","신정7동","30648","14885","15763","5642","3961","3435","5361","5470","6779","2918","2097","1628","2546","2744","2952","2724","1864","1807","2815","2726","3827","11622","0","11622"
"20202","11500510","염창동","41942","20530","21412","8973","5412","7225","7833","6082","6417","4622","2582","3430","3865","2987","3044","4351","2830","3795","3968","3095","3373","15230","0","15230"
"20202","11500520","등촌1동","23367","11067","12300","2933","4416","5625","3324","3105","3964","1607","1836","2695","1654","1501","1774","1326","2580","2930","1670","1604","2190","12042","0","12042"
"20202","11500530","등촌2동","21752","10751","11001","3299","3384","3711","3152","3601","4605","1784","1762","1844","1537","1690","2134","1515","1622","1867","1615","1911","2471","8677","0","8677"
"20202","11500535","등촌3동","32405","15414","16991","4225","4404","4704","4220","5797","9055","2177","2275","2391","2004","2670","3897","2048","2129","2313","2216","3127","5158","14775","0","14775"
"20202","11500540","화곡1동","53448","26093","27355","5958","8843","11307","7723","7812","11805","2976","4123","5987","4035","3656","5316","2982","4720","5320","3688","4156","6489","26369","0","26369"
"20202","11500550","화곡2동","19245","9368","9877","3046","2562","3294","3267","2927","4149","1546","1294","1693","1647","1361","1827","1500","1268","1601","1620","1566","2322","8244","0","8244"
"20202","11500560","화곡3동","22464","10784","11680","3154","3325","3392","3280","3528","5785","1626","1584","1672","1582","1651","2669","1528","1741","1720","1698","1877","3116","9399","0","9399"
"20202","11500570","화곡4동","21655","10627","11028","2813","2969","3652","3352","3573","5296","1450","1570","1886","1704","1694","2323","1363","1399","1766","1648","1879","2973","9611","0","9611"
"20202","11500590","화곡본동","35178","17187","17991","5232","5612","6638","5851","4938","6907","2710","2693","3531","2974","2289","2990","2522","2919","3107","2877","2649","3917","16334","0","16334"
"20202","11500591","화곡6동","24665","12183","12482","3199","3883","4060","3754","4089","5680","1694","1942","2114","1896","1919","2618","1505","1941","1946","1858","2170","3062","11434","0","11434"
"20202","11500593","화곡8동","26248","12655","13593","3422","3900","4713","4122","3988","6103","1728","1935","2443","2092","1758","2699","1694","1965","2270","2030","2230","3404","11769","0","11769"
"20202","11500603","가양1동","33866","15832","18034","3981","8137","8113","4613","4307","4715","2068","2871","4188","2380","2038","2287","1913","5266","3925","2233","2269","2428","19109","0","19109"
"20202","11500604","가양2동","15079","7181","7898","1098","1879","2624","1488","2515","5475","572","861","1368","773","1155","2452","526","1018","1256","715","1360","3023","8084","0","8084"
"20202","11500605","가양3동","16093","7551","8542","1563","1955","3281","2018","2437","4839","807","947","1673","1055","1128","1941","756","1008","1608","963","1309","2898","7924","0","7924"
"20202","11500611","발산1동","38619","18411","20208","9122","4736","4829","7572","5685","6675","4540","2340","2282","3621","2745","2883","4582","2396","2547","3951","2940","3792","13609","0","13609"
"20202","11500615","우장산동","44611","21386","23225","9771","5302","6021","8798","6594","8125","4777","2564","2856","4151","3302","3736","4994","2738","3165","4647","3292","4389","16058","0","16058"
"20202","11500620","공항동","27496","13918","13578","4579","3923","5343","4228","3922","5501","2364","1946","2779","2296","1968","2565","2215","1977","2564","1932","1954","2936","12736","0","12736"
"20202","11500630","방화1동","45180","22077","23103","8964","5540","6933","7888","6632","9223","4493","2689","3384","4050","3184","4277","4471","2851","3549","3838","3448","4946","17342","0","17342"
"20202","11500640","방화2동","23794","11756","12038","2876","3504","3679","3316","3821","6598","1512","1692","1964","1771","1883","2934","1364","1812","1715","1545","1938","3664","11570","0","11570"
"20202","11500641","방화3동","24360","11776","12584","3214","2810","3884","3657","3838","6957","1650","1427","1989","1867","1812","3031","1564","1383","1895","1790","2026","3926","11256","0","11256"
"20202","11530510","신도림동","36922","18035","18887","7420","4500","6474","6638","5243","6647","3779","2190","3051","3252","2598","3165","3641","2310","3423","3386","2645","3482","13405","0","13405"
"20202","11530520","구로1동","21153","10454","10699","4093","2622","3887","3697","3051","3803","2156","1299","1950","1841","1445","1763","1937","1323","1937","1856","1606","2040","7817","0","7817"
"20202","11530530","구로2동","25396","12813","12583","2638","3333","3078","3857","4876","7614","1371","1714","1682","2053","2531","3462","1267","1619","1396","1804","2345","4152","12749","0","12749"
"20202","11530540","구로3동","24265","12314","11951","3052","4221","5186","4126","3029","4651","1573","2021","2814","2286","1530","2090","1479","2200","2372","1840","1499","2561","13099","0","13099"
"20202","11530550","구로4동","21308","10422","10886","2301","2897","3209","3231","3674","5996","1173","1418","1660","1656","1833","2682","1128","1479","1549","1575","1841","3314","10685","0","10685"
"20202","11530560","구로5동","30050","14498","15552","3842","5093","5697","4328","4670","6420","1955","2196","2805","2224","2316","3002","1887","2897","2892","2104","2354","3418","14529","0","14529"
"20202","11530595","가리봉동","9380","5098","4282","635","1278","1210","1339","2030","2888","338","685","689","754","1227","1405","297","593","521","585","803","1483","5814","0","5814"
"20202","11530720","고척1동","23691","11871","11820","3582","3324","3003","3710","4083","5989","1855","1750","1562","1884","1983","2837","1727","1574","1441","1826","2100","3152","9541","0","9541"
"20202","11530730","고척2동","28370","14052","14318","4508","3761","3555","4627","4983","6936","2289","1932","1779","2340","2467","3245","2219","1829","1776","2287","2516","3691","11645","0","11645"
"20202","11530740","개봉1동","32896","16460","16436","4767","4298","4605","4980","5646","8600","2380","2242","2374","2617","2797","4050","2387","2056","2231","2363","2849","4550","13951","0","13951"
"20202","11530750","개봉2동","32637","15951","16686","5134","3890","4987","5069","4988","8569","2607","1978","2489","2608","2313","3956","2527","1912","2498","2461","2675","4613","12546","0","12546"
"20202","11530760","개봉3동","21435","10491","10944","2988","2737","3150","3286","3562","5712","1511","1417","1631","1658","1672","2602","1477","1320","1519","1628","1890","3110","8791","0","8791"
"20202","11530770","오류1동","22588","11099","11489","2618","3821","4449","3176","3096","5428","1337","1724","2301","1685","1521","2531","1281","2097","2148","1491","1575","2897","11307","0","11307"
"20202","11530780","오류2동","39743","19234","20509","7786","4785","5597","6819","5744","9012","3969","2302","2740","3456","2732","4035","3817","2483","2857","3363","3012","4977","15400","0","15400"
"20202","11530790","수궁동","24575","12172","12403","3831","3143","3513","3991","4080","6017","2057","1628","1808","1987","1940","2752","1774","1515","1705","2004","2140","3265","9856","0","9856"
"20202","11530800","항동","2748","1343","1405","449","323","375","424","451","726","236","165","176","214","210","342","213","158","199","210","241","384","1071","0","1071"
"20202","11545510","가산동","20985","11594","9391","1568","5230","4811","2661","3000","3715","793","2555","2972","1632","1728","1914","775","2675","1839","1029","1272","1801","13703","0","13703"
"20202","11545610","독산1동","41180","21244","19936","5639","7144","8228","6103","6140","7926","2853","3656","4571","3310","3106","3748","2786","3488","3657","2793","3034","4178","19958","0","19958"
"20202","11545620","독산2동","19428","9909","9519","2362","2802","2528","2835","4005","4896","1226","1504","1358","1452","2044","2325","1136","1298","1170","1383","1961","2571","9227","0","9227"
"20202","11545630","독산3동","25155","12717","12438","2724","3817","3589","3590","5010","6425","1419","1951","1987","1857","2508","2995","1305","1866","1602","1733","2502","3430","12321","0","12321"
"20202","11545640","독산4동","16029","8069","7960","1830","2322","2052","2362","3377","4086","936","1184","1121","1167","1728","1933","894","1138","931","1195","1649","2153","7589","0","7589"
"20202","11545670","시흥1동","34375","17206","17169","4584","4971","4999","5229","6103","8489","2404","2565","2663","2664","3014","3896","2180","2406","2336","2565","3089","4593","15818","0","15818"
"20202","11545680","시흥2동","22225","10813","11412","3934","2617","2642","3645","3859","5528","1971","1358","1306","1773","1845","2560","1963","1259","1336","1872","2014","2968","8314","0","8314"
"20202","11545690","시흥3동","11339","5690","5649","1384","1482","1525","1611","2078","3259","691","790","843","835","1005","1526","693","692","682","776","1073","1733","4717","0","4717"
"20202","11545700","시흥4동","21338","10610","10728","2895","2864","2772","3124","4018","5665","1458","1504","1467","1566","1945","2670","1437","1360","1305","1558","2073","2995","9067","0","9067"
"20202","11545710","시흥5동","20526","10235","10291","2644","2692","2456","3093","3758","5883","1341","1449","1340","1586","1890","2629","1303","1243","1116","1507","1868","3254","9410","0","9410"
"20202","11560515","영등포본동","21940","11205","10735","3016","2845","3367","3329","3742","5641","1555","1515","1763","1736","1925","2711","1461","1330","1604","1593","1817","2930","10171","0","10171"
"20202","11560535","영등포동","26214","14301","11913","2209","5606","6290","3394","3623","5092","1129","2516","3519","2036","2280","2821","1080","3090","2771","1358","1343","2271","16988","0","16988"
"20202","11560540","여의동","34250","16087","18163","5963","4032","5422","5528","5083","8222","2978","1870","2443","2630","2430","3736","2985","2162","2979","2898","2653","4486","13529","0","13529"
"20202","11560550","당산1동","20821","10248","10573","2368","3416","4202","3053","3090","4692","1201","1573","2196","1583","1539","2156","1167","1843","2006","1470","1551","2536","10486","0","10486"
"20203","11110515","청운효자동","12817","5963","6854","2171","1630","1765","2276","1996","2979","1136","794","819","999","956","1259","1035","836","946","1277","1040","1720","5388","0","5388"
"20203","11110530","사직동","9386","4219","5167","1350","1211","1370","1496","1515","2444","651","556","606","666","671","1069","699","655","764","830","844","1375","4547","0","4547"
"20203","11110540","삼청동","2717","1306","1411","307","349","386","377","432","866","171","178","188","185","206","378","136","171","198","192","226","488","1375","0","1375"
"20203","11110550","부암동","9987","4758","5229","1504","1390","1223","1614","1717","2539","796","729","566","742","788","1137","708","661","657","872","929","1402","4257","0","4257"
"20203","11110560","평창동","18604","8712","9892","2924","2598","2301","2790","3334","4657","1496","1338","1059","1241","1509","2069","1428","1260","1242","1549","1825","2588","7497","0","7497"
"20203","11110570","무악동","8074","3783","4291","1624","904","839","1497","1314","1896","761","406","387","720","686","823","863","498","452","777","628","1073","2965","0","2965"
"20203","11110580","교남동","10621","4948","5673","1787","1306","1819","1908","1573","2228","894","608","841","906","759","940","893","698","978","1002","814","1288","4596","0","4596"
"20203","11110600","가회동","4391","2029","2362","576","482","596","787","721","1229","300","228","284","366","322","529","276","254","312","421","399","700","2060","0","2060"
"20203","11110615","종로1?2?3?4가동","7262","4335","2927","445","884","904","942","1412","2675","230","462","510","578","985","1570","215","422","394","364","427","1105","5246","0","5246"
"20203","11110630","종로5?6가동","5211","2860","2351","390","1001","652","655","986","1527","205","545","391","367","574","778","185","456","261","288","412","749","3235","0","3235"
"20203","11110640","이화동","7912","3762","4150","741","1698","1352","1060","1161","1900","367","811","640","529","572","843","374","887","712","531","589","1057","4493","0","4493"
"20203","11110650","혜화동","16833","8089","8744","2172","4389","2178","2315","2257","3522","1068","2206","1127","1095","1079","1514","1104","2183","1051","1220","1178","2008","9164","0","9164"
"20203","11110670","창신1동","5230","2802","2428","438","598","545","702","1170","1777","223","323","306","362","666","922","215","275","239","340","504","855","2927","0","2927"
"20203","11110680","창신2동","8561","4376","4185","853","1240","916","1237","1876","2439","439","657","537","654","985","1104","414","583","379","583","891","1335","4107","0","4107"
"20203","11110690","창신3동","7127","3516","3611","991","1017","1016","1011","1300","1792","517","533","492","497","642","835","474","484","524","514","658","957","2907","0","2907"
"20203","11110700","숭인1동","6180","3032","3148","734","809","869","981","1137","1650","357","415","468","505","550","737","377","394","401","476","587","913","2946","0","2946"
"20203","11110710","숭인2동","9457","4826","4631","684","1828","1518","1279","1706","2442","344","777","807","709","936","1253","340","1051","711","570","770","1189","5736","0","5736"
"20203","11140520","소공동","2054","1000","1054","288","205","458","420","290","393","125","84","220","218","151","202","163","121","238","202","139","191","1099","0","1099"
"20203","11140540","회현동","5401","2922","2479","444","519","590","724","1050","2074","214","238","298","413","640","1119","230","281","292","311","410","955","3239","0","3239"
"20203","11140550","명동","2675","1120","1555","208","275","331","414","483","964","93","137","152","172","204","362","115","138","179","242","279","602","1339","0","1339"
"20203","11140570","필동","4062","2101","1961","397","679","652","525","614","1195","219","340","361","298","337","546","178","339","291","227","277","649","2321","0","2321"
"20203","11140580","장충동","4645","2365","2280","499","1183","683","589","608","1083","259","636","366","314","306","484","240","547","317","275","302","599","2651","0","2651"
"20203","11140590","광희동","4884","2591","2293","341","707","717","609","890","1620","178","357","397","333","509","817","163","350","320","276","381","803","2930","0","2930"
"20203","11140605","을지로동","1770","1085","685","82","194","250","192","367","685","45","86","144","131","258","421","37","108","106","61","109","264","1310","0","1310"
"20203","11140615","신당동","7514","3755","3759","581","1275","1271","1131","1378","1878","276","599","664","612","722","882","305","676","607","519","656","996","4394","0","4394"
"20203","11140625","다산동","14280","6951","7329","1534","2359","2302","2112","2329","3644","813","1147","1195","1059","1142","1595","721","1212","1107","1053","1187","2049","6828","0","6828"
"20203","11140635","약수동","17520","8259","9261","2321","2060","2573","2589","2886","5091","1165","1036","1201","1291","1355","2211","1156","1024","1372","1298","1531","2880","7792","0","7792"
"20203","11140645","청구동","14315","6810","7505","1844","1988","2282","2076","2391","3734","944","993","1130","986","1162","1595","900","995","1152","1090","1229","2139","6390","0","6390"
"20203","11140650","신당5동","9242","4582","4660","1131","1303","1337","1442","1707","2322","566","651","678","757","892","1038","565","652","659","685","815","1284","4498","0","4498"
"20203","11140665","동화동","10843","5217","5626","1702","1529","1424","1676","1963","2549","878","761","659","821","935","1163","824","768","765","855","1028","1386","4151","0","4151"
"20203","11140670","황학동","12541","6073","6468","1295","2087","2816","1804","1818","2721","664","907","1405","907","923","1267","631","1180","1411","897","895","1454","6729","0","6729"
"20203","11140680","중림동","12684","6347","6337","1865","1541","2415","2023","1996","2844","964","743","1205","1042","1048","1345","901","798","1210","981","948","1499","5846","0","5846"
"20203","11170510","후암동","17971","8744","9227","2443","2644","2870","2821","2937","4256","1317","1348","1476","1387","1406","1810","1126","1296","1394","1434","1531","2446","8584","0","8584"
"20203","11170520","용산2가동","10366","5023","5343","1087","1575","1827","1473","1512","2892","561","850","925","754","700","1233","526","725","902","719","812","1659","5398","0","5398"
"20203","11170530","남영동","7846","4803","3043","502","982","1060","1176","1699","2427","265","477","551","789","1209","1512","237","505","509","387","490","915","5464","0","5464"
"20203","11170555","청파동","19763","9361","10402","2021","4053","3093","2862","3105","4629","1061","1688","1665","1424","1547","1976","960","2365","1428","1438","1558","2653","10656","0","10656"
"20203","11170560","원효로1동","15876","7663","8213","2240","2400","3632","2624","2141","2839","1144","1018","1798","1358","1041","1304","1096","1382","1834","1266","1100","1535","7768","0","7768"
"20203","11170570","원효로2동","14479","6812","7667","2370","1890","2114","2400","2353","3352","1046","894","1072","1180","1163","1457","1324","996","1042","1220","1190","1895","5965","0","5965"
"20203","11170580","효창동","9013","4307","4706","1399","1372","1579","1404","1363","1896","720","657","783","669","662","816","679","715","796","735","701","1080","3818","0","3818"
"20203","11170590","용문동","12234","5849","6385","1752","1746","2022","1895","1964","2855","901","834","1003","930","980","1201","851","912","1019","965","984","1654","5292","0","5292"
"20203","11170625","한강로동","18270","8823","9447","2023","2789","3641","2660","3049","4108","1059","1279","1721","1313","1492","1959","964","1510","1920","1347","1557","2149","9542","0","9542"
"20203","11170630","이촌1동","26203","12277","13926","5398","2783","3460","4702","4052","5808","2765","1366","1534","2122","1959","2531","2633","1417","1926","2580","2093","3277","9503","0","9503"
"20203","11170640","이촌2동","8918","4216","4702","1122","1008","1553","1264","1435","2536","589","497","796","620","658","1056","533","511","757","644","777","1480","3861","0","3861"
"20203","11170650","이태원1동","6879","3256","3623","581","998","1081","935","1137","2147","294","530","566","462","537","867","287","468","515","473","600","1280","3778","0","3778"
"20203","11170660","이태원2동","9285","4305","4980","986","1332","1699","1400","1317","2551","485","686","853","658","587","1036","501","646","846","742","730","1515","4877","0","4877"
"20203","11170685","한남동","20545","9898","10647","2288","2676","4037","3354","3120","5070","1198","1321","2034","1628","1512","2205","1090","1355","2003","1726","1608","2865","11066","0","11066"
"20203","11170690","서빙고동","14396","6932","7464","2572","1928","1823","2720","2372","2981","1327","955","872","1295","1186","1297","1245","973","951","1425","1186","1684","5691","0","5691"
"20203","11170700","보광동","14393","7046","7347","1350","2259","2191","2184","2520","3889","746","1240","1185","1078","1186","1611","604","1019","1006","1106","1334","2278","7645","0","7645"
"20203","11200520","왕십리2동","17366","8472","8894","2564","2537","3047","2767","2773","3678","1318","1232","1532","1372","1354","1664","1246","1305","1515","1395","1419","2014","7588","0","7588"
"20203","11200535","왕십리도선동","27197","12959","14238","4167","4405","4878","4103","4384","5260","2081","2050","2309","2024","2101","2394","2086","2355","2569","2079","2283","2866","11679","0","11679"
"20203","11200540","마장동","23348","11511","11837","3110","4466","3387","3192","3876","5317","1588","2193","1756","1607","1922","2445","1522","2273","1631","1585","1954","2872","10877","0","10877"
"20203","11200550","사근동","11680","5995","5685","1245","4323","1669","1189","1268","1986","591","2385","908","620","615","876","654","1938","761","569","653","1110","7426","0","7426"
"20203","11200560","행당1동","16063","7804","8259","2204","2655","2597","2478","2645","3484","1109","1302","1283","1216","1279","1615","1095","1353","1314","1262","1366","1869","7292","0","7292"
"20203","11200570","행당2동","24582","11559","13023","4287","3070","3813","4363","3916","5133","2020","1446","1823","2113","1927","2230","2267","1624","1990","2250","1989","2903","9454","0","9454"
"20203","11200580","응봉동","16162","7675","8487","3078","1792","2306","3121","2462","3403","1519","908","1101","1485","1199","1463","1559","884","1205","1636","1263","1940","6180","0","6180"
"20203","11200590","금호1가동","15816","7571","8245","2497","1910","2867","2605","2397","3540","1283","942","1363","1314","1137","1532","1214","968","1504","1291","1260","2008","6597","0","6597"
"20203","11200615","금호2?3가동","24052","11459","12593","3476","3023","4403","3899","3748","5503","1750","1521","2108","1948","1771","2361","1726","1502","2295","1951","1977","3142","10345","0","10345"
"20203","11200620","금호4가동","14812","7099","7713","2428","1597","2813","2613","2155","3206","1248","804","1344","1303","1038","1362","1180","793","1469","1310","1117","1844","6341","0","6341"
"20203","11200645","옥수동","27174","12711","14463","4446","3155","5426","4502","3989","5656","2274","1451","2419","2243","1854","2470","2172","1704","3007","2259","2135","3186","11105","0","11105"
"20203","11200650","성수1가1동","16849","8425","8424","2351","2599","2935","2559","3048","3357","1228","1328","1472","1248","1560","1589","1123","1271","1463","1311","1488","1768","7587","0","7587"
"20203","11200660","성수1가2동","14194","7058","7136","1917","2237","2652","2286","2169","2933","989","1122","1298","1141","1119","1389","928","1115","1354","1145","1050","1544","6607","0","6607"
"20203","11200670","성수2가1동","17138","8954","8184","1923","2456","2698","2491","3317","4253","1004","1292","1447","1329","1807","2075","919","1164","1251","1162","1510","2178","8516","0","8516"
"20203","11200690","성수2가3동","11349","5793","5556","1193","2022","2062","1527","1897","2648","613","942","1079","807","1029","1323","580","1080","983","720","868","1325","5673","0","5673"
"20203","11200720","송정동","10955","5818","5137","1244","1680","1702","1652","2078","2599","672","880","942","902","1160","1262","572","800","760","750","918","1337","5503","0","5503"
"20203","11200790","용답동","12297","6524","5773","1225","1982","1756","1913","2330","3091","620","955","981","1094","1362","1512","605","1027","775","819","968","1579","6823","0","6823"
"20203","11215710","화양동","21879","10427","11452","1269","8837","4316","2216","2086","3155","607","3827","2231","1228","1110","1424","662","5010","2085","988","976","1731","16005","0","16005"
"20203","11215730","군자동","19728","9753","9975","2101","4123","3664","2635","3019","4186","1097","2005","1859","1360","1530","1902","1004","2118","1805","1275","1489","2284","10539","0","10539"
"20203","11215740","중곡1동","16503","8099","8404","1755","2787","3213","2401","2665","3682","918","1300","1631","1247","1299","1704","837","1487","1582","1154","1366","1978","8349","0","8349"
"20203","11215750","중곡2동","22009","10546","11463","2837","3788","4008","3116","3646","4614","1451","1769","1985","1530","1722","2089","1386","2019","2023","1586","1924","2525","10327","0","10327"
"20203","11215760","중곡3동","17079","8484","8595","1957","2686","2813","2497","3078","4048","1003","1373","1493","1236","1528","1851","954","1313","1320","1261","1550","2197","8436","0","8436"
"20203","11215770","중곡4동","29801","14693","15108","3803","4470","4537","4402","5469","7120","2014","2272","2287","2217","2635","3268","1789","2198","2250","2185","2834","3852","13053","0","13053"
"20203","11215780","능동","11440","5271","6169","1187","2253","2704","1590","1445","2261","615","929","1256","806","651","1014","572","1324","1448","784","794","1247","6221","0","6221"
"20203","11215810","광장동","35891","17347","18544","9131","4163","4033","7953","5336","5275","4691","2044","1761","3677","2756","2418","4440","2119","2272","4276","2580","2857","12011","0","12011"
"20203","11215820","자양1동","22927","11082","11845","2740","4194","3950","3512","3682","4849","1429","2011","1970","1757","1759","2156","1311","2183","1980","1755","1923","2693","11433","0","11433"
"20203","11215830","자양2동","26501","13004","13497","3873","3959","4280","4234","4386","5769","2054","2003","2117","2083","2066","2681","1819","1956","2163","2151","2320","3088","11222","0","11222"
"20203","11215840","자양3동","29199","14068","15131","5305","4008","4528","4757","4728","5873","2642","1982","2136","2284","2269","2755","2663","2026","2392","2473","2459","3118","11029","0","11029"
"20203","11215847","자양4동","18510","9301","9209","1752","2769","2837","2635","3362","5155","860","1387","1516","1404","1761","2373","892","1382","1321","1231","1601","2782","9620","0","9620"
"20203","11215850","구의1동","22191","10601","11590","2301","4578","4375","3286","3270","4381","1174","2109","2171","1656","1561","1930","1127","2469","2204","1630","1709","2451","11676","0","11676"
"20203","11215860","구의2동","27488","13260","14228","4401","3731","4169","4528","4598","6061","2219","1848","2090","2204","2173","2726","2182","1883","2079","2324","2425","3335","11636","0","11636"
"20203","11215870","구의3동","29770","14189","15581","4718","4830","4815","4728","4912","5767","2336","2344","2285","2210","2327","2687","2382","2486","2530","2518","2585","3080","12139","0","12139"
"20203","11230536","용신동","30305","15568","14737","2940","5438","5139","4319","4757","7712","1543","2695","2733","2353","2536","3708","1397","2743","2406","1966","2221","4004","16973","0","16973"
"20203","11230545","제기동","24854","12719","12135","2541","4147","3399","3236","3949","7582","1317","2261","1884","1771","2040","3446","1224","1886","1515","1465","1909","4136","12908","0","12908"
"20203","11230560","전농1동","30410","15295","15115","4062","4609","4432","4530","4997","7780","2064","2346","2319","2389","2539","3638","1998","2263","2113","2141","2458","4142","14863","0","14863"
"20203","11230570","전농2동","19572","9378","10194","3184","2457","2417","3212","3317","4985","1573","1242","1196","1525","1619","2223","1611","1215","1221","1687","1698","2762","7734","0","7734"
"20203","11230600","답십리1동","29395","14297","15098","4870","4078","5608","4702","4388","5749","2480","1939","2678","2418","2161","2621","2390","2139","2930","2284","2227","3128","12675","0","12675"
"20203","11230610","답십리2동","29929","14672","15257","4204","3898","4419","4636","5151","7621","2145","1961","2280","2357","2513","3416","2059","1937","2139","2279","2638","4205","12713","0","12713"
"20203","11230650","장안1동","38254","19099","19155","5374","5151","6303","6396","6108","8922","2760","2506","3246","3332","3027","4228","2614","2645","3057","3064","3081","4694","17403","0","17403"
"20203","11230660","장안2동","31159","15607","15552","5560","3653","4823","5472","4774","6877","2925","1933","2406","2785","2395","3163","2635","1720","2417","2687","2379","3714","12984","0","12984"
"20203","11230705","청량리동","21395","10727","10668","2266","2547","2567","2828","3825","7362","1179","1357","1379","1502","1943","3367","1087","1190","1188","1326","1882","3995","10513","0","10513"
"20203","11230710","회기동","10023","4762","5261","1177","2840","1503","1309","1163","2031","568","1349","765","666","564","850","609","1491","738","643","599","1181","5891","0","5891"
"20203","11230720","휘경1동","12359","6191","6168","1245","2667","1781","1617","1937","3112","648","1289","966","852","1012","1424","597","1378","815","765","925","1688","6662","0","6662"
"20203","11230730","휘경2동","24341","12069","12272","3537","5141","3108","3597","3533","5425","1742","2734","1651","1784","1720","2438","1795","2407","1457","1813","1813","2987","11506","0","11506"
"20203","11230740","이문1동","18947","9452","9495","2202","4563","2332","2642","2688","4520","1091","2346","1309","1350","1368","1988","1111","2217","1023","1292","1320","2532","10476","0","10476"
"20203","11230750","이문2동","20641","10060","10581","3318","2717","2619","3363","3399","5225","1700","1337","1305","1675","1689","2354","1618","1380","1314","1688","1710","2871","8415","0","8415"
"20203","11260520","면목2동","25638","12847","12791","3250","3480","3563","4006","5031","6308","1627","1766","1897","2104","2581","2872","1623","1714","1666","1902","2450","3436","12228","0","12228"
"20203","11260540","면목4동","19810","9869","9941","2550","2635","2963","3138","3370","5154","1367","1311","1538","1659","1694","2300","1183","1324","1425","1479","1676","2854","9253","0","9253"
"20203","11260550","면목5동","9571","4887","4684","1191","1283","1425","1456","1786","2430","597","687","756","785","921","1141","594","596","669","671","865","1289","4486","0","4486"
"20203","11260565","면목본동","35487","17662","17825","4050","5333","5696","5324","6557","8527","2047","2726","3025","2734","3253","3877","2003","2607","2671","2590","3304","4650","17653","0","17653"
"20203","11260570","면목7동","21358","10648","10710","2471","2952","3122","3104","3909","5800","1288","1527","1574","1656","1875","2728","1183","1425","1548","1448","2034","3072","9958","0","9958"
"20203","11260575","면목3?8동","26316","13150","13166","2965","3877","3857","3778","4824","7015","1509","1996","2045","2001","2352","3247","1456","1881","1812","1777","2472","3768","12603","0","12603"
"20203","11260580","상봉1동","25085","12281","12804","4116","3676","3715","3702","4519","5357","2146","1834","1885","1805","2176","2435","1970","1842","1830","1897","2343","2922","10100","0","10100"
"20203","11260590","상봉2동","19068","9351","9717","1730","3521","3872","2675","3085","4185","896","1561","1971","1397","1536","1990","834","1960","1901","1278","1549","2195","10687","0","10687"
"20203","11260600","중화1동","20687","10200","10487","2870","3006","3357","2906","3550","4998","1461","1518","1733","1505","1697","2286","1409","1488","1624","1401","1853","2712","8970","0","8970"
"20203","11260610","중화2동","26937","13863","13074","2577","3889","3985","3781","5382","7323","1372","1934","2149","2023","2858","3527","1205","1955","1836","1758","2524","3796","14152","0","14152"
"20203","11260620","묵1동","35850","17461","18389","5915","4870","5366","6041","5687","7971","3010","2391","2672","2993","2740","3655","2905","2479","2694","3048","2947","4316","14574","0","14574"
"20203","11260630","묵2동","19656","9669","9987","2533","2780","3219","2969","3269","4886","1304","1345","1709","1501","1582","2228","1229","1435","1510","1468","1687","2658","9144","0","9144"
"20203","11260655","망우본동","30726","15560","15166","3637","4244","4205","4332","5920","8388","1837","2219","2201","2333","2996","3974","1800","2025","2004","1999","2924","4414","14636","0","14636"
"20203","11260660","망우3동","17496","8804","8692","2179","2405","2294","2549","3405","4664","1077","1222","1227","1296","1763","2219","1102","1183","1067","1253","1642","2445","8392","0","8392"
"20203","11260680","신내1동","40663","19858","20805","7616","5214","5496","6170","6735","9432","3945","2623","2692","3115","3188","4295","3671","2591","2804","3055","3547","5137","14795","0","14795"
"20203","11260690","신내2동","21885","10490","11395","3448","2703","3131","3421","3693","5489","1772","1381","1552","1660","1739","2386","1676","1322","1579","1761","1954","3103","9052","0","9052"
"20203","11290525","성북동","16949","7998","8951","2164","2710","2547","2673","2725","4130","1110","1260","1200","1293","1292","1843","1054","1450","1347","1380","1433","2287","7944","0","7944"
"20203","11290555","삼선동","25380","12184","13196","3455","4438","3692","4108","3998","5689","1833","2025","1812","2056","1984","2474","1622","2413","1880","2052","2014","3215","12250","0","12250"
"20203","11290575","동선동","15400","6489","8911","1638","4232","2561","2096","1851","3022","765","1379","1174","1008","878","1285","873","2853","1387","1088","973","1737","9036","0","9036"
"20203","11290580","돈암1동","16140","7560","8580","2442","2209","2089","2430","2887","4083","1156","1049","1024","1143","1391","1797","1286","1160","1065","1287","1496","2286","6385","0","6385"
"20203","11290590","돈암2동","24943","11928","13015","5225","2976","3151","4760","4010","4821","2646","1485","1477","2250","1926","2144","2579","1491","1674","2510","2084","2677","8606","0","8606"
"20203","11290600","안암동","6285","3242","3043","605","1965","950","714","845","1206","324","1084","532","358","411","533","281","881","418","356","434","673","3761","0","3761"
"20203","11290610","보문동","15008","7290","7718","1914","2669","2598","2301","2393","3133","972","1298","1339","1170","1123","1388","942","1371","1259","1131","1270","1745","7317","0","7317"
"20203","11290620","정릉1동","17650","8548","9102","3033","2238","2508","3083","2728","4060","1551","1145","1224","1498","1348","1782","1482","1093","1284","1585","1380","2278","6998","0","6998"
"20203","11290630","정릉2동","23575","11518","12057","3605","3199","3151","3745","3801","6074","1878","1637","1634","1834","1828","2707","1727","1562","1517","1911","1973","3367","9656","0","9656"
"20203","11290640","정릉3동","15642","7801","7841","1804","2967","2018","2053","2403","4397","945","1672","1127","1021","1166","1870","859","1295","891","1032","1237","2527","7692","0","7692"
"20203","11290650","정릉4동","26266","12754","13512","4226","3237","3610","4422","4183","6588","2216","1653","1755","2190","2012","2928","2010","1584","1855","2232","2171","3660","10906","0","10906"
"20203","11290660","길음1동","36745","17523","19222","9165","3458","5098","8109","4769","6146","4615","1669","2273","3935","2408","2623","4550","1789","2825","4174","2361","3523","12758","0","12758"
"20203","11290685","길음2동","16356","7954","8402","2756","2098","2543","2827","2592","3540","1480","1016","1254","1334","1283","1587","1276","1082","1289","1493","1309","1953","6747","0","6747"
"20203","11290705","종암동","40147","19800","20347","6777","5797","5354","6738","6402","9079","3569","3064","2664","3316","3223","3964","3208","2733","2690","3422","3179","5115","17039","0","17039"
"20203","11290715","월곡1동","27401","13293","14108","5023","3106","3732","4793","4280","6467","2481","1513","1843","2398","2133","2925","2542","1593","1889","2395","2147","3542","10828","0","10828"
"20203","11290725","월곡2동","19758","9586","10172","2717","3419","2770","2962","3040","4850","1394","1518","1418","1525","1539","2192","1323","1901","1352","1437","1501","2658","9089","0","9089"
"20203","11290760","장위1동","20377","10004","10373","2688","2986","2474","3035","3892","5302","1356","1563","1338","1494","1862","2391","1332","1423","1136","1541","2030","2911","8963","0","8963"
"20203","11290770","장위2동","13716","6830","6886","1551","1749","1565","2026","2564","4261","769","917","838","1094","1300","1912","782","832","727","932","1264","2349","6234","0","6234"
"20203","11290780","장위3동","11284","5654","5630","1813","1493","1412","1784","2004","2778","909","759","721","926","1022","1317","904","734","691","858","982","1461","4909","0","4909"
"20203","11290810","석관동","32696","16213","16483","3967","4727","4365","4902","5669","9066","2080","2358","2266","2543","2784","4182","1887","2369","2099","2359","2885","4884","15045","0","15045"
"20203","11305534","삼양동","25278","12582","12696","3578","3224","3240","3919","4473","6844","1847","1673","1700","2003","2255","3104","1731","1551","1540","1916","2218","3740","11449","0","11449"
"20203","11305535","미아동","22316","10732","11584","2371","3696","3033","3196","3900","6120","1238","1630","1598","1631","1872","2763","1133","2066","1435","1565","2028","3357","11355","0","11355"
"20203","11305545","송중동","30218","14623","15595","3717","4203","4254","4737","5171","8136","1861","2051","2212","2446","2402","3651","1856","2152","2042","2291","2769","4485","13724","0","13724"
"20203","11305555","송천동","28173","13996","14177","3094","3782","3536","4093","5245","8423","1556","1942","1911","2146","2622","3819","1538","1840","1625","1947","2623","4604","13677","0","13677"
"20203","11305575","삼각산동","32809","15771","17038","7430","3468","4097","6833","4956","6025","3832","1714","1889","3295","2463","2578","3598","1754","2208","3538","2493","3447","11757","0","11757"
"20203","11305595","번1동","19255","9580","9675","1950","3280","2930","3025","3155","4915","1030","1572","1541","1590","1605","2242","920","1708","1389","1435","1550","2673","10240","0","10240"
"20203","11305603","번2동","17027","8292","8735","2017","2159","2009","2643","2867","5332","1066","1121","1110","1353","1395","2247","951","1038","899","1290","1472","3085","7630","0","7630"
"20203","11305608","번3동","18250","8640","9610","2574","2092","1954","2889","2857","5884","1315","1053","1002","1488","1364","2418","1259","1039","952","1401","1493","3466","7592","0","7592"
"20203","11305615","수유1동","21750","10780","10970","2622","3203","2910","3142","3834","6039","1333","1608","1582","1664","1855","2738","1289","1595","1328","1478","1979","3301","10395","0","10395"
"20203","11305625","수유2동","21833","10510","11323","2701","3088","2637","3232","3866","6309","1417","1486","1395","1616","1830","2766","1284","1602","1242","1616","2036","3543","9588","0","9588"
"20203","11305635","수유3동","23692","11826","11866","2161","4163","3622","3396","4060","6290","1127","2041","1980","1813","2044","2821","1034","2122","1642","1583","2016","3469","12653","0","12653"
"20203","11305645","우이동","21215","10343","10872","2670","2738","2721","3089","3663","6334","1418","1342","1453","1548","1720","2862","1252","1396","1268","1541","1943","3472","9473","0","9473"
"20203","11305660","인수동","32319","15668","16651","4143","4212","4178","4767","5524","9495","2092","2126","2188","2421","2614","4227","2051","2086","1990","2346","2910","5268","14526","0","14526"
"20203","11320511","창1동","26171","12559","13612","4106","3432","3643","4392","4325","6273","2116","1725","1783","2150","2017","2768","1990","1707","1860","2242","2308","3505","10930","0","10930"
"20203","11320512","창2동","30281","14860","15421","4493","4198","4462","4786","5245","7097","2342","2117","2258","2420","2484","3239","2151","2081","2204","2366","2761","3858","12354","0","12354"
"20203","11320513","창3동","14697","7363","7334","2039","1924","1850","2268","2694","3922","1054","998","1004","1160","1355","1792","985","926","846","1108","1339","2130","6657","0","6657"
"20203","11320514","창4동","27812","13401","14411","4805","3825","3506","4670","4994","6012","2448","1961","1688","2203","2378","2723","2357","1864","1818","2467","2616","3289","10574","0","10574"
"20203","11320515","창5동","25409","12243","13166","3827","3593","3601","3696","4545","6147","1957","1788","1849","1729","2074","2846","1870","1805","1752","1967","2471","3301","9851","0","9851"
"20203","11320521","도봉1동","22070","11178","10892","2273","2739","2552","3089","3957","7460","1186","1453","1421","1649","1977","3492","1087","1286","1131","1440","1980","3968","10225","0","10225"
"20203","11320522","도봉2동","26045","12849","13196","3358","3205","3526","3573","4293","8090","1727","1628","1799","1831","2081","3783","1631","1577","1727","1742","2212","4307","11040","0","11040"
"20203","11320660","쌍문1동","22086","10688","11398","3059","3128","2629","3430","3764","6076","1524","1515","1344","1739","1815","2751","1535","1613","1285","1691","1949","3325","9306","0","9306"
"20203","11320670","쌍문2동","19893","9640","10253","2690","2679","2794","2938","3411","5381","1426","1363","1467","1461","1549","2374","1264","1316","1327","1477","1862","3007","8636","0","8636"
"20203","11320680","쌍문3동","17046","8242","8804","2027","2534","2499","2522","2870","4594","1027","1214","1298","1308","1310","2085","1000","1320","1201","1214","1560","2509","7788","0","7788"
"20203","11320681","쌍문4동","19772","9421","10351","3461","2689","2487","3158","3560","4417","1752","1386","1205","1450","1609","2019","1709","1303","1282","1708","1951","2398","7159","0","7159"
"20203","11320690","방학1동","29724","14747","14977","4079","4087","3544","4472","5563","7979","2047","2128","1815","2212","2772","3773","2032","1959","1729","2260","2791","4206","12766","0","12766"
"20203","11320700","방학2동","20934","10579","10355","2664","2855","2464","3084","3903","5964","1390","1567","1321","1578","1953","2770","1274","1288","1143","1506","1950","3194","9532","0","9532"
"20203","11320710","방학3동","28734","14022","14712","5089","3644","3378","4522","5088","7013","2719","2002","1667","2127","2346","3161","2370","1642","1711","2395","2742","3852","10084","0","10084"
"20203","11350560","월계1동","23265","11984","11281","3213","3915","2991","3580","3676","5890","1684","2272","1603","1858","1839","2728","1529","1643","1388","1722","1837","3162","10492","0","10492"
"20203","11350570","월계2동","25870","12483","13387","3835","3012","3072","4187","4296","7468","1996","1622","1524","2105","2080","3156","1839","1390","1548","2082","2216","4312","11229","0","11229"
"20203","11350580","월계3동","31470","15132","16338","4840","3709","4931","4842","4938","8210","2526","1872","2460","2442","2287","3545","2314","1837","2471","2400","2651","4665","12949","0","12949"
"20203","11350595","공릉1동","38477","18851","19626","5300","6727","5760","5678","5981","9031","2716","3412","2939","2896","2830","4058","2584","3315","2821","2782","3151","4973","18111","0","18111"
"20203","11350600","공릉2동","40537","19800","20737","7898","6581","5454","6931","6207","7466","4065","3257","2692","3299","3062","3425","3833","3324","2762","3632","3145","4041","16291","0","16291"
"20203","11350611","하계1동","28814","13921","14893","4913","5345","2844","4490","5127","6095","2692","2899","1414","1993","2441","2482","2221","2446","1430","2497","2686","3613","12281","0","12281"
"20203","11350612","하계2동","23330","11154","12176","4635","3291","2626","4264","4077","4437","2374","1668","1242","1979","1995","1896","2261","1623","1384","2285","2082","2541","8276","0","8276"
"20203","11350619","중계본동","25872","12687","13185","6261","3525","1952","5348","4758","4028","3207","1858","907","2355","2503","1857","3054","1667","1045","2993","2255","2171","8896","0","8896"
"20203","11350621","중계1동","28076","13752","14324","7921","3249","2002","6787","4626","3491","4229","1705","836","3003","2436","1543","3692","1544","1166","3784","2190","1948","9114","0","9114"
"20203","11350624","중계4동","21290","10316","10974","3762","2689","2101","3726","3691","5321","2027","1416","1047","1765","1825","2236","1735","1273","1054","1961","1866","3085","8469","0","8469"
"20203","11350625","중계2?3동","36720","17079","19641","5890","4548","4512","6311","5808","9651","2914","2345","2237","3064","2781","3738","2976","2203","2275","3247","3027","5913","15385","0","15385"
"20203","11350630","상계1동","41981","20405","21576","6439","5755","5463","6363","7471","10490","3342","2957","2750","3047","3520","4789","3097","2798","2713","3316","3951","5701","16368","0","16368"
"20203","11350640","상계2동","21065","10393","10672","3092","3417","2470","3257","4031","4798","1585","1698","1260","1582","2001","2267","1507","1719","1210","1675","2030","2531","8763","0","8763"
"20203","11350665","상계3?4동","25739","12825","12914","3344","3123","2695","3868","4708","8001","1777","1680","1469","1962","2360","3577","1567","1443","1226","1906","2348","4424","11546","0","11546"
"20203","11350670","상계5동","25458","12425","13033","3475","3589","2816","3981","4676","6921","1766","1887","1502","1953","2276","3041","1709","1702","1314","2028","2400","3880","10963","0","10963"
"20203","11350695","상계6?7동","34538","16074","18464","6144","4716","5115","5965","5702","6896","3130","2343","2374","2744","2603","2880","3014","2373","2741","3221","3099","4016","13974","0","13974"
"20203","11350700","상계8동","24382","11745","12637","5160","2703","5153","4236","3065","4065","2634","1325","2544","2090","1452","1700","2526","1378","2609","2146","1613","2365","9444","0","9444"
"20203","11350710","상계9동","21896","10471","11425","3946","2770","2979","3791","3667","4743","2074","1465","1473","1732","1709","2018","1872","1305","1506","2059","1958","2725","8465","0","8465"
"20203","11350720","상계10동","16569","7649","8920","2585","2420","2598","2681","2902","3383","1289","1153","1257","1193","1319","1438","1296","1267","1341","1488","1583","1945","6589","0","6589"
"20203","11380510","녹번동","37920","18213","19707","5225","5048","6274","5893","6063","9417","2651","2419","3188","2953","2899","4103","2574","2629","3086","2940","3164","5314","17057","0","17057"
"20203","11380520","불광1동","40763","19371","21392","5608","5474","5768","6459","6884","10570","2902","2719","2801","3153","3197","4599","2706","2755","2967","3306","3687","5971","17886","0","17886"
"20203","11380530","불광2동","29233","14264","14969","3336","4285","4173","4291","5126","8022","1711","2180","2199","2204","2387","3583","1625","2105","1974","2087","2739","4439","13795","0","13795"
"20203","11380551","갈현1동","24094","11756","12338","3011","3818","3328","3616","4132","6189","1568","1950","1721","1803","1929","2785","1443","1868","1607","1813","2203","3404","11093","0","11093"
"20203","11380552","갈현2동","29823","14222","15601","4452","4417","4279","4850","4925","6900","2246","2115","2160","2314","2307","3080","2206","2302","2119","2536","2618","3820","12572","0","12572"
"20203","11380560","구산동","33593","16743","16850","5087","4548","4372","5327","5768","8491","2483","2284","2208","2671","2916","4181","2604","2264","2164","2656","2852","4310","13143","0","13143"
"20203","11380570","대조동","27641","13010","14631","3251","4498","4400","4303","4295","6894","1592","2048","2192","2126","2084","2968","1659","2450","2208","2177","2211","3926","13828","0","13828"
"20203","11380580","응암1동","25343","12123","13220","4186","3354","3772","4409","3836","5786","2213","1559","1872","2168","1847","2464","1973","1795","1900","2241","1989","3322","11363","0","11363"
"20203","11380590","응암2동","20455","9992","10463","4025","2134","3325","3905","2841","4225","2108","1090","1581","2001","1402","1810","1917","1044","1744","1904","1439","2415","8155","0","8155"
"20203","11380600","응암3동","25630","12550","13080","2935","3552","3410","3828","4365","7540","1538","1855","1774","1935","2181","3267","1397","1697","1636","1893","2184","4273","12535","0","12535"
"20203","11380625","역촌동","48158","22924","25234","7043","6615","7283","7977","7860","11380","3554","3223","3554","3928","3694","4971","3489","3392","3729","4049","4166","6409","20705","0","20705"
"20203","11380631","신사1동","28262","13705","14557","4052","3999","4310","4405","4623","6873","2064","2066","2194","2177","2164","3040","1988","1933","2116","2228","2459","3833","11697","0","11697"
"20203","11380632","신사2동","21785","10922","10863","3173","3034","3048","3447","3635","5448","1730","1594","1604","1724","1761","2509","1443","1440","1444","1723","1874","2939","9210","0","9210"
"20203","11380640","증산동","15883","7816","8067","2162","2099","2153","2401","2727","4341","1126","1070","1105","1196","1335","1984","1036","1029","1048","1205","1392","2357","6834","0","6834"
"20203","11380650","수색동","8907","4450","4457","1055","1205","1231","1191","1627","2598","571","627","653","619","826","1154","484","578","578","572","801","1444","3845","0","3845"
"20203","11380690","진관동","58081","27329","30752","12773","7196","7452","11190","8305","11165","6538","3140","3289","5300","4126","4936","6235","4056","4163","5890","4179","6229","21631","0","21631"
"20203","11410520","천연동","18370","8755","9615","2980","2337","2504","3048","3061","4440","1466","1172","1228","1515","1514","1860","1514","1165","1276","1533","1547","2580","8160","0","8160"
"20203","11410555","북아현동","16782","7999","8783","2628","2439","2988","2711","2791","3225","1324","1093","1467","1350","1360","1405","1304","1346","1521","1361","1431","1820","7300","0","7300"
"20203","11410565","충현동","17971","8740","9231","2067","2867","2593","2643","3122","4679","1047","1433","1305","1331","1559","2065","1020","1434","1288","1312","1563","2614","8997","0","8997"
"20203","11410585","신촌동","18598","8413","10185","1798","6594","3232","1992","2023","2959","913","2633","1604","980","1006","1277","885","3961","1628","1012","1017","1682","12280","0","12280"
"20203","11410615","연희동","37904","18317","19587","4557","7570","5979","5602","5504","8692","2326","3893","2991","2692","2599","3816","2231","3677","2988","2910","2905","4876","19264","0","19264"
"20203","11410620","홍제1동","24733","11650","13083","3721","3195","3571","3943","4130","6173","1842","1589","1750","1906","1876","2687","1879","1606","1821","2037","2254","3486","10317","0","10317"
"20203","11410640","홍제3동","16312","7934","8378","2119","2180","2069","2388","2772","4784","1117","1074","1084","1201","1377","2081","1002","1106","985","1187","1395","2703","7118","0","7118"
"20203","11410655","홍제2동","14445","6884","7561","2056","1898","1923","2201","2627","3740","1055","961","941","1064","1245","1618","1001","937","982","1137","1382","2122","5830","0","5830"
"20203","11410660","홍은1동","22218","10768","11450","3204","2895","2715","3372","3924","6108","1638","1462","1383","1657","1937","2691","1566","1433","1332","1715","1987","3417","9189","0","9189"
"20203","11410685","홍은2동","27390","13341","14049","3816","4111","3599","4300","4656","6908","1964","2110","1880","2123","2228","3036","1852","2001","1719","2177","2428","3872","12064","0","12064"
"20203","11410690","남가좌1동","16590","8025","8565","3731","1687","2654","3183","2249","3086","1851","830","1197","1689","1106","1352","1880","857","1457","1494","1143","1734","6085","0","6085"
"20203","11410700","남가좌2동","24921","12019","12902","3973","3713","3516","3989","3839","5891","1986","1837","1738","1987","1879","2592","1987","1876","1778","2002","1960","3299","11219","0","11219"
"20203","11410710","북가좌1동","18893","9162","9731","3562","2211","2595","3418","3005","4102","1868","1089","1195","1723","1463","1824","1694","1122","1400","1695","1542","2278","6974","0","6974"
"20203","11410720","북가좌2동","33505","16315","17190","4538","4824","4557","5327","5643","8616","2307","2479","2351","2607","2710","3861","2231","2345","2206","2720","2933","4755","14711","0","14711"
"20203","11440555","아현동","24016","11330","12686","4010","3080","4906","3837","3710","4473","1907","1397","2328","1928","1804","1966","2103","1683","2578","1909","1906","2507","10034","0","10034"
"20203","11440565","공덕동","33743","16055","17688","4443","5491","5621","5085","5698","7405","2261","2516","2767","2519","2752","3240","2182","2975","2854","2566","2946","4165","15722","0","15722"
"20203","11440585","도화동","18617","8873","9744","2886","2467","3076","2829","2896","4463","1538","1146","1467","1374","1400","1948","1348","1321","1609","1455","1496","2515","7838","0","7838"
"20203","11440590","용강동","19120","9055","10065","3932","2036","3241","3810","2590","3511","1929","974","1484","1858","1287","1523","2003","1062","1757","1952","1303","1988","7771","0","7771"
"20203","11440600","대흥동","8723","4201","4522","915","2101","1400","1279","1169","1859","503","897","692","665","646","798","412","1204","708","614","523","1061","5331","0","5331"
"20203","11440610","염리동","13934","6680","7254","2259","2149","2458","2368","2060","2640","1105","1009","1211","1181","1046","1128","1154","1140","1247","1187","1014","1512","6514","0","6514"
"20203","11440630","신수동","15759","7724","8035","2742","2411","2496","2757","2226","3127","1461","1259","1214","1305","1109","1376","1281","1152","1282","1452","1117","1751","6650","0","6650"
"20203","11440655","서강동","19552","9303","10249","3035","3586","3266","3220","2876","3569","1537","1751","1497","1531","1400","1587","1498","1835","1769","1689","1476","1982","9022","0","9022"
"20203","11440660","서교동","18835","8727","10108","1934","3999","3999","2965","2284","3654","977","1771","1854","1446","1073","1606","957","2228","2145","1519","1211","2048","10761","0","10761"
"20203","11440680","합정동","18713","8727","9986","2341","3627","3868","2680","2462","3735","1206","1607","1839","1303","1170","1602","1135","2020","2029","1377","1292","2133","9579","0","9579"
"20203","11440690","망원1동","16504","7751","8753","2210","2592","3098","2694","2337","3573","1104","1172","1473","1301","1179","1522","1106","1420","1625","1393","1158","2051","8087","0","8087"
"20203","11440700","망원2동","14468","6940","7528","2476","1976","2328","2518","1983","3187","1254","959","1084","1257","986","1400","1222","1017","1244","1261","997","1787","6199","0","6199"
"20203","11440710","연남동","12595","5943","6652","1306","2400","2598","1897","1615","2779","656","1104","1245","983","762","1193","650","1296","1353","914","853","1586","6806","0","6806"
"20203","11440720","성산1동","15504","7275","8229","2231","2306","2735","2758","2199","3275","1127","1062","1295","1303","1054","1434","1104","1244","1440","1455","1145","1841","7249","0","7249"
"20203","11440730","성산2동","34494","15926","18568","5686","5275","5711","5794","4581","7447","2920","2187","2688","2818","2236","3077","2766","3088","3023","2976","2345","4370","15537","0","15537"
"20203","11440740","상암동","27885","13352","14533","6440","3606","3494","5610","3785","4950","3309","1635","1585","2710","1940","2173","3131","1971","1909","2900","1845","2777","10796","0","10796"
"20203","11470510","목1동","31902","15352","16550","8196","3573","3465","7074","5023","4571","4118","1754","1476","3253","2606","2145","4078","1819","1989","3821","2417","2426","10486","0","10486"
"20203","11470520","목2동","31151","15206","15945","4646","5085","5565","4720","5072","6063","2418","2521","2837","2241","2446","2743","2228","2564","2728","2479","2626","3320","13073","0","13073"
"20203","11470530","목3동","22890","11016","11874","3107","3670","4183","3344","3787","4799","1679","1825","2076","1594","1707","2135","1428","1845","2107","1750","2080","2664","9934","0","9934"
"20203","11470540","목4동","26744","13137","13607","5179","4195","3040","4893","4849","4588","2742","2226","1512","2157","2430","2070","2437","1969","1528","2736","2419","2518","10127","0","10127"
"20203","11470550","목5동","42852","21169","21683","11266","4791","4165","9453","6804","6373","6053","2487","1816","4238","3530","3045","5213","2304","2349","5215","3274","3328","13530","0","13530"
"20203","11470560","신월1동","21503","11056","10447","2596","2775","2906","3357","4049","5820","1333","1496","1572","1756","2117","2782","1263","1279","1334","1601","1932","3038","10116","0","10116"
"20203","11470570","신월2동","21994","10789","11205","3515","2720","3278","3436","3498","5547","1761","1410","1669","1744","1667","2538","1754","1310","1609","1692","1831","3009","8558","0","8558"
"20203","11470580","신월3동","16501","8717","7784","2274","2192","2193","2434","3147","4261","1201","1137","1218","1366","1708","2087","1073","1055","975","1068","1439","2174","8136","0","8136"
"20203","11470590","신월4동","18960","9322","9638","3445","2222","2697","3132","3006","4458","1788","1161","1316","1580","1452","2025","1657","1061","1381","1552","1554","2433","6889","0","6889"
"20203","11470600","신월5동","15161","7522","7639","2368","2151","2234","2357","2653","3398","1223","1127","1150","1160","1270","1592","1145","1024","1084","1197","1383","1806","6349","0","6349"
"20203","11470610","신월6동","6589","3288","3301","1118","816","774","1059","1144","1678","562","446","412","523","566","779","556","370","362","536","578","899","2493","0","2493"
"20203","11470611","신월7동","21520","10586","10934","2807","2802","2922","3173","3791","6025","1413","1497","1548","1639","1844","2645","1394","1305","1374","1534","1947","3380","9248","0","9248"
"20203","11470620","신정1동","21434","10482","10952","5055","2597","2258","4210","3586","3728","2616","1326","1000","1980","1857","1703","2439","1271","1258","2230","1729","2025","7250","0","7250"
"20203","11470630","신정2동","20527","10047","10480","4364","2798","1955","3877","3758","3775","2253","1450","909","1770","1929","1736","2111","1348","1046","2107","1829","2039","7167","0","7167"
"20203","11470640","신정3동","47701","23276","24425","9382","6092","6185","8438","7923","9681","4822","3140","3024","4080","3862","4348","4560","2952","3161","4358","4061","5333","17830","0","17830"
"20203","11470650","신정4동","34753","17047","17706","4496","5350","5615","5468","5620","8204","2326","2610","2890","2750","2691","3780","2170","2740","2725","2718","2929","4424","15946","0","15946"
"20203","11470670","신정6동","25265","12316","12949","5891","3317","2880","4803","4443","3931","3072","1710","1259","2160","2223","1892","2819","1607","1621","2643","2220","2039","8162","0","8162"
"20203","11470680","신정7동","30648","14885","15763","5642","3961","3435","5361","5470","6779","2918","2097","1628","2546","2744","2952","2724","1864","1807","2815","2726","3827","11622","0","11622"
"20203","11500510","염창동","41942","20530","21412","8973","5412","7225","7833","6082","6417","4622","2582","3430","3865","2987","3044","4351","2830","3795","3968","3095","3373","15230","0","15230"
"20203","11500520","등촌1동","23367","11067","12300","2933","4416","5625","3324","3105","3964","1607","1836","2695","1654","1501","1774","1326","2580","2930","1670","1604","2190","12042","0","12042"
"20203","11500530","등촌2동","21752","10751","11001","3299","3384","3711","3152","3601","4605","1784","1762","1844","1537","1690","2134","1515","1622","1867","1615","1911","2471","8677","0","8677"
"20203","11500535","등촌3동","32405","15414","16991","4225","4404","4704","4220","5797","9055","2177","2275","2391","2004","2670","3897","2048","2129","2313","2216","3127","5158","14775","0","14775"
"20203","11500540","화곡1동","53448","26093","27355","5958","8843","11307","7723","7812","11805","2976","4123","5987","4035","3656","5316","2982","4720","5320","3688","4156","6489","26369","0","26369"
"20203","11500550","화곡2동","19245","9368","9877","3046","2562","3294","3267","2927","4149","1546","1294","1693","1647","1361","1827","1500","1268","1601","1620","1566","2322","8244","0","8244"
"20203","11500560","화곡3동","22464","10784","11680","3154","3325","3392","3280","3528","5785","1626","1584","1672","1582","1651","2669","1528","1741","1720","1698","1877","3116","9399","0","9399"
"20203","11500570","화곡4동","21655","10627","11028","2813","2969","3652","3352","3573","5296","1450","1570","1886","1704","1694","2323","1363","1399","1766","1648","1879","2973","9611","0","9611"
"20203","11500590","화곡본동","35178","17187","17991","5232","5612","6638","5851","4938","6907","2710","2693","3531","2974","2289","2990","2522","2919","3107","2877","2649","3917","16334","0","16334"
"20203","11500591","화곡6동","24665","12183","12482","3199","3883","4060","3754","4089","5680","1694","1942","2114","1896","1919","2618","1505","1941","1946","1858","2170","3062","11434","0","11434"
"20203","11500593","화곡8동","26248","12655","13593","3422","3900","4713","4122","3988","6103","1728","1935","2443","2092","1758","2699","1694","1965","2270","2030","2230","3404","11769","0","11769"
"20203","11500603","가양1동","33866","15832","18034","3981","8137","8113","4613","4307","4715","2068","2871","4188","2380","2038","2287","1913","5266","3925","2233","2269","2428","19109","0","19109"
"20203","11500604","가양2동","15079","7181","7898","1098","1879","2624","1488","2515","5475","572","861","1368","773","1155","2452","526","1018","1256","715","1360","3023","8084","0","8084"
"20203","11500605","가양3동","16093","7551","8542","1563","1955","3281","2018","2437","4839","807","947","1673","1055","1128","1941","756","1008","1608","963","1309","2898","7924","0","7924"
"20203","11500611","발산1동","38619","18411","20208","9122","4736","4829","7572","5685","6675","4540","2340","2282","3621","2745","2883","4582","2396","2547","3951","2940","3792","13609","0","13609"
"20203","11500615","우장산동","44611","21386","23225","9771","5302","6021","8798","6594","8125","4777","2564","2856","4151","3302","3736","4994","2738","3165","4647","3292","4389","16058","0","16058"
"20203","11500620","공항동","27496","13918","13578","4579","3923","5343","4228","3922","5501","2364","1946","2779","2296","1968","2565","2215","1977","2564","1932","1954","2936","12736","0","12736"
"20203","11500630","방화1동","45180","22077","23103","8964","5540","6933","7888","6632","9223","4493","2689","3384","4050","3184","4277","4471","2851","3549","3838","3448","4946","17342","0","17342"
"20203","11500640","방화2동","23794","11756","12038","2876","3504","3679","3316","3821","6598","1512","1692","1964","1771","1883","2934","1364","1812","1715","1545","1938","3664","11570","0","11570"
"20203","11500641","방화3동","24360","11776","12584","3214","2810","3884","3657","3838","6957","1650","1427","1989","1867","1812","3031","1564","1383","1895","1790","2026","3926","11256","0","11256"
"20203","11530510","신도림동","36922","18035","18887","7420","4500","6474","6638","5243","6647","3779","2190","3051","3252","2598","3165","3641","2310","3423","3386","2645","3482","13405","0","13405"
"20203","11530520","구로1동","21153","10454","10699","4093","2622","3887","3697","3051","3803","2156","1299","1950","1841","1445","1763","1937","1323","1937","1856","1606","2040","7817","0","7817"
"20203","11530530","구로2동","25396","12813","12583","2638","3333","3078","3857","4876","7614","1371","1714","1682","2053","2531","3462","1267","1619","1396","1804","2345","4152","12749","0","12749"
"20203","11530540","구로3동","24265","12314","11951","3052","4221","5186","4126","3029","4651","1573","2021","2814","2286","1530","2090","1479","2200","2372","1840","1499","2561","13099","0","13099"
"20203","11530550","구로4동","21308","10422","10886","2301","2897","3209","3231","3674","5996","1173","1418","1660","1656","1833","2682","1128","1479","1549","1575","1841","3314","10685","0","10685"
"20203","11530560","구로5동","30050","14498","15552","3842","5093","5697","4328","4670","6420","1955","2196","2805","2224","2316","3002","1887","2897","2892","2104","2354","3418","14529","0","14529"
"20203","11530595","가리봉동","9380","5098","4282","635","1278","1210","1339","2030","2888","338","685","689","754","1227","1405","297","593","521","585","803","1483","5814","0","5814"
"20203","11530720","고척1동","23691","11871","11820","3582","3324","3003","3710","4083","5989","1855","1750","1562","1884","1983","2837","1727","1574","1441","1826","2100","3152","9541","0","9541"
"20203","11530730","고척2동","28370","14052","14318","4508","3761","3555","4627","4983","6936","2289","1932","1779","2340","2467","3245","2219","1829","1776","2287","2516","3691","11645","0","11645"
"20203","11530740","개봉1동","32896","16460","16436","4767","4298","4605","4980","5646","8600","2380","2242","2374","2617","2797","4050","2387","2056","2231","2363","2849","4550","13951","0","13951"
"20203","11530750","개봉2동","32637","15951","16686","5134","3890","4987","5069","4988","8569","2607","1978","2489","2608","2313","3956","2527","1912","2498","2461","2675","4613","12546","0","12546"
"20203","11530760","개봉3동","21435","10491","10944","2988","2737","3150","3286","3562","5712","1511","1417","1631","1658","1672","2602","1477","1320","1519","1628","1890","3110","8791","0","8791"
"20203","11530770","오류1동","22588","11099","11489","2618","3821","4449","3176","3096","5428","1337","1724","2301","1685","1521","2531","1281","2097","2148","1491","1575","2897","11307","0","11307"
"20203","11530780","오류2동","39743","19234","20509","7786","4785","5597","6819","5744","9012","3969","2302","2740","3456","2732","4035","3817","2483","2857","3363","3012","4977","15400","0","15400"
"20203","11530790","수궁동","24575","12172","12403","3831","3143","3513","3991","4080","6017","2057","1628","1808","1987","1940","2752","1774","1515","1705","2004","2140","3265","9856","0","9856"
"20203","11530800","항동","2748","1343","1405","449","323","375","424","451","726","236","165","176","214","210","342","213","158","199","210","241","384","1071","0","1071"
"20203","11545510","가산동","20985","11594","9391","1568","5230","4811","2661","3000","3715","793","2555","2972","1632","1728","1914","775","2675","1839","1029","1272","1801","13703","0","13703"
"20203","11545610","독산1동","41180","21244","19936","5639","7144","8228","6103","6140","7926","2853","3656","4571","3310","3106","3748","2786","3488","3657","2793","3034","4178","19958","0","19958"
"20203","11545620","독산2동","19428","9909","9519","2362","2802","2528","2835","4005","4896","1226","1504","1358","1452","2044","2325","1136","1298","1170","1383","1961","2571","9227","0","9227"
"20203","11545630","독산3동","25155","12717","12438","2724","3817","3589","3590","5010","6425","1419","1951","1987","1857","2508","2995","1305","1866","1602","1733","2502","3430","12321","0","12321"
"20203","11545640","독산4동","16029","8069","7960","1830","2322","2052","2362","3377","4086","936","1184","1121","1167","1728","1933","894","1138","931","1195","1649","2153","7589","0","7589"
"20203","11545670","시흥1동","34375","17206","17169","4584","4971","4999","5229","6103","8489","2404","2565","2663","2664","3014","3896","2180","2406","2336","2565","3089","4593","15818","0","15818"
"20203","11545680","시흥2동","22225","10813","11412","3934","2617","2642","3645","3859","5528","1971","1358","1306","1773","1845","2560","1963","1259","1336","1872","2014","2968","8314","0","8314"
"20203","11545690","시흥3동","11339","5690","5649","1384","1482","1525","1611","2078","3259","691","790","843","835","1005","1526","693","692","682","776","1073","1733","4717","0","4717"
"20203","11545700","시흥4동","21338","10610","10728","2895","2864","2772","3124","4018","5665","1458","1504","1467","1566","1945","2670","1437","1360","1305","1558","2073","2995","9067","0","9067"
"20203","11545710","시흥5동","20526","10235","10291","2644","2692","2456","3093","3758","5883","1341","1449","1340","1586","1890","2629","1303","1243","1116","1507","1868","3254","9410","0","9410"
"20203","11560515","영등포본동","21940","11205","10735","3016","2845","3367","3329","3742","5641","1555","1515","1763","1736","1925","2711","1461","1330","1604","1593","1817","2930","10171","0","10171"
"20203","11560535","영등포동","26214","14301","11913","2209","5606","6290","3394","3623","5092","1129","2516","3519","2036","2280","2821","1080","3090","2771","1358","1343","2271","16988","0","16988"
"20203","11560540","여의동","34250","16087","18163","5963","4032","5422","5528","5083","8222","2978","1870","2443","2630","2430","3736","2985","2162","2979","2898","2653","4486","13529","0","13529"
"20203","11560550","당산1동","20821","10248","10573","2368","3416","4202","3053","3090","4692","1201","1573","2196","1583","1539","2156","1167","1843","2006","1470","1551","2536","10486","0","10486"
"20203","11560560","당산2동","35448","16651","18797","4956","6943","7661","4967","4579","6342","2517","2878","3659","2486","2184","2927","2439","4065","4002","2481","2395","3415","17083","0","17083"
"20203","11560585","도림동","18924","9561","9363","2182","2700","3451","2946","3110","4535","1153","1335","1799","1584","1618","2072","1029","1365","1652","1362","1492","2463","9394","0","9394"
"20203","11560605","문래동","31722","15648","16074","6226","3573","5810","5704","4069","6340","3222","1706","2806","2916","2041","2957","3004","1867","3004","2788","2028","3383","12446","0","12446"
"20203","11560610","양평1동","17944","8978","8966","2512","2629","4290","2899","2212","3402","1325","1221","2255","1546","1116","1515","1187","1408","2035","1353","1096","1887","8861","0","8861"
"20203","11560620","양평2동","21886","10901","10985","3448","3562","4884","3393","3035","3564","1776","1653","2521","1726","1563","1662","1672","1909","2363","1667","1472","1902","9701","0","9701"
"20203","11560630","신길1동","17419","8836","8583","1675","3139","2949","2498","2659","4499","867","1564","1684","1328","1380","2013","808","1575","1265","1170","1279","2486","9892","0","9892"
"20203","11560650","신길3동","15733","7756","7977","2206","2020","2126","2420","2833","4128","1144","1013","1098","1250","1407","1844","1062","1007","1028","1170","1426","2284","7006","0","7006"
"20203","11560660","신길4동","8930","4458","4472","976","1282","1047","1269","1701","2655","506","679","569","646","848","1210","470","603","478","623","853","1445","4232","0","4232"
"20203","11560670","신길5동","9143","4442","4701","1110","1201","1079","1379","1703","2671","553","617","578","690","817","1187","557","584","501","689","886","1484","4157","0","4157"
"20203","11560680","신길6동","18126","8933","9193","2312","2917","2954","2597","2868","4478","1238","1441","1511","1315","1382","2046","1074","1476","1443","1282","1486","2432","8348","0","8348"
"20203","11560690","신길7동","16810","8390","8420","3181","2372","2821","2774","2553","3109","1730","1168","1419","1394","1255","1424","1451","1204","1402","1380","1298","1685","6516","0","6516"
"20203","11560700","대림1동","12879","6450","6429","1376","1987","1525","1850","2363","3778","767","1019","842","946","1188","1688","609","968","683","904","1175","2090","6330","0","6330"
"20203","11560710","대림2동","12647","6160","6487","1202","1898","1733","1787","2298","3729","605","952","918","887","1139","1659","597","946","815","900","1159","2070","6796","0","6796"
"20203","11560720","대림3동","22984","11535","11449","2908","3128","3415","3375","4291","5867","1521","1585","1850","1688","2131","2760","1387","1543","1565","1687","2160","3107","10135","0","10135"
"20203","11590510","노량진1동","32334","16071","16263","4200","5576","5407","4465","4840","7846","2139","2931","2915","2309","2319","3458","2061","2645","2492","2156","2521","4388","15131","0","15131"
"20203","11590520","노량진2동","13036","6684","6352","1076","2265","1957","1626","2362","3750","557","1212","1134","905","1173","1703","519","1053","823","721","1189","2047","7277","0","7277"
"20203","11590530","상도1동","45129","21967","23162","6563","9582","6640","6623","6306","9415","3293","4945","3311","3309","2928","4181","3270","4637","3329","3314","3378","5234","20997","0","20997"
"20203","11590540","상도2동","28618","13760","14858","4388","4436","5000","4545","4115","6134","2244","2123","2398","2289","1976","2730","2144","2313","2602","2256","2139","3404","12719","0","12719"
"20203","11590550","상도3동","25619","12306","13313","3245","4207","4397","3886","3938","5946","1673","1966","2275","1943","1864","2585","1572","2241","2122","1943","2074","3361","11885","0","11885"
"20203","11590560","상도4동","29467","14407","15060","3967","4571","5027","4536","4576","6790","2080","2261","2623","2296","2171","2976","1887","2310","2404","2240","2405","3814","13367","0","13367"
"20203","11590605","흑석동","32949","16087","16862","4723","5272","4916","4944","5266","7828","2450","2750","2484","2493","2523","3387","2273","2522","2432","2451","2743","4441","14313","0","14313"
"20203","11590620","사당1동","23335","11149","12186","1922","5118","4837","2970","3235","5253","1010","2259","2488","1532","1456","2404","912","2859","2349","1438","1779","2849","13015","0","13015"
"20203","11590630","사당2동","28212","13633","14579","3747","3828","4877","4181","4344","7235","1984","1870","2408","2086","2019","3266","1763","1958","2469","2095","2325","3969","12053","0","12053"
"20203","11590640","사당3동","25822","12559","13263","3977","3532","4341","3991","3826","6155","2071","1683","2096","2066","1803","2840","1906","1849","2245","1925","2023","3315","10596","0","10596"
"20203","11590650","사당4동","14658","7024","7634","1609","2514","2639","2129","2191","3576","834","1169","1351","1084","1039","1547","775","1345","1288","1045","1152","2029","6969","0","6969"
"20203","11590651","사당5동","12800","6216","6584","1848","1969","2147","2021","1955","2860","955","984","1071","1022","911","1273","893","985","1076","999","1044","1587","5689","0","5689"
"20203","11590660","대방동","39773","18940","20833","6984","6518","5658","7028","5868","7717","3477","3052","2759","3381","2967","3304","3507","3466","2899","3647","2901","4413","17164","0","17164"
"20203","11590670","신대방1동","23913","11540","12373","4355","3279","3120","4302","3713","5144","2167","1583","1541","2050","1863","2336","2188","1696","1579","2252","1850","2808","9923","0","9923"
"20203","11590680","신대방2동","21153","10164","10989","3468","3476","3589","3473","2819","4328","1746","1597","1745","1712","1386","1978","1722","1879","1844","1761","1433","2350","9580","0","9580"
"20203","11620525","보라매동","23821","11666","12155","2735","4459","4098","3273","3452","5804","1417","2163","2204","1674","1617","2591","1318","2296","1894","1599","1835","3213","11808","0","11808"
"20203","11620545","청림동","16123","7894","8229","2718","1926","2717","2690","2364","3708","1424","1002","1337","1390","1144","1597","1294","924","1380","1300","1220","2111","6550","0","6550"
"20203","11620565","성현동","37738","18315","19423","6454","5084","5523","6414","5813","8450","3395","2501","2716","3196","2818","3689","3059","2583","2807","3218","2995","4761","15389","0","15389"
"20203","11620575","행운동","29241","14281","14960","2741","7250","6079","3762","3549","5860","1389","3292","3247","1992","1712","2649","1352","3958","2832","1770","1837","3211","16780","0","16780"
"20203","11620585","낙성대동","15845","7922","7923","1474","4915","3338","1879","1619","2620","718","2327","1866","990","823","1198","756","2588","1472","889","796","1422","10117","0","10117"
"20203","11620595","청룡동","29014","13956","15058","2313","9609","5480","3355","3042","5215","1124","4197","2921","1805","1519","2390","1189","5412","2559","1550","1523","2825","19358","0","19358"
"20203","11620605","은천동","34362","16858","17504","5061","5391","5667","5473","4944","7826","2626","2612","2881","2848","2366","3525","2435","2779","2786","2625","2578","4301","15697","0","15697"
"20203","11620615","중앙동","15159","7259","7900","1140","4221","2942","1764","1914","3178","589","1763","1587","936","972","1412","551","2458","1355","828","942","1766","9218","0","9218"
"20203","11620625","인헌동","26218","12845","13373","2977","5686","5072","3734","3489","5260","1531","2693","2699","1900","1684","2338","1446","2993","2373","1834","1805","2922","13855","0","13855"
"20203","11620630","남현동","18791","9018","9773","2051","3904","3922","2430","2623","3861","1012","1762","2047","1228","1191","1778","1039","2142","1875","1202","1432","2083","9387","0","9387"
"20203","11620645","서원동","22717","11596","11121","1676","6173","4698","2795","2891","4484","898","3092","2679","1515","1369","2043","778","3081","2019","1280","1522","2441","13564","0","13564"
"20203","11620655","신원동","18283","9202","9081","1608","4229","3264","2402","2484","4296","803","2163","1878","1303","1190","1865","805","2066","1386","1099","1294","2431","10359","0","10359"
"20203","11620665","서림동","25430","13939","11491","2309","6090","5058","3543","3333","5097","1200","3417","3106","2095","1756","2365","1109","2673","1952","1448","1577","2732","14979","0","14979"
"20203","11620685","신사동","22805","11437","11368","2169","5481","4042","3122","3308","4683","1177","2592","2266","1575","1664","2163","992","2889","1776","1547","1644","2520","13177","0","13177"
"20203","11620695","신림동","21621","10984","10637","947","8072","5757","2410","1747","2688","463","3762","3187","1392","930","1250","484","4310","2570","1018","817","1438","16681","0","16681"
"20203","11620715","난향동","16264","8023","8241","2875","1735","2114","3095","2596","3849","1460","903","1039","1578","1301","1742","1415","832","1075","1517","1295","2107","6444","0","6444"
"20203","11620725","조원동","17381","8823","8558","1622","3847","3318","2283","2498","3813","838","1711","1868","1254","1326","1826","784","2136","1450","1029","1172","1987","10208","0","10208"
"20203","11620735","대학동","24097","14468","9629","1984","6440","4851","3676","3134","4012","1036","3886","3248","2463","1911","1924","948","2554","1603","1213","1223","2088","16074","0","16074"
"20203","11620745","삼성동","25120","12630","12490","2798","3166","2956","3769","4522","7909","1492","1704","1661","2017","2256","3500","1306","1462","1295","1752","2266","4409","11450","0","11450"
"20203","11620765","미성동","31961","15654","16307","4469","4909","4577","4918","5196","7892","2231","2444","2370","2506","2469","3634","2238","2465","2207","2412","2727","4258","14069","0","14069"
"20203","11620775","난곡동","28076","14133","13943","3548","4151","3836","4203","5077","7261","1855","2181","2092","2199","2460","3346","1693","1970","1744","2004","2617","3915","12746","0","12746"
"20203","11650510","서초1동","21364","10310","11054","3614","2894","3810","3866","2939","4241","1900","1427","1715","1861","1435","1972","1714","1467","2095","2005","1504","2269","9376","0","9376"
"20203","11650520","서초2동","18390","8750","9640","3162","2656","3757","3266","2414","3135","1617","1200","1718","1555","1207","1453","1545","1456","2039","1711","1207","1682","8345","0","8345"
"20203","11650530","서초3동","30335","14835","15500","4463","4933","4892","4847","4715","6485","2463","2387","2334","2297","2287","3067","2000","2546","2558","2550","2428","3418","13294","0","13294"
"20203","11650531","서초4동","31104","15101","16003","7269","3639","3940","6356","4546","5354","3778","1738","1682","2994","2362","2547","3491","1901","2258","3362","2184","2807","10668","0","10668"
"20203","11650540","잠원동","33603","15961","17642","6473","4416","5185","6473","5316","5740","3364","2109","2359","2946","2614","2569","3109","2307","2826","3527","2702","3171","13628","0","13628"
"20203","11650550","반포본동","12084","5676","6408","2598","1519","941","2409","2065","2552","1276","751","415","997","1073","1164","1322","768","526","1412","992","1388","4134","0","4134"
"20203","11650560","반포1동","30491","14657","15834","6096","4185","5395","6197","3818","4800","3062","1904","2423","3128","1965","2175","3034","2281","2972","3069","1853","2625","13583","0","13583"
"20203","11650570","반포2동","16177","7721","8456","4670","1385","1711","3750","2049","2612","2385","689","670","1734","1081","1162","2285","696","1041","2016","968","1450","5121","0","5121"
"20203","11650580","반포3동","18406","8696","9710","4160","2055","2283","3914","2765","3229","2129","1029","988","1779","1380","1391","2031","1026","1295","2135","1385","1838","6434","0","6434"
"20203","11650581","반포4동","19576","9239","10337","3953","2404","2888","3563","2824","3944","2070","1152","1281","1608","1353","1775","1883","1252","1607","1955","1471","2169","7283","0","7283"
"20203","11650590","방배본동","21317","9931","11386","4442","2667","2513","4069","3435","4191","2160","1251","1107","1783","1736","1894","2282","1416","1406","2286","1699","2297","7857","0","7857"
"20203","11650600","방배1동","17339","8143","9196","2572","2539","3098","2862","2424","3844","1342","1206","1401","1334","1116","1744","1230","1333","1697","1528","1308","2100","7580","0","7580"
"20203","11650610","방배2동","20781","9776","11005","2954","3024","3257","3160","3301","5085","1539","1449","1512","1501","1483","2292","1415","1575","1745","1659","1818","2793","8765","0","8765"
"20203","11650620","방배3동","22141","10669","11472","3552","2993","3095","3361","3679","5461","1819","1554","1477","1533","1711","2575","1733","1439","1618","1828","1968","2886","8366","0","8366"
"20203","11650621","방배4동","23764","10931","12833","4350","3267","3706","4351","3497","4593","2079","1441","1678","1954","1683","2096","2271","1826","2028","2397","1814","2497","9727","0","9727"
"20203","11650651","양재1동","45153","21615","23538","8854","5442","7269","7847","6280","9461","4556","2681","3441","3859","2942","4136","4298","2761","3828","3988","3338","5325","18052","0","18052"
"20203","11650652","양재2동","22891","11514","11377","3275","3486","4643","3970","3319","4198","1704","1789","2411","2064","1633","1913","1571","1697","2232","1906","1686","2285","10734","0","10734"
"20203","11650660","내곡동","18146","8790","9356","3475","1947","3059","2949","2457","4259","1727","1018","1413","1509","1142","1981","1748","929","1646","1440","1315","2278","7181","0","7181"
"20203","11680510","신사동","17320","8049","9271","2814","2385","2569","3172","2474","3906","1436","1087","1128","1422","1227","1749","1378","1298","1441","1750","1247","2157","7464","0","7464"
"20203","11680521","논현1동","23122","10755","12367","1717","4578","5986","3825","2813","4203","852","2031","2765","1863","1356","1888","865","2547","3221","1962","1457","2315","14200","0","14200"
"20203","11680531","논현2동","21554","10024","11530","2561","3489","4696","3709","2859","4240","1329","1575","2074","1796","1379","1871","1232","1914","2622","1913","1480","2369","11305","0","11305"
"20203","11680545","압구정동","27528","12625","14903","5144","3257","3642","5002","3904","6579","2474","1520","1559","2274","1889","2909","2670","1737","2083","2728","2015","3670","10665","0","10665"
"20203","11680565","청담동","29706","13957","15749","4941","4268","4958","5094","4518","5927","2612","2013","2160","2345","2116","2711","2329","2255","2798","2749","2402","3216","12480","0","12480"
"20203","11680580","삼성1동","14671","7305","7366","2397","2091","2201","2425","2419","3138","1384","1141","1037","1111","1156","1476","1013","950","1164","1314","1263","1662","5916","0","5916"
"20203","11680590","삼성2동","30227","14413","15814","6000","3924","5308","6433","3945","4617","3258","1904","2222","2968","1988","2073","2742","2020","3086","3465","1957","2544","13326","0","13326"
"20203","11680600","대치1동","25282","12681","12601","7645","2636","1690","6222","3803","3286","4259","1322","644","2748","2113","1595","3386","1314","1046","3474","1690","1691","7413","0","7413"
"20203","11680610","대치2동","38520","19563","18957","8591","5396","3408","7573","6914","6638","4998","2910","1593","3214","3626","3222","3593","2486","1815","4359","3288","3416","12926","0","12926"
"20203","11680630","대치4동","20602","9755","10847","3493","3464","3403","4159","3207","2876","1864","1675","1531","1803","1597","1285","1629","1789","1872","2356","1610","1591","10232","0","10232"
"20203","11680640","역삼1동","36033","17387","18646","2759","7661","10184","5913","4218","5298","1359","3343","4993","3019","2180","2493","1400","4318","5191","2894","2038","2805","23598","0","23598"
"20203","11680650","역삼2동","36341","17105","19236","8476","4504","5255","8520","4671","4915","4173","1998","2260","3952","2536","2186","4303","2506","2995","4568","2135","2729","15011","0","15011"
"20203","11680655","도곡1동","21755","10294","11461","4036","3057","3354","3776","3399","4133","1908","1451","1518","1793","1620","2004","2128","1606","1836","1983","1779","2129","8347","0","8347"
"20203","11680656","도곡2동","34327","15935","18392","7795","4151","3887","6666","5473","6355","3669","1902","1613","2934","2776","3041","4126","2249","2274","3732","2697","3314","11821","0","11821"
"20203","11680660","개포1동","6921","3349","3572","1003","864","729","971","1181","2173","488","440","337","468","593","1023","515","424","392","503","588","1150","2745","0","2745"
"20203","11680670","개포2동","21595","10432","11163","4115","2939","2827","3545","3797","4372","2046","1482","1369","1577","1868","2090","2069","1457","1458","1968","1929","2282","7799","0","7799"
"20203","11680690","개포4동","18123","8895","9228","2843","2663","2815","3025","3127","3650","1467","1362","1413","1457","1511","1685","1376","1301","1402","1568","1616","1965","7666","0","7666"
"20203","11680700","세곡동","44930","21448","23482","9603","5413","7367","7670","6081","8796","4828","2618","3403","3783","2964","3852","4775","2795","3964","3887","3117","4944","17779","0","17779"
"20203","11680720","일원본동","24381","11972","12409","5828","2692","3205","4639","3718","4299","3247","1405","1455","2147","1791","1927","2581","1287","1750","2492","1927","2372","8187","0","8187"
"20203","11680730","일원1동","16264","7956","8308","2097","2368","2413","2251","2684","4451","1136","1219","1265","1137","1268","1931","961","1149","1148","1114","1416","2520","7500","0","7500"
"20203","11680740","일원2동","18064","8717","9347","3167","2001","2715","3145","2671","4365","1820","1060","1284","1515","1302","1736","1347","941","1431","1630","1369","2629","7342","0","7342"
"20203","11680750","수서동","15915","7306","8609","1427","1752","2567","1757","2445","5967","708","924","1305","930","1081","2358","719","828","1262","827","1364","3609","7868","0","7868"
"20203","11710510","풍납1동","14711","7285","7426","1783","1892","2205","2132","2588","4111","938","994","1169","1083","1229","1872","845","898","1036","1049","1359","2239","6579","0","6579"
"20203","11710520","풍납2동","24414","11596","12818","3998","3696","4007","3938","3591","5184","2045","1627","1874","1887","1736","2427","1953","2069","2133","2051","1855","2757","10396","0","10396"
"20203","11710531","거여1동","13193","6726","6467","1866","1868","1740","2100","2393","3226","973","1028","918","1041","1211","1555","893","840","822","1059","1182","1671","5501","0","5501"
"20203","11710532","거여2동","16804","8275","8529","2579","1902","2283","2752","2906","4382","1354","995","1182","1342","1428","1974","1225","907","1101","1410","1478","2408","7154","0","7154"
"20203","11710540","마천1동","20581","10529","10052","2907","2558","2395","3150","3702","5869","1497","1355","1296","1638","1973","2770","1410","1203","1099","1512","1729","3099","9061","0","9061"
"20203","11710550","마천2동","20030","10173","9857","2581","2559","2371","2956","3906","5657","1324","1388","1292","1551","1990","2628","1257","1171","1079","1405","1916","3029","8663","0","8663"
"20203","11710561","방이1동","16384","7907","8477","2943","2499","2305","2776","2749","3112","1512","1253","1123","1250","1313","1456","1431","1246","1182","1526","1436","1656","6233","0","6233"
"20203","11710562","방이2동","25553","12234","13319","2738","4608","5672","3694","3790","5051","1483","2071","2762","1842","1739","2337","1255","2537","2910","1852","2051","2714","13455","0","13455"
"20203","11710566","오륜동","18915","9307","9608","4336","2328","1857","3495","3168","3731","2383","1214","774","1562","1564","1810","1953","1114","1083","1933","1604","1921","5970","0","5970"
"20203","11710570","오금동","40806","19860","20946","6586","5877","6104","6026","7216","8997","3453","3048","3012","2791","3392","4164","3133","2829","3092","3235","3824","4833","15791","0","15791"
"20203","11710580","송파1동","25549","12037","13512","2913","4634","5693","3567","3763","4979","1446","2120","2756","1678","1714","2323","1467","2514","2937","1889","2049","2656","12413","0","12413"
"20203","11710590","송파2동","20644","9969","10675","3677","3022","3073","3125","3438","4309","1909","1441","1471","1489","1626","2033","1768","1581","1602","1636","1812","2276","7378","0","7378"
"20203","11710600","석촌동","33503","16070","17433","4002","5695","7336","5087","4987","6396","2068","2602","3585","2498","2394","2923","1934","3093","3751","2589","2593","3473","16901","0","16901"
"20203","11710610","삼전동","32314","15421","16893","4072","5369","6963","5403","4706","5801","2112","2494","3439","2620","2164","2592","1960","2875","3524","2783","2542","3209","16287","0","16287"
"20203","11710620","가락본동","27536","13635","13901","3769","4422","4949","3999","4875","5522","1944","2176","2499","1984","2363","2669","1825","2246","2450","2015","2512","2853","11890","0","11890"
"20203","11710631","가락1동","27396","13344","14052","5372","3784","5504","4174","4013","4549","2790","1835","2647","2038","1877","2157","2582","1949","2857","2136","2136","2392","9766","0","9766"
"20203","11710632","가락2동","33685","16517","17168","6491","4763","5071","5770","5396","6194","3394","2390","2449","2776","2580","2928","3097","2373","2622","2994","2816","3266","12298","0","12298"
"20203","11710641","문정1동","20832","10339","10493","3012","3374","3660","2890","3540","4356","1571","1685","1905","1416","1648","2114","1441","1689","1755","1474","1892","2242","8454","0","8454"
"20203","11710642","문정2동","30399","14169","16230","3480","5447","7983","4384","3657","5448","1774","2177","3731","2119","1745","2623","1706","3270","4252","2265","1912","2825","15698","0","15698"
"20203","11710646","장지동","32810","15864","16946","5886","4521","5174","5209","5529","6491","2983","2319","2576","2532","2583","2871","2903","2202","2598","2677","2946","3620","12928","0","12928"
"20203","11710647","위례동","28329","13801","14528","8249","2803","5245","5553","3279","3200","4133","1398","2391","2850","1625","1404","4116","1405","2854","2703","1654","1796","9053","0","9053"
"20203","11710650","잠실본동","28956","13706","15250","3388","5129","6230","4593","4205","5411","1719","2342","3001","2204","1980","2460","1669","2787","3229","2389","2225","2951","15115","0","15115"
"20203","11710670","잠실2동","36652","17487","19165","10396","3296","4575","8955","4597","4833","5243","1533","1822","4242","2476","2171","5153","1763","2753","4713","2121","2662","11974","0","11974"
"20203","11710680","잠실3동","35888","17098","18790","7485","4214","4842","6311","5348","7688","3853","2011","2118","2913","2572","3631","3632","2203","2724","3398","2776","4057","12188","0","12188"
"20203","11710690","잠실4동","22193","10718","11475","5414","2088","3506","4389","2902","3894","2802","1053","1474","2157","1426","1806","2612","1035","2032","2232","1476","2088","7501","0","7501"
"20203","11710710","잠실6동","17264","8233","9031","3194","2125","2554","2686","2693","4012","1642","1037","1168","1208","1270","1908","1552","1088","1386","1478","1423","2104","5933","0","5933"
"20203","11710720","잠실7동","10189","4744","5445","1775","1307","1132","1510","1676","2789","798","621","507","675","821","1322","977","686","625","835","855","1467","3477","0","3477"
"20203","11740515","강일동","31985","15481","16504","7260","3943","3402","5663","4995","6722","3719","1994","1549","2734","2469","3016","3541","1949","1853","2929","2526","3706","11148","0","11148"
"20203","11740520","상일동","10654","5325","5329","1823","1413","1316","1572","2020","2510","964","780","672","734","989","1186","859","633","644","838","1031","1324","4078","0","4078"
"20203","11740530","명일1동","21639","10586","11053","3839","2823","3007","3481","3611","4878","1996","1482","1526","1630","1693","2259","1843","1341","1481","1851","1918","2619","8071","0","8071"
"20203","11740540","명일2동","17726","8766","8960","3826","2302","1885","3137","2945","3631","2048","1195","917","1403","1446","1757","1778","1107","968","1734","1499","1874","5973","0","5973"
"20203","11740550","고덕1동","26937","13682","13255","6777","2697","4090","5434","3669","4270","3706","1476","1903","2734","1873","1990","3071","1221","2187","2700","1796","2280","9046","0","9046"
"20203","11740560","고덕2동","6923","3676","3247","783","889","735","982","1401","2133","414","528","415","535","769","1015","369","361","320","447","632","1118","3265","0","3265"
"20203","11740570","암사1동","36325","18025","18300","5289","4951","5667","5763","6162","8493","2721","2567","2929","2922","3039","3847","2568","2384","2738","2841","3123","4646","16097","0","16097"
"20203","11740580","암사2동","14471","7075","7396","2263","1927","2634","2326","2171","3150","1162","973","1309","1150","1044","1437","1101","954","1325","1176","1127","1713","5930","0","5930"
"20203","11740590","암사3동","18657","9130","9527","4101","2064","2708","3335","2728","3721","2094","1057","1237","1669","1305","1768","2007","1007","1471","1666","1423","1953","6355","0","6355"
"20203","11740600","천호1동","28069","13871","14198","3568","3942","4212","4196","4844","7307","1826","1983","2225","2177","2313","3347","1742","1959","1987","2019","2531","3960","12768","0","12768"
"20203","11740610","천호2동","34709","17274","17435","3929","4883","6224","5139","6061","8473","2040","2370","3233","2670","3069","3892","1889","2513","2991","2469","2992","4581","17425","0","17425"
"20203","11740620","천호3동","27361","13519","13842","3053","3979","4858","3983","4596","6892","1551","1870","2435","2095","2338","3230","1502","2109","2423","1888","2258","3662","13569","0","13569"
"20203","11740640","성내1동","20451","9903","10548","3498","2732","3357","3449","3114","4301","1794","1358","1621","1689","1476","1965","1704","1374","1736","1760","1638","2336","8126","0","8126"
"20203","11740650","성내2동","24392","12087","12305","2519","3812","4391","3642","4021","6007","1292","1795","2308","1892","1995","2805","1227","2017","2083","1750","2026","3202","12458","0","12458"
"20203","11740660","성내3동","23646","11720","11926","3390","3604","3648","3686","4055","5263","1941","1864","1861","1794","1904","2356","1449","1740","1787","1892","2151","2907","10286","0","10286"
"20203","11740685","길동","45987","22534","23453","6003","6890","7408","6965","7661","11060","3180","3348","3765","3549","3588","5104","2823","3542","3643","3416","4073","5956","20473","0","20473"
"20203","11740690","둔촌1동","268","128","140","15","20","28","51","35","119","9","10","16","25","18","50","6","10","12","26","17","69","164","0","164"
"20203","11740700","둔촌2동","27648","13656","13992","4390","4034","4074","4098","4694","6358","2331","2053","2051","2006","2235","2980","2059","1981","2023","2092","2459","3378","11207","0","11207"
"20204","11110515","청운효자동","12434","5780","6654","1993","1594","1697","2148","1979","3023","1046","793","780","967","919","1275","947","801","917","1181","1060","1748","5352","0","5352"
"20204","11110530","사직동","9524","4267","5257","1267","1238","1443","1476","1562","2538","601","568","619","659","700","1120","666","670","824","817","862","1418","4758","0","4758"
"20204","11110540","삼청동","2635","1271","1364","295","320","360","369","413","878","157","171","177","178","205","383","138","149","183","191","208","495","1340","0","1340"
"20204","11110550","부암동","10015","4765","5250","1479","1340","1236","1628","1723","2609","778","689","588","755","782","1173","701","651","648","873","941","1436","4389","0","4389"
"20204","11110560","평창동","18390","8553","9837","2815","2450","2233","2767","3266","4859","1428","1248","1032","1222","1474","2149","1387","1202","1201","1545","1792","2710","7519","0","7519"
"20204","11110570","무악동","8541","3977","4564","1707","935","941","1505","1419","2034","779","431","427","709","744","887","928","504","514","796","675","1147","3189","0","3189"
"20204","11110580","교남동","10466","4838","5628","1725","1272","1709","1852","1615","2293","844","603","790","873","776","952","881","669","919","979","839","1341","4594","0","4594"
"20204","11110600","가회동","4325","2003","2322","544","493","573","767","685","1263","289","232","266","363","315","538","255","261","307","404","370","725","2075","0","2075"
"20204","11110615","종로1?2?3?4가동","7242","4344","2898","394","878","939","959","1338","2734","208","460","528","598","942","1608","186","418","411","361","396","1126","5274","0","5274"
"20204","11110630","종로5?6가동","5219","2821","2398","348","1066","704","586","977","1538","171","543","407","350","554","796","177","523","297","236","423","742","3392","0","3392"
"20204","11110640","이화동","7603","3575","4028","664","1686","1243","974","1107","1929","323","780","606","489","545","832","341","906","637","485","562","1097","4433","0","4433"
"20204","11110650","혜화동","16799","8091","8708","2001","4486","2077","2295","2302","3638","989","2213","1103","1098","1110","1578","1012","2273","974","1197","1192","2060","9367","0","9367"
"20204","11110670","창신1동","5129","2771","2358","372","612","538","637","1112","1858","195","334","311","327","622","982","177","278","227","310","490","876","2960","0","2960"
"20204","11110680","창신2동","8326","4290","4036","754","1169","895","1105","1832","2571","403","631","520","572","978","1186","351","538","375","533","854","1385","4184","0","4184"
"20204","11110690","창신3동","6921","3393","3528","907","966","962","956","1290","1840","460","522","466","462","630","853","447","444","496","494","660","987","2911","0","2911"
"20204","11110700","숭인1동","6080","2963","3117","648","807","829","943","1147","1706","312","420","428","494","565","744","336","387","401","449","582","962","3038","0","3038"
"20204","11110710","숭인2동","9700","4913","4787","621","2093","1564","1262","1677","2483","312","864","859","712","913","1253","309","1229","705","550","764","1230","6160","0","6160"
"20204","11140520","소공동","2073","1027","1046","280","219","421","449","307","397","126","90","206","241","158","206","154","129","215","208","149","191","1130","0","1130"
"20204","11140540","회현동","5124","2713","2411","393","509","537","665","968","2052","191","226","253","365","569","1109","202","283","284","300","399","943","3014","0","3014"
"20204","11140550","명동","2766","1177","1589","205","279","339","418","494","1031","108","130","164","182","206","387","97","149","175","236","288","644","1414","0","1414"
"20204","11140570","필동","4038","2083","1955","361","727","624","493","611","1222","194","369","345","274","347","554","167","358","279","219","264","668","2408","0","2408"
"20204","11140580","장충동","4665","2358","2307","472","1255","665","562","595","1116","239","672","349","300","300","498","233","583","316","262","295","618","2753","0","2753"
"20204","11140590","광희동","5204","2697","2507","330","890","815","636","874","1659","171","381","454","355","497","839","159","509","361","281","377","820","3279","0","3279"
"20204","11140605","을지로동","1959","1159","800","94","266","350","208","326","715","39","113","208","134","229","436","55","153","142","74","97","279","1504","0","1504"
"20204","11140615","신당동","7698","3852","3846","564","1368","1310","1054","1396","2006","270","654","666","572","744","946","294","714","644","482","652","1060","4635","0","4635"
"20204","11140625","다산동","14154","6850","7304","1392","2367","2249","2054","2295","3797","735","1146","1173","1037","1088","1671","657","1221","1076","1017","1207","2126","6915","0","6915"
"20204","11140635","약수동","17127","8063","9064","2082","2019","2422","2464","2844","5296","1035","1013","1142","1226","1352","2295","1047","1006","1280","1238","1492","3001","7802","0","7802"
"20204","11140645","청구동","14045","6664","7381","1656","2015","2203","1950","2371","3850","828","980","1101","953","1145","1657","828","1035","1102","997","1226","2193","6400","0","6400"
"20204","11140650","신당5동","10518","5116","5402","1127","1672","1748","1550","1869","2552","566","773","883","787","982","1125","561","899","865","763","887","1427","5386","0","5386"
"20204","11140665","동화동","10659","5140","5519","1596","1436","1344","1595","1957","2731","837","708","621","779","942","1253","759","728","723","816","1015","1478","4170","0","4170"
"20204","11140670","황학동","12570","5998","6572","1255","2086","2794","1829","1784","2822","639","874","1376","899","909","1301","616","1212","1418","930","875","1521","6918","0","6918"
"20204","11140680","중림동","12288","6125","6163","1794","1453","2254","2037","1944","2806","924","711","1073","1080","1004","1333","870","742","1181","957","940","1473","5647","0","5647"
"20204","11170510","후암동","17736","8616","9120","2243","2606","2834","2810","2871","4372","1206","1315","1477","1347","1399","1872","1037","1291","1357","1463","1472","2500","8724","0","8724"
"20204","11170520","용산2가동","9925","4771","5154","890","1548","1728","1381","1447","2931","458","805","893","707","670","1238","432","743","835","674","777","1693","5384","0","5384"
"20204","11170530","남영동","7618","4636","2982","452","957","1041","1101","1625","2442","238","455","555","710","1144","1534","214","502","486","391","481","908","5384","0","5384"
"20204","11170555","청파동","19837","9323","10514","1842","4244","3115","2758","3135","4743","954","1696","1686","1393","1553","2041","888","2548","1429","1365","1582","2702","11102","0","11102"
"20204","11170560","원효로1동","16085","7749","8336","2188","2447","3698","2630","2210","2912","1121","1036","1809","1356","1093","1334","1067","1411","1889","1274","1117","1578","8035","0","8035"
"20204","11170570","원효로2동","14197","6674","7523","2193","1857","2069","2306","2349","3423","968","872","1048","1127","1161","1498","1225","985","1021","1179","1188","1925","6038","0","6038"
"20204","11170580","효창동","10191","4829","5362","1535","1574","1858","1571","1559","2094","792","733","902","744","749","909","743","841","956","827","810","1185","4373","0","4373"
"20204","11170590","용문동","12297","5862","6435","1600","1849","2023","1852","1974","2999","818","885","989","912","975","1283","782","964","1034","940","999","1716","5438","0","5438"
"20204","11170625","한강로동","19846","9585","10261","2117","3124","4016","2797","3365","4427","1107","1404","1912","1367","1665","2130","1010","1720","2104","1430","1700","2297","10405","0","10405"
"20204","11170630","이촌1동","28160","13165","14995","5655","3004","3670","4920","4593","6318","2902","1468","1637","2205","2205","2748","2753","1536","2033","2715","2388","3570","10344","0","10344"
"20204","11170640","이촌2동","8729","4103","4626","1077","965","1469","1258","1406","2554","552","476","745","620","652","1058","525","489","724","638","754","1496","3847","0","3847"
"20204","11170650","이태원1동","6926","3294","3632","516","1054","1152","884","1130","2190","259","544","635","431","527","898","257","510","517","453","603","1292","3935","0","3935"
"20204","11170660","이태원2동","9269","4266","5003","924","1400","1658","1420","1298","2569","459","686","825","674","583","1039","465","714","833","746","715","1530","5025","0","5025"
"20204","11170685","한남동","21151","10175","10976","2336","2782","4033","3373","3289","5338","1216","1398","1985","1674","1573","2329","1120","1384","2048","1699","1716","3009","11412","0","11412"
"20204","11170690","서빙고동","13196","6333","6863","2260","1801","1525","2470","2221","2919","1147","890","741","1166","1113","1276","1113","911","784","1304","1108","1643","5326","0","5326"
"20204","11170700","보광동","14218","7045","7173","1259","2232","2158","2093","2490","3986","700","1252","1191","1051","1220","1631","559","980","967","1042","1270","2355","7784","0","7784"
"20204","11200520","왕십리2동","17081","8307","8774","2432","2503","2939","2650","2746","3811","1247","1195","1474","1325","1327","1739","1185","1308","1465","1325","1419","2072","7629","0","7629"
"20204","11200535","왕십리도선동","27086","12915","14171","3947","4406","4765","4037","4411","5520","2018","2036","2224","2026","2092","2519","1929","2370","2541","2011","2319","3001","12023","0","12023"
"20204","11200540","마장동","22773","11240","11533","2826","4369","3275","3017","3712","5574","1427","2179","1689","1533","1816","2596","1399","2190","1586","1484","1896","2978","10912","0","10912"
"20204","11200550","사근동","11920","6090","5830","1201","4632","1592","1152","1286","2057","564","2509","889","601","633","894","637","2123","703","551","653","1163","7801","0","7801"
"20204","11200560","행당1동","14071","6791","7280","2003","2218","2282","2168","2273","3127","986","1081","1120","1048","1107","1449","1017","1137","1162","1120","1166","1678","6455","0","6455"
"20204","11200570","행당2동","24054","11286","12768","3931","3028","3708","4081","3923","5383","1875","1425","1760","1971","1919","2336","2056","1603","1948","2110","2004","3047","9483","0","9483"
"20204","11200580","응봉동","15758","7475","8283","2869","1754","2248","2936","2483","3468","1427","868","1094","1400","1209","1477","1442","886","1154","1536","1274","1991","6128","0","6128"
"20204","11200590","금호1가동","15703","7515","8188","2366","1819","2758","2549","2383","3828","1219","909","1282","1304","1146","1655","1147","910","1476","1245","1237","2173","6713","0","6713"
"20204","11200615","금호2?3가동","23406","11157","12249","3246","2931","4172","3755","3692","5610","1657","1483","1996","1844","1765","2412","1589","1448","2176","1911","1927","3198","10318","0","10318"
"20204","11200620","금호4가동","14708","7034","7674","2349","1510","2808","2574","2119","3348","1212","769","1316","1279","1037","1421","1137","741","1492","1295","1082","1927","6460","0","6460"
"20204","11200645","옥수동","26675","12414","14261","4247","3013","5092","4504","3943","5876","2150","1377","2265","2223","1827","2572","2097","1636","2827","2281","2116","3304","11091","0","11091"
"20204","11200650","성수1가1동","16575","8293","8282","2156","2555","2909","2406","3050","3499","1134","1335","1452","1163","1548","1661","1022","1220","1457","1243","1502","1838","7671","0","7671"
"20204","11200660","성수1가2동","13438","6602","6836","1677","2149","2476","2094","2055","2987","848","1052","1204","1019","1068","1411","829","1097","1272","1075","987","1576","6504","0","6504"
"20204","11200670","성수2가1동","16593","8680","7913","1727","2345","2616","2324","3148","4433","895","1253","1423","1226","1713","2170","832","1092","1193","1098","1435","2263","8455","0","8455"
"20204","11200690","성수2가3동","11147","5651","5496","1109","2015","1961","1458","1845","2759","563","936","1041","746","987","1378","546","1079","920","712","858","1381","5700","0","5700"
"20204","11200720","송정동","10729","5665","5064","1133","1712","1647","1557","1963","2717","602","888","897","856","1075","1347","531","824","750","701","888","1370","5572","0","5572"
"20204","11200790","용답동","11806","6233","5573","1041","2074","1656","1752","2196","3087","534","965","898","1008","1298","1530","507","1109","758","744","898","1557","6872","0","6872"
"20204","11215710","화양동","22632","10720","11912","1087","9645","4383","2184","2090","3243","508","4133","2295","1217","1105","1462","579","5512","2088","967","985","1781","17039","0","17039"
"20204","11215730","군자동","19923","9831","10092","1936","4484","3639","2628","2895","4341","1006","2121","1868","1376","1458","2002","930","2363","1771","1252","1437","2339","11155","0","11155"
"20204","11215740","중곡1동","16176","7887","8289","1601","2880","3068","2253","2606","3768","833","1317","1558","1163","1279","1737","768","1563","1510","1090","1327","2031","8508","0","8508"
"20204","11215750","중곡2동","21787","10306","11481","2595","3874","3899","2982","3549","4888","1317","1730","1890","1472","1666","2231","1278","2144","2009","1510","1883","2657","10545","0","10545"
"20204","11215760","중곡3동","16644","8257","8387","1716","2705","2744","2320","2910","4249","898","1343","1436","1184","1434","1962","818","1362","1308","1136","1476","2287","8551","0","8551"
"20204","11215770","중곡4동","29181","14304","14877","3400","4472","4348","4146","5276","7539","1807","2245","2176","2108","2509","3459","1593","2227","2172","2038","2767","4080","13163","0","13163"
"20204","11215780","능동","11615","5328","6287","1133","2404","2672","1643","1413","2350","586","1010","1195","829","652","1056","547","1394","1477","814","761","1294","6510","0","6510"
"20204","11215810","광장동","35430","17108","18322","8824","4147","3834","7693","5468","5464","4537","2056","1650","3547","2785","2533","4287","2091","2184","4146","2683","2931","12065","0","12065"
"20204","11215820","자양1동","22775","10942","11833","2529","4391","3787","3382","3627","5059","1286","2068","1901","1692","1749","2246","1243","2323","1886","1690","1878","2813","11855","0","11855"
"20204","11215830","자양2동","25646","12492","13154","3521","3864","3931","4043","4283","6004","1842","1919","1942","2003","2004","2782","1679","1945","1989","2040","2279","3222","11214","0","11214"
"20204","11215840","자양3동","28690","13776","14914","4975","3957","4335","4594","4673","6156","2475","1946","2052","2154","2253","2896","2500","2011","2283","2440","2420","3260","11170","0","11170"
"20204","11215847","자양4동","17745","8826","8919","1591","2702","2606","2453","3099","5294","778","1318","1404","1283","1625","2418","813","1384","1202","1170","1474","2876","9474","0","9474"
"20204","11215850","구의1동","22038","10524","11514","2045","4832","4230","3213","3188","4530","1031","2215","2122","1605","1546","2005","1014","2617","2108","1608","1642","2525","12108","0","12108"
"20204","11215860","구의2동","26958","12964","13994","4138","3771","3883","4354","4526","6286","2097","1851","1942","2110","2165","2799","2041","1920","1941","2244","2361","3487","11685","0","11685"
"20204","11215870","구의3동","29306","13933","15373","4413","4769","4624","4570","4898","6032","2193","2235","2247","2122","2339","2797","2220","2534","2377","2448","2559","3235","12201","0","12201"
"20204","11230536","용신동","31118","15778","15340","2704","6129","5357","4225","4670","8033","1414","2903","2806","2318","2502","3835","1290","3226","2551","1907","2168","4198","18390","0","18390"
"20204","11230545","제기동","24935","12789","12146","2428","4415","3263","3125","3836","7868","1253","2406","1820","1709","2020","3581","1175","2009","1443","1416","1816","4287","13286","0","13286"
"20204","11230560","전농1동","30150","15129","15021","3806","4675","4382","4328","4909","8050","1928","2377","2263","2273","2519","3769","1878","2298","2119","2055","2390","4281","15185","0","15185"
"20204","11230570","전농2동","19195","9231","9964","2975","2383","2304","3059","3296","5178","1480","1200","1161","1479","1613","2298","1495","1183","1143","1580","1683","2880","7805","0","7805"
"20204","11230600","답십리1동","29090","14088","15002","4716","4011","5271","4716","4287","6089","2398","1865","2506","2451","2089","2779","2318","2146","2765","2265","2198","3310","12898","0","12898"
"20204","11230610","답십리2동","29220","14189","15031","3839","3839","4490","4234","4976","7842","1921","1922","2288","2131","2430","3497","1918","1917","2202","2103","2546","4345","12848","0","12848"
"20204","11230650","장안1동","38693","19230","19463","5173","5285","6342","6384","6071","9438","2659","2517","3272","3325","3000","4457","2514","2768","3070","3059","3071","4981","18258","0","18258"
"20204","11230660","장안2동","33005","16505","16500","5728","3880","5160","5777","4941","7519","3020","2014","2570","2951","2476","3474","2708","1866","2590","2826","2465","4045","14016","0","14016"
"20204","11230705","청량리동","19830","9886","9944","1906","2316","2220","2536","3474","7378","987","1232","1196","1336","1766","3369","919","1084","1024","1200","1708","4009","10036","0","10036"
"20204","11230710","회기동","10447","5009","5438","1150","3163","1480","1327","1232","2095","573","1490","795","651","623","877","577","1673","685","676","609","1218","6296","0","6296"
"20204","11230720","휘경1동","13616","6578","7038","1569","3278","2177","1698","1933","2961","793","1452","1131","876","961","1365","776","1826","1046","822","972","1596","7186","0","7186"
"20204","11230730","휘경2동","24296","12051","12245","3314","5327","3015","3532","3537","5571","1618","2840","1606","1741","1741","2505","1696","2487","1409","1791","1796","3066","11851","0","11851"
"20204","11230740","이문1동","18532","9220","9312","1993","4775","2170","2439","2613","4542","1009","2386","1233","1245","1348","1999","984","2389","937","1194","1265","2543","10572","0","10572"
"20204","11230750","이문2동","20461","9917","10544","3111","2843","2518","3208","3420","5361","1559","1373","1262","1605","1709","2409","1552","1470","1256","1603","1711","2952","8712","0","8712"
"20204","11260520","면목2동","24773","12340","12433","2884","3381","3293","3687","4931","6597","1440","1677","1740","1950","2517","3016","1444","1704","1553","1737","2414","3581","12298","0","12298"
"20204","11260540","면목4동","18750","9350","9400","2207","2472","2623","2927","3238","5283","1158","1283","1376","1564","1612","2357","1049","1189","1247","1363","1626","2926","8959","0","8959"
"20204","11260550","면목5동","15170","7642","7528","2296","1864","2772","2316","2575","3347","1164","953","1399","1253","1307","1566","1132","911","1373","1063","1268","1781","6602","0","6602"
"20204","11260565","면목본동","34313","17041","17272","3553","5321","5289","5041","6298","8811","1792","2699","2779","2642","3102","4027","1761","2622","2510","2399","3196","4784","17765","0","17765"
"20204","11260570","면목7동","22366","11210","11156","2455","3128","3426","3182","3927","6248","1318","1596","1763","1693","1906","2934","1137","1532","1663","1489","2021","3314","10708","0","10708"
"20204","11260575","면목3?8동","25508","12676","12832","2598","3810","3613","3513","4721","7253","1334","1920","1926","1840","2301","3355","1264","1890","1687","1673","2420","3898","12759","0","12759"
"20204","11260580","상봉1동","24775","12114","12661","3851","3574","3649","3602","4416","5683","2032","1762","1843","1764","2121","2592","1819","1812","1806","1838","2295","3091","10297","0","10297"
"20204","11260590","상봉2동","19882","9674","10208","1606","4048","4117","2622","3103","4386","839","1702","2111","1380","1564","2078","767","2346","2006","1242","1539","2308","11702","0","11702"
"20204","11260600","중화1동","20232","9911","10321","2627","2925","3217","2837","3381","5245","1333","1436","1670","1488","1575","2409","1294","1489","1547","1349","1806","2836","9121","0","9121"
"20204","11260610","중화2동","25562","13123","12439","2236","3772","3694","3501","4968","7391","1192","1871","1974","1887","2635","3564","1044","1901","1720","1614","2333","3827","13880","0","13880"
"20204","11260620","묵1동","35402","17135","18267","5518","4995","4950","5894","5553","8492","2814","2401","2449","2911","2669","3891","2704","2594","2501","2983","2884","4601","14972","0","14972"
"20204","11260630","묵2동","19446","9570","9876","2330","2728","3123","2907","3245","5113","1208","1330","1630","1468","1588","2346","1122","1398","1493","1439","1657","2767","9338","0","9338"
"20204","11260655","망우본동","30392","15262","15130","3381","4214","4110","4126","5693","8868","1713","2136","2142","2232","2865","4174","1668","2078","1968","1894","2828","4694","15073","0","15073"
"20204","11260660","망우3동","17107","8588","8519","1962","2336","2149","2440","3321","4899","948","1191","1169","1254","1694","2332","1014","1145","980","1186","1627","2567","8431","0","8431"
"20204","11260680","신내1동","39688","19315","20373","7169","4931","5130","6037","6572","9849","3676","2503","2528","3029","3110","4469","3493","2428","2602","3008","3462","5380","14806","0","14806"
"20204","11260690","신내2동","21208","10115","11093","3132","2583","2946","3221","3559","5767","1600","1316","1446","1569","1674","2510","1532","1267","1500","1652","1885","3257","9076","0","9076"
"20204","11290525","성북동","16832","7862","8970","1967","2808","2518","2545","2762","4232","1011","1287","1198","1210","1306","1850","956","1521","1320","1335","1456","2382","8225","0","8225"
"20204","11290555","삼선동","23545","11221","12324","3053","4275","3339","3694","3674","5510","1597","1907","1646","1807","1847","2417","1456","2368","1693","1887","1827","3093","11689","0","11689"
"20204","11290575","동선동","15583","6532","9051","1529","4477","2508","2036","1930","3103","712","1421","1154","973","958","1314","817","3056","1354","1063","972","1789","9347","0","9347"
"20204","11290580","돈암1동","15288","7144","8144","2174","2082","1981","2215","2719","4117","1053","964","979","1037","1300","1811","1121","1118","1002","1178","1419","2306","6236","0","6236"
"20204","11290590","돈암2동","24591","11692","12899","4892","3025","3040","4516","4079","5039","2475","1488","1421","2127","1965","2216","2417","1537","1619","2389","2114","2823","8735","0","8735"
"20204","11290600","안암동","14908","7511","7397","1279","5070","2002","1660","2004","2893","660","2643","1121","851","990","1246","619","2427","881","809","1014","1647","9202","0","9202"
"20204","11290610","보문동","15749","7608","8141","1933","2707","2624","2415","2553","3517","952","1335","1332","1227","1219","1543","981","1372","1292","1188","1334","1974","7827","0","7827"
"20204","11290620","정릉1동","18647","9008","9639","3231","2318","2650","3258","2855","4335","1648","1159","1295","1589","1411","1906","1583","1159","1355","1669","1444","2429","7502","0","7502"
"20204","11290630","정릉2동","23495","11368","12127","3412","3249","3158","3632","3747","6297","1740","1643","1612","1793","1808","2772","1672","1606","1546","1839","1939","3525","9882","0","9882"
"20204","11290640","정릉3동","15532","7689","7843","1596","3171","1909","1949","2386","4521","817","1745","1074","958","1167","1928","779","1426","835","991","1219","2593","8011","0","8011"
"20204","11290650","정릉4동","25601","12380","13221","3856","3267","3292","4220","4171","6795","2019","1691","1590","2086","2015","2979","1837","1576","1702","2134","2156","3816","10979","0","10979"
"20204","11290660","길음1동","36397","17304","19093","8899","3486","4714","7942","4966","6390","4450","1667","2121","3814","2536","2716","4449","1819","2593","4128","2430","3674","12775","0","12775"
"20204","11290685","길음2동","17041","8242","8799","2879","2126","2532","2956","2771","3777","1526","1016","1235","1410","1368","1687","1353","1110","1297","1546","1403","2090","7118","0","7118"
"20204","11290705","종암동","39773","19588","20185","6415","5839","5234","6460","6365","9460","3409","3066","2603","3187","3172","4151","3006","2773","2631","3273","3193","5309","17435","0","17435"
"20204","11290715","월곡1동","26920","13023","13897","4720","3043","3598","4607","4260","6692","2330","1462","1765","2323","2105","3038","2390","1581","1833","2284","2155","3654","10916","0","10916"
"20204","11290725","월곡2동","19925","9584","10341","2596","3584","2738","2870","3042","5095","1341","1527","1415","1452","1549","2300","1255","2057","1323","1418","1493","2795","9615","0","9615"
"20204","11290760","장위1동","20207","9845","10362","2501","3027","2472","2908","3818","5481","1259","1553","1355","1404","1833","2441","1242","1474","1117","1504","1985","3040","9162","0","9162"
"20204","11290770","장위2동","13848","6857","6991","1506","1925","1701","1967","2454","4295","755","964","906","1057","1255","1920","751","961","795","910","1199","2375","6593","0","6593"
"20204","11290780","장위3동","17221","8518","8703","3194","2227","2772","2748","2712","3568","1632","1082","1354","1393","1384","1673","1562","1145","1418","1355","1328","1895","7094","0","7094"
"20204","11290810","석관동","35589","17616","17973","4272","5198","5027","5177","6014","9901","2230","2573","2584","2693","2957","4579","2042","2625","2443","2484","3057","5322","16697","0","16697"
"20204","11305534","삼양동","24555","12239","12316","3286","3153","3031","3666","4374","7045","1720","1627","1609","1868","2210","3205","1566","1526","1422","1798","2164","3840","11377","0","11377"
"20204","11305535","미아동","22217","10700","11517","2132","3868","2899","3093","3846","6379","1135","1674","1533","1614","1861","2883","997","2194","1366","1479","1985","3496","11775","0","11775"
"20204","11305545","송중동","30349","14594","15755","3618","4271","4115","4607","5199","8539","1809","2091","2072","2347","2453","3822","1809","2180","2043","2260","2746","4717","14073","0","14073"
"20204","11305555","송천동","27466","13641","13825","2718","3703","3290","3934","5055","8766","1375","1888","1760","2072","2547","3999","1343","1815","1530","1862","2508","4767","13795","0","13795"
"20204","11305575","삼각산동","31996","15394","16602","7015","3387","3850","6493","4975","6276","3608","1678","1804","3139","2475","2690","3407","1709","2046","3354","2500","3586","11742","0","11742"
"20204","11305595","번1동","19057","9573","9484","1792","3283","2816","2946","3130","5090","948","1587","1524","1560","1627","2327","844","1696","1292","1386","1503","2763","10476","0","10476"
"20204","11305603","번2동","16440","7977","8463","1781","2212","1808","2427","2776","5436","941","1153","1005","1234","1352","2292","840","1059","803","1193","1424","3144","7659","0","7659"
"20204","11305608","번3동","17545","8257","9288","2317","1943","1748","2673","2831","6033","1179","991","904","1367","1362","2454","1138","952","844","1306","1469","3579","7579","0","7579"
"20204","11305615","수유1동","21236","10516","10720","2420","3068","2789","3014","3628","6317","1237","1558","1504","1620","1757","2840","1183","1510","1285","1394","1871","3477","10452","0","10452"
"20204","11305625","수유2동","21476","10289","11187","2498","2993","2581","3060","3784","6560","1316","1436","1372","1523","1793","2849","1182","1557","1209","1537","1991","3711","9731","0","9731"
"20204","11305635","수유3동","23512","11646","11866","1962","4305","3385","3309","4036","6515","1021","2065","1846","1748","2040","2926","941","2240","1539","1561","1996","3589","12998","0","12998"
"20204","11305645","우이동","20955","10206","10749","2501","2678","2592","3005","3588","6591","1333","1253","1397","1543","1730","2950","1168","1425","1195","1462","1858","3641","9647","0","9647"
"20204","11305660","인수동","31311","15131","16180","3707","4100","3842","4506","5425","9731","1862","2053","2026","2304","2587","4299","1845","2047","1816","2202","2838","5432","14563","0","14563"
"20204","11320511","창1동","25241","12027","13214","3749","3307","3413","4121","4181","6470","1899","1643","1707","1996","1944","2838","1850","1664","1706","2125","2237","3632","10877","0","10877"
"20204","11320512","창2동","29648","14474","15174","4104","4143","4145","4588","5178","7490","2143","2064","2079","2327","2465","3396","1961","2079","2066","2261","2713","4094","12458","0","12458"
"20204","11320513","창3동","14305","7124","7181","1863","1828","1710","2167","2621","4116","972","951","913","1114","1297","1877","891","877","797","1053","1324","2239","6654","0","6654"
"20204","11320514","창4동","27197","13076","14121","4413","3735","3420","4429","4919","6281","2270","1895","1656","2085","2324","2846","2143","1840","1764","2344","2595","3435","10753","0","10753"
"20204","11320515","창5동","25203","12123","13080","3530","3726","3560","3569","4456","6362","1829","1824","1829","1689","2050","2902","1701","1902","1731","1880","2406","3460","10266","0","10266"
"20204","11320521","도봉1동","21653","10950","10703","2080","2634","2404","2927","3810","7798","1080","1409","1328","1589","1903","3641","1000","1225","1076","1338","1907","4157","10426","0","10426"
"20204","11320522","도봉2동","27800","13600","14200","3388","3341","3654","3809","4506","9102","1749","1687","1858","1932","2193","4181","1639","1654","1796","1877","2313","4921","12123","0","12123"
"20204","11320660","쌍문1동","21794","10500","11294","2809","3096","2598","3250","3692","6349","1395","1467","1335","1653","1769","2881","1414","1629","1263","1597","1923","3468","9441","0","9441"
"20204","11320670","쌍문2동","19253","9269","9984","2422","2545","2624","2799","3329","5534","1274","1299","1355","1408","1499","2434","1148","1246","1269","1391","1830","3100","8673","0","8673"
"20204","11320680","쌍문3동","16762","8136","8626","1819","2499","2380","2433","2846","4785","938","1227","1233","1259","1319","2160","881","1272","1147","1174","1527","2625","7896","0","7896"
"20204","11320681","쌍문4동","19259","9090","10169","3249","2568","2322","3007","3437","4676","1648","1290","1120","1366","1548","2118","1601","1278","1202","1641","1889","2558","7196","0","7196"
"20204","11320690","방학1동","28975","14420","14555","3761","3904","3352","4238","5428","8292","1893","2031","1733","2100","2731","3932","1868","1873","1619","2138","2697","4360","12737","0","12737"
"20204","11320700","방학2동","20278","10245","10033","2435","2723","2210","2949","3774","6187","1269","1488","1213","1526","1867","2882","1166","1235","997","1423","1907","3305","9509","0","9509"
"20204","11320710","방학3동","27895","13583","14312","4769","3369","3212","4256","4835","7454","2561","1841","1613","1998","2244","3326","2208","1528","1599","2258","2591","4128","10068","0","10068"
"20204","11350560","월계1동","22454","11554","10900","2925","3873","2717","3440","3569","5930","1545","2226","1478","1774","1796","2735","1380","1647","1239","1666","1773","3195","10472","0","10472"
"20204","11350570","월계2동","27466","13247","14219","3943","3244","3238","4338","4625","8078","2022","1726","1633","2197","2212","3457","1921","1518","1605","2141","2413","4621","12063","0","12063"
"20204","11350580","월계3동","30593","14662","15931","4410","3601","4627","4676","4803","8476","2277","1801","2329","2358","2243","3654","2133","1800","2298","2318","2560","4822","13009","0","13009"
"20204","11350595","공릉1동","37700","18335","19365","4795","6830","5406","5406","5849","9414","2423","3395","2741","2754","2813","4209","2372","3435","2665","2652","3036","5205","18300","0","18300"
"20204","11350600","공릉2동","39784","19394","20390","7324","6721","5226","6584","6121","7808","3763","3325","2611","3110","3009","3576","3561","3396","2615","3474","3112","4232","16502","0","16502"
"20204","11350611","하계1동","27479","13234","14245","4354","4696","2748","4237","4977","6467","2399","2514","1385","1874","2411","2651","1955","2182","1363","2363","2566","3816","11662","0","11662"
"20204","11350612","하계2동","22673","10808","11865","4351","3096","2556","4071","3921","4678","2243","1577","1212","1896","1889","1991","2108","1519","1344","2175","2032","2687","8303","0","8303"
"20204","11350619","중계본동","24840","12174","12666","6075","3245","1908","5083","4554","3975","3112","1709","900","2222","2366","1865","2963","1536","1008","2861","2188","2110","8624","0","8624"
"20204","11350621","중계1동","27473","13374","14099","7750","2973","2006","6627","4469","3648","4106","1542","854","2884","2391","1597","3644","1431","1152","3743","2078","2051","9073","0","9073"
"20204","11350624","중계4동","20700","9999","10701","3504","2613","1993","3542","3612","5436","1885","1369","1010","1643","1814","2278","1619","1244","983","1899","1798","3158","8476","0","8476"
"20204","11350625","중계2?3동","35461","16354","19107","5317","4341","4303","5926","5653","9921","2597","2229","2087","2909","2654","3878","2720","2112","2216","3017","2999","6043","15408","0","15408"
"20204","11350630","상계1동","39064","18975","20089","5741","5302","4946","5735","7015","10325","2980","2717","2468","2753","3308","4749","2761","2585","2478","2982","3707","5576","15655","0","15655"
"20204","11350640","상계2동","20557","10167","10390","2880","3323","2335","3102","3944","4973","1464","1667","1226","1491","1981","2338","1416","1656","1109","1611","1963","2635","8798","0","8798"
"20204","11350665","상계3?4동","27081","13471","13610","3538","3256","2965","4002","4808","8512","1869","1757","1560","2016","2435","3834","1669","1499","1405","1986","2373","4678","12221","0","12221"
"20204","11350670","상계5동","24691","11998","12693","3176","3492","2631","3739","4552","7101","1613","1839","1383","1831","2219","3113","1563","1653","1248","1908","2333","3988","11023","0","11023"
"20204","11350695","상계6?7동","33550","15577","17973","5569","4630","4941","5572","5658","7180","2892","2225","2320","2562","2580","2998","2677","2405","2621","3010","3078","4182","13946","0","13946"
"20204","11350700","상계8동","22935","11020","11915","4551","2687","4732","3919","3012","4034","2318","1324","2326","1956","1418","1678","2233","1363","2406","1963","1594","2356","9169","0","9169"
"20204","11350710","상계9동","21136","10040","11096","3541","2753","2810","3507","3620","4905","1828","1434","1422","1589","1683","2084","1713","1319","1388","1918","1937","2821","8424","0","8424"
"20204","11350720","상계10동","17437","8034","9403","2668","2543","2640","2729","3073","3784","1325","1204","1293","1215","1381","1616","1343","1339","1347","1514","1692","2168","7083","0","7083"
"20204","11380510","녹번동","37380","17807","19573","4821","5070","6066","5831","5883","9709","2410","2384","3031","2940","2805","4237","2411","2686","3035","2891","3078","5472","17479","0","17479"
"20204","11380520","불광1동","39732","18809","20923","5092","5477","5445","6021","6771","10926","2665","2663","2665","2910","3167","4739","2427","2814","2780","3111","3604","6187","17969","0","17969"
"20204","11380530","불광2동","28437","13802","14635","2952","4339","3867","3953","4928","8398","1488","2181","2035","2040","2285","3773","1464","2158","1832","1913","2643","4625","13956","0","13956"
"20204","11380551","갈현1동","23146","11280","11866","2591","3751","3056","3331","4008","6409","1351","1910","1617","1671","1856","2875","1240","1841","1439","1660","2152","3534","11152","0","11152"
"20204","11380552","갈현2동","28872","13674","15198","4039","4370","3917","4715","4798","7033","2045","2101","1928","2263","2245","3092","1994","2269","1989","2452","2553","3941","12643","0","12643"
"20204","11380560","구산동","32750","16287","16463","4675","4439","4119","5130","5670","8717","2300","2191","2118","2577","2856","4245","2375","2248","2001","2553","2814","4472","13401","0","13401"
"20204","11380570","대조동","27235","12691","14544","2851","4889","4193","4105","4138","7059","1396","2140","2083","2018","2001","3053","1455","2749","2110","2087","2137","4006","14312","0","14312"
"20204","11380580","응암1동","30938","14680","16258","4886","4201","5148","5227","4581","6895","2518","1922","2524","2564","2234","2918","2368","2279","2624","2663","2347","3977","14058","0","14058"
"20204","11380590","응암2동","27580","13401","14179","5535","2765","5059","5193","3605","5423","2864","1395","2388","2662","1763","2329","2671","1370","2671","2531","1842","3094","11005","0","11005"
"20204","11380600","응암3동","25229","12332","12897","2631","3648","3379","3615","4242","7714","1371","1853","1784","1854","2130","3340","1260","1795","1595","1761","2112","4374","12765","0","12765"
"20204","11380625","역촌동","46566","22003","24563","6216","6530","6700","7609","7651","11860","3133","3114","3252","3792","3591","5121","3083","3416","3448","3817","4060","6739","20857","0","20857"
"20204","11380631","신사1동","27543","13312","14231","3745","3920","4102","4204","4492","7080","1902","2004","2079","2072","2096","3159","1843","1916","2023","2132","2396","3921","11838","0","11838"
"20204","11380632","신사2동","20812","10392","10420","2782","2938","2797","3166","3509","5620","1503","1523","1475","1616","1682","2593","1279","1415","1322","1550","1827","3027","9044","0","9044"
"20204","11380640","증산동","15338","7474","7864","1940","2110","2024","2248","2579","4437","988","1044","1038","1104","1261","2039","952","1066","986","1144","1318","2398","6891","0","6891"
"20204","11380650","수색동","11132","5498","5634","1442","1485","1729","1505","1965","3006","766","761","880","750","991","1350","676","724","849","755","974","1656","4737","0","4737"
"20204","11380690","진관동","57020","26773","30247","12180","7112","6887","10773","8409","11659","6267","3087","3005","5018","4217","5179","5913","4025","3882","5755","4192","6480","21642","0","21642"
"20204","11410520","천연동","17742","8412","9330","2727","2276","2419","2808","3004","4508","1362","1109","1178","1362","1485","1916","1365","1167","1241","1446","1519","2592","8016","0","8016"
"20204","11410555","북아현동","16643","7949","8694","2524","2381","2894","2685","2778","3381","1279","1079","1417","1351","1375","1448","1245","1302","1477","1334","1403","1933","7469","0","7469"
"20204","11410565","충현동","20756","9990","10766","2595","3434","3262","3046","3349","5070","1289","1650","1614","1535","1658","2244","1306","1784","1648","1511","1691","2826","10379","0","10379"
"20204","11410585","신촌동","19272","8599","10673","1594","7419","3286","1982","1999","2992","809","2877","1645","970","1000","1298","785","4542","1641","1012","999","1694","13316","0","13316"
"20204","11410615","연희동","36200","17437","18763","4151","7591","5620","5114","5256","8468","2102","3871","2818","2446","2492","3708","2049","3720","2802","2668","2764","4760","18862","0","18862"
"20204","11410620","홍제1동","24329","11424","12905","3451","3166","3452","3793","4088","6379","1705","1557","1666","1825","1898","2773","1746","1609","1786","1968","2190","3606","10489","0","10489"
"20204","11410640","홍제3동","15810","7661","8149","1897","2120","1969","2206","2714","4904","990","1065","1027","1100","1370","2109","907","1055","942","1106","1344","2795","7117","0","7117"
"20204","11410655","홍제2동","14233","6779","7454","1910","1857","1925","2050","2570","3921","991","926","960","974","1225","1703","919","931","965","1076","1345","2218","5908","0","5908"
"20204","11410660","홍은1동","22956","11085","11871","3264","2921","2994","3450","3966","6361","1647","1466","1519","1687","1950","2816","1617","1455","1475","1763","2016","3545","9716","0","9716"
"20204","11410685","홍은2동","26960","13019","13941","3464","4245","3479","3999","4588","7185","1763","2139","1822","1971","2192","3132","1701","2106","1657","2028","2396","4053","12304","0","12304"
"20204","11410690","남가좌1동","15900","7657","8243","3606","1553","2487","3089","2130","3035","1774","753","1104","1630","1043","1353","1832","800","1383","1459","1087","1682","5889","0","5889"
"20204","11410700","남가좌2동","30036","14498","15538","5089","4293","4609","4921","4409","6715","2535","2087","2273","2490","2177","2936","2554","2206","2336","2431","2232","3779","13308","0","13308"
"20204","11410710","북가좌1동","18445","8896","9549","3394","2173","2402","3277","3020","4179","1769","1051","1125","1637","1447","1867","1625","1122","1277","1640","1573","2312","6990","0","6990"
"20204","11410720","북가좌2동","32607","15868","16739","4116","4817","4306","5035","5442","8891","2121","2443","2225","2462","2627","3990","1995","2374","2081","2573","2815","4901","14785","0","14785"
"20204","11440555","아현동","25772","12061","13711","4469","3208","5156","4239","3878","4822","2155","1421","2382","2127","1859","2117","2314","1787","2774","2112","2019","2705","10610","0","10610"
"20204","11440565","공덕동","37964","17907","20057","4584","6428","6526","5543","6396","8487","2344","2820","3154","2748","3136","3705","2240","3608","3372","2795","3260","4782","18628","0","18628"
"20204","11440585","도화동","21763","10454","11309","3114","3007","3633","3231","3484","5294","1671","1449","1758","1549","1679","2348","1443","1558","1875","1682","1805","2946","9539","0","9539"
"20204","11440590","용강동","21842","10278","11564","4294","2232","3775","4430","2940","4171","2082","1027","1722","2136","1469","1842","2212","1205","2053","2294","1471","2329","9300","0","9300"
"20204","11440600","대흥동","14388","6943","7445","1565","3355","2375","2090","2036","2967","830","1511","1201","1045","1069","1287","735","1844","1174","1045","967","1680","8385","0","8385"
"20204","11440610","염리동","12125","5839","6286","2088","1801","1869","2190","1765","2412","1045","869","901","1107","886","1031","1043","932","968","1083","879","1381","5677","0","5677"
"20204","11440630","신수동","23146","11271","11875","3604","3477","3770","3911","3566","4818","1913","1749","1834","1839","1785","2151","1691","1728","1936","2072","1781","2667","10213","0","10213"
"20204","11440655","서강동","24664","11742","12922","3605","4648","4109","4000","3678","4624","1832","2224","1937","1920","1751","2078","1773","2424","2172","2080","1927","2546","11619","0","11619"
"20204","11440660","서교동","23682","10810","12872","1830","5964","5177","3499","2754","4458","914","2494","2421","1719","1338","1924","916","3470","2756","1780","1416","2534","14891","0","14891"
"20204","11440680","합정동","19846","9219","10627","2303","3878","3956","2888","2722","4099","1149","1722","1882","1381","1299","1786","1154","2156","2074","1507","1423","2313","10285","0","10285"
"20204","11440690","망원1동","20802","9777","11025","2377","3494","3922","3265","2974","4770","1185","1626","1868","1584","1468","2046","1192","1868","2054","1681","1506","2724","10513","0","10513"
"20204","11440700","망원2동","19023","8954","10069","2766","2909","2976","3266","2821","4285","1375","1343","1408","1605","1387","1836","1391","1566","1568","1661","1434","2449","8571","0","8571"
"20204","11440710","연남동","15575","7355","8220","1429","3229","3101","2336","2033","3447","743","1496","1506","1172","958","1480","686","1733","1595","1164","1075","1967","8854","0","8854"
"20204","11440720","성산1동","19357","9097","10260","2453","3135","3401","3329","2884","4155","1204","1473","1643","1593","1367","1817","1249","1662","1758","1736","1517","2338","9419","0","9419"
"20204","11440730","성산2동","40394","18378","22016","6010","6782","6742","6586","5765","8509","3097","2723","3065","3170","2809","3514","2913","4059","3677","3416","2956","4995","19041","0","19041"
"20204","11440740","상암동","31404","14976","16428","6769","4296","4026","6183","4503","5627","3459","1944","1836","2951","2341","2445","3310","2352","2190","3232","2162","3182","12766","0","12766"
"20204","11470510","목1동","31563","15159","16404","8109","3423","3302","6956","5008","4765","4075","1669","1392","3172","2622","2229","4034","1754","1910","3784","2386","2536","10556","0","10556"
"20204","11470520","목2동","30445","14797","15648","4279","5011","5248","4629","4952","6326","2227","2449","2685","2219","2342","2875","2052","2562","2563","2410","2610","3451","13239","0","13239"
"20204","11470530","목3동","22470","10726","11744","2922","3560","4033","3216","3652","5087","1564","1729","1974","1542","1653","2264","1358","1831","2059","1674","1999","2823","10117","0","10117"
"20204","11470540","목4동","25946","12676","13270","4779","4172","2819","4581","4843","4752","2501","2196","1397","2031","2401","2150","2278","1976","1422","2550","2442","2602","10128","0","10128"
"20204","11470550","목5동","42205","20895","21310","11030","4518","4004","9236","6680","6737","5957","2345","1744","4130","3455","3264","5073","2173","2260","5106","3225","3473","13578","0","13578"
"20204","11470560","신월1동","20959","10757","10202","2336","2696","2770","3113","3915","6129","1198","1430","1526","1624","2051","2928","1138","1266","1244","1489","1864","3201","10203","0","10203"
"20204","11470570","신월2동","21351","10461","10890","3225","2709","3045","3335","3356","5681","1617","1401","1550","1692","1627","2574","1608","1308","1495","1643","1729","3107","8607","0","8607"
"20204","11470580","신월3동","15749","8297","7452","2039","2040","2036","2245","2962","4427","1075","1066","1110","1256","1628","2162","964","974","926","989","1334","2265","8040","0","8040"
"20204","11470590","신월4동","18411","9050","9361","3120","2186","2512","3051","2841","4701","1617","1137","1244","1550","1376","2126","1503","1049","1268","1501","1465","2575","6961","0","6961"
"20204","11470600","신월5동","15055","7459","7596","2281","2154","2110","2308","2549","3653","1195","1094","1114","1145","1215","1696","1086","1060","996","1163","1334","1957","6487","0","6487"
"20204","11470610","신월6동","13741","6769","6972","2688","1606","2583","2159","2032","2673","1365","816","1294","1081","978","1235","1323","790","1289","1078","1054","1438","5226","0","5226"
"20204","11470611","신월7동","20514","10068","10446","2446","2659","2642","2986","3601","6180","1259","1407","1392","1549","1759","2702","1187","1252","1250","1437","1842","3478","9234","0","9234"
"20204","11470620","신정1동","20964","10227","10737","4914","2473","2078","4116","3542","3841","2536","1254","908","1933","1817","1779","2378","1219","1170","2183","1725","2062","7213","0","7213"
"20204","11470630","신정2동","20051","9822","10229","4278","2592","1811","3814","3625","3931","2208","1334","845","1760","1857","1818","2070","1258","966","2054","1768","2113","7141","0","7141"
"20204","11470640","신정3동","46374","22599","23775","8701","5912","5752","8007","7827","10175","4478","3059","2826","3872","3820","4544","4223","2853","2926","4135","4007","5631","17831","0","17831"
"20204","11470650","신정4동","33533","16434","17099","4030","5286","5095","5263","5421","8438","2089","2536","2705","2624","2606","3874","1941","2750","2390","2639","2815","4564","16066","0","16066"
"20204","11470670","신정6동","25017","12160","12857","5769","3198","2749","4744","4416","4141","2975","1640","1222","2137","2199","1987","2794","1558","1527","2607","2217","2154","8300","0","8300"
"20204","11470680","신정7동","29891","14452","15439","5458","3604","3231","5210","5281","7107","2815","1880","1541","2501","2615","3100","2643","1724","1690","2709","2666","4007","11604","0","11604"
"20204","11500510","염창동","41853","20346","21507","8696","5432","7332","7676","5956","6761","4472","2518","3483","3759","2925","3189","4224","2914","3849","3917","3031","3572","15820","0","15820"
"20204","11500520","등촌1동","24118","11283","12835","2654","4989","6008","3255","3033","4179","1455","1994","2894","1605","1474","1861","1199","2995","3114","1650","1559","2318","13153","0","13153"
"20204","11500530","등촌2동","21104","10340","10764","2962","3315","3540","3071","3453","4763","1604","1658","1791","1495","1601","2191","1358","1657","1749","1576","1852","2572","8766","0","8766"
"20204","11500535","등촌3동","31490","15009","16481","3782","4182","4663","3927","5370","9566","1969","2152","2403","1873","2461","4151","1813","2030","2260","2054","2909","5415","15067","0","15067"
"20204","11500540","화곡1동","51115","24830","26285","5142","9133","10320","7382","7240","11898","2596","4115","5477","3856","3406","5380","2546","5018","4843","3526","3834","6518","26338","0","26338"
"20204","11500550","화곡2동","17836","8686","9150","2559","2533","2796","3000","2785","4163","1290","1276","1471","1516","1307","1826","1269","1257","1325","1484","1478","2337","7957","0","7957"
"20204","11500560","화곡3동","21443","10303","11140","2897","3086","3161","3180","3268","5851","1501","1468","1580","1522","1547","2685","1396","1618","1581","1658","1721","3166","9239","0","9239"
"20204","11500570","화곡4동","20867","10214","10653","2499","2942","3333","3221","3401","5471","1296","1520","1731","1661","1616","2390","1203","1422","1602","1560","1785","3081","9638","0","9638"
"20204","11500590","화곡본동","38372","18719","19653","5238","6547","7107","6129","5477","7874","2753","3077","3808","3121","2574","3386","2485","3470","3299","3008","2903","4488","18579","0","18579"
"20204","11500591","화곡6동","24230","11844","12386","2858","4152","4039","3536","3860","5785","1539","1967","2075","1787","1837","2639","1319","2185","1964","1749","2023","3146","11873","0","11873"
"20204","11500593","화곡8동","24746","11897","12849","2940","3770","4188","3938","3696","6214","1476","1845","2187","2001","1658","2730","1464","1925","2001","1937","2038","3484","11583","0","11583"
"20204","11500603","가양1동","34206","15801","18405","3618","8428","8327","4599","4299","4935","1870","2872","4201","2404","2066","2388","1748","5556","4126","2195","2233","2547","20072","0","20072"
"20204","11500604","가양2동","14520","6884","7636","1002","1712","2413","1504","2215","5674","515","768","1249","770","1034","2548","487","944","1164","734","1181","3126","8052","0","8052"
"20204","11500605","가양3동","15544","7269","8275","1344","1846","3144","1929","2277","5004","691","885","1578","1018","1069","2028","653","961","1566","911","1208","2976","7912","0","7912"
"20204","11500611","발산1동","37403","17751","19652","8455","4620","4428","7260","5715","6925","4173","2271","2104","3445","2759","2999","4282","2349","2324","3815","2956","3926","13523","0","13523"
"20204","11500615","우장산동","43678","20888","22790","9278","5266","5575","8655","6506","8398","4537","2517","2657","4051","3239","3887","4741","2749","2918","4604","3267","4511","16129","0","16129"
"20204","11500620","공항동","26929","13662","13267","4329","3789","5023","4292","3815","5681","2235","1907","2615","2307","1938","2660","2094","1882","2408","1985","1877","3021","12784","0","12784"
"20204","11500630","방화1동","44340","21631","22709","8542","5323","6504","7719","6535","9717","4264","2565","3196","3916","3186","4504","4278","2758","3308","3803","3349","5213","17489","0","17489"
"20204","11500640","방화2동","23107","11401","11706","2617","3321","3480","3188","3709","6792","1375","1594","1877","1690","1845","3020","1242","1727","1603","1498","1864","3772","11644","0","11644"
"20204","11500641","방화3동","23471","11391","12080","2893","2599","3732","3470","3614","7163","1488","1349","1923","1768","1741","3122","1405","1250","1809","1702","1873","4041","11330","0","11330"
"20204","11530510","신도림동","36197","17684","18513","7148","4343","6241","6543","5098","6824","3622","2102","2985","3216","2514","3245","3526","2241","3256","3327","2584","3579","13483","0","13483"
"20204","11530520","구로1동","21220","10412","10808","3848","2824","3884","3634","3012","4018","2016","1343","1949","1829","1433","1842","1832","1481","1935","1805","1579","2176","8364","0","8364"
"20204","11530530","구로2동","24606","12419","12187","2338","3251","2934","3507","4720","7856","1232","1697","1620","1857","2466","3547","1106","1554","1314","1650","2254","4309","12794","0","12794"
"20204","11530540","구로3동","23853","12153","11700","2782","4134","5016","4016","3059","4846","1440","2015","2716","2213","1608","2161","1342","2119","2300","1803","1451","2685","13227","0","13227"
"20204","11530550","구로4동","20378","9883","10495","1962","2826","2934","2972","3533","6151","994","1340","1521","1510","1779","2739","968","1486","1413","1462","1754","3412","10711","0","10711"
"20204","11530560","구로5동","29372","14272","15100","3455","5067","5452","4126","4556","6716","1764","2225","2725","2110","2303","3145","1691","2842","2727","2016","2253","3571","14707","0","14707"
"20204","11530595","가리봉동","9271","5026","4245","523","1489","1256","1183","1866","2954","287","781","728","670","1107","1453","236","708","528","513","759","1501","6040","0","6040"
"20204","11530720","고척1동","23146","11542","11604","3293","3293","2908","3512","3936","6204","1708","1726","1514","1778","1922","2894","1585","1567","1394","1734","2014","3310","9619","0","9619"
"20204","11530730","고척2동","27366","13549","13817","4073","3615","3326","4289","4791","7272","2075","1861","1677","2166","2368","3402","1998","1754","1649","2123","2423","3870","11610","0","11610"
"20204","11530740","개봉1동","34336","17169","17167","4655","4632","5074","4975","5860","9140","2348","2370","2651","2570","2913","4317","2307","2262","2423","2405","2947","4823","14937","0","14937"
"20204","11530750","개봉2동","31775","15502","16273","4516","3870","4570","4857","4978","8984","2301","1947","2289","2488","2344","4133","2215","1923","2281","2369","2634","4851","12605","0","12605"
"20204","11530760","개봉3동","20845","10201","10644","2668","2612","2786","3224","3495","6060","1373","1339","1442","1654","1643","2750","1295","1273","1344","1570","1852","3310","8842","0","8842"
"20204","11530770","오류1동","22669","11102","11567","2472","3979","4361","3183","3057","5617","1247","1777","2260","1660","1539","2619","1225","2202","2101","1523","1518","2998","11785","0","11785"
"20204","11530780","오류2동","39127","18870","20257","7244","4661","5182","6707","5695","9638","3694","2271","2548","3375","2716","4266","3550","2390","2634","3332","2979","5372","15629","0","15629"
"20204","11530790","수궁동","23972","11848","12124","3493","3088","3317","3833","3932","6309","1869","1608","1699","1902","1866","2904","1624","1480","1618","1931","2066","3405","9967","0","9967"
"20204","11530800","항동","16279","8030","8249","3918","1720","3914","2663","1745","2319","2034","808","1894","1419","801","1074","1884","912","2020","1244","944","1245","6135","0","6135"
"20204","11545510","가산동","23050","12608","10442","1401","6523","5434","2749","2970","3973","677","3035","3382","1711","1740","2063","724","3488","2052","1038","1230","1910","15924","0","15924"
"20204","11545610","독산1동","42270","21748","20522","5535","7328","8449","6238","6244","8476","2809","3664","4707","3402","3148","4018","2726","3664","3742","2836","3096","4458","21131","0","21131"
"20204","11545620","독산2동","19016","9631","9385","2117","2842","2493","2608","3813","5143","1101","1488","1352","1324","1918","2448","1016","1354","1141","1284","1895","2695","9436","0","9436"
"20204","11545630","독산3동","24503","12308","12195","2380","3852","3545","3276","4761","6689","1212","1917","1979","1708","2361","3131","1168","1935","1566","1568","2400","3558","12553","0","12553"
"20204","11545640","독산4동","15537","7838","7699","1633","2287","1980","2113","3248","4276","826","1163","1097","1053","1661","2038","807","1124","883","1060","1587","2238","7657","0","7657"
"20204","11545670","시흥1동","33778","16865","16913","4166","5050","4789","5006","5947","8820","2187","2577","2554","2554","2915","4078","1979","2473","2235","2452","3032","4742","16124","0","16124"
"20204","11545680","시흥2동","21962","10590","11372","3715","2495","2481","3497","3808","5966","1841","1292","1215","1719","1794","2729","1874","1203","1266","1778","2014","3237","8474","0","8474"
"20204","11545690","시흥3동","11130","5525","5605","1259","1445","1431","1564","2015","3416","624","772","763","811","974","1581","635","673","668","753","1041","1835","4771","0","4771"
"20204","11545700","시흥4동","20791","10307","10484","2627","2732","2585","2974","3923","5950","1333","1430","1373","1495","1880","2796","1294","1302","1212","1479","2043","3154","9154","0","9154"
"20204","11545710","시흥5동","19686","9806","9880","2392","2548","2284","2890","3563","6009","1205","1368","1229","1502","1823","2679","1187","1180","1055","1388","1740","3330","9414","0","9414"
"20204","11560515","영등포본동","21466","11010","10456","2702","2850","3306","3147","3652","5809","1396","1535","1733","1658","1906","2782","1306","1315","1573","1489","1746","3027","10338","0","10338"
"20204","11560535","영등포동","28026","15044","12982","2095","6712","6875","3512","3593","5239","1066","2922","3839","2082","2232","2903","1029","3790","3036","1430","1361","2336","18953","0","18953"
"20204","11560540","여의동","34156","16052","18104","5856","3872","5277","5485","5170","8496","2924","1791","2411","2587","2511","3828","2932","2081","2866","2898","2659","4668","13784","0","13784"
"20204","11560550","당산1동","20750","10190","10560","2137","3542","4245","2927","3064","4835","1067","1602","2227","1521","1543","2230","1070","1940","2018","1406","1521","2605","10797","0","10797"
"20204","11560560","당산2동","37551","17619","19932","5102","7320","8220","5249","4820","6840","2561","3028","3962","2584","2310","3174","2541","4292","4258","2665","2510","3666","18478","0","18478"
"20204","11560585","도림동","18248","9159","9089","1948","2777","3231","2742","3001","4549","1022","1303","1708","1461","1577","2088","926","1474","1523","1281","1424","2461","9436","0","9436"
"20204","11560605","문래동","33159","16250","16909","6315","3845","6194","5984","4184","6637","3259","1830","2974","3018","2104","3065","3056","2015","3220","2966","2080","3572","13355","0","13355"
"20204","11560610","양평1동","17384","8564","8820","2234","2734","4319","2766","2051","3280","1176","1174","2251","1463","1053","1447","1058","1560","2068","1303","998","1833","9134","0","9134"
"20204","11560620","양평2동","22389","11124","11265","3257","3686","5186","3358","3054","3848","1686","1688","2679","1689","1591","1791","1571","1998","2507","1669","1463","2057","10325","0","10325"
"20204","11560630","신길1동","17447","8874","8573","1483","3387","2981","2441","2551","4604","752","1672","1710","1339","1335","2066","731","1715","1271","1102","1216","2538","10413","0","10413"
"20204","11560650","신길3동","16891","8320","8571","2331","2166","2546","2490","2900","4458","1212","1070","1311","1284","1442","2001","1119","1096","1235","1206","1458","2457","7653","0","7653"
"20204","11560660","신길4동","10489","5201","5288","1221","1420","1452","1496","1851","3049","620","752","774","758","927","1370","601","668","678","738","924","1679","5042","0","5042"
"20204","11560670","신길5동","11179","5420","5759","1586","1391","1637","1647","1942","2976","791","695","866","830","941","1297","795","696","771","817","1001","1679","4997","0","4997"
"20204","11560680","신길6동","19624","9600","10024","2527","3210","3293","2849","2953","4792","1374","1515","1653","1464","1427","2167","1153","1695","1640","1385","1526","2625","9247","0","9247"
"20204","11560690","신길7동","20286","10120","10166","3830","2814","3497","3315","3101","3729","2047","1424","1728","1667","1541","1713","1783","1390","1769","1648","1560","2016","7911","0","7911"
"20204","11560700","대림1동","14842","7366","7476","1761","2165","1995","2123","2533","4265","963","1073","1044","1134","1239","1913","798","1092","951","989","1294","2352","7219","0","7219"
"20204","11560710","대림2동","12409","6100","6309","1050","1896","1704","1695","2198","3866","528","973","925","883","1071","1720","522","923","779","812","1127","2146","6977","0","6977"
"20204","11560720","대림3동","22896","11479","11417","2642","3167","3292","3186","4257","6352","1368","1652","1778","1590","2128","2963","1274","1515","1514","1596","2129","3389","10429","0","10429"
"20204","11590510","노량진1동","32054","15972","16082","3941","5592","5423","4353","4703","8042","2017","2937","2923","2265","2275","3555","1924","2655","2500","2088","2428","4487","15709","0","15709"
"20204","11590520","노량진2동","12664","6491","6173","913","2337","1917","1552","2144","3801","477","1211","1127","853","1091","1732","436","1126","790","699","1053","2069","7466","0","7466"
"20204","11590530","상도1동","45153","21834","23319","6123","9857","6311","6578","6345","9939","3111","4984","3119","3261","2960","4399","3012","4873","3192","3317","3385","5540","21584","0","21584"
"20204","11590540","상도2동","27835","13383","14452","4175","4297","4679","4310","4116","6258","2137","2046","2276","2160","1975","2789","2038","2251","2403","2150","2141","3469","12575","0","12575"
"20204","11590550","상도3동","25071","11976","13095","2902","4223","4208","3690","3881","6167","1480","1952","2186","1817","1849","2692","1422","2271","2022","1873","2032","3475","12051","0","12051"
"20204","11590560","상도4동","28885","14018","14867","3599","4580","4840","4380","4403","7083","1897","2185","2522","2215","2092","3107","1702","2395","2318","2165","2311","3976","13804","0","13804"
"20204","11590605","흑석동","32306","15694","16612","4521","5138","4548","4891","5216","7992","2321","2681","2248","2501","2478","3465","2200","2457","2300","2390","2738","4527","14266","0","14266"
"20204","11590620","사당1동","23072","10944","12128","1730","5253","4655","2944","3088","5402","899","2260","2433","1510","1404","2438","831","2993","2222","1434","1684","2964","13289","0","13289"
"20204","11590630","사당2동","27227","13111","14116","3452","3684","4489","4047","4186","7369","1852","1759","2225","1987","1994","3294","1600","1925","2264","2060","2192","4075","11947","0","11947"
"20204","11590640","사당3동","25027","12119","12908","3769","3398","4133","3830","3640","6257","1968","1584","1974","1963","1721","2909","1801","1814","2159","1867","1919","3348","10564","0","10564"
"20204","11590650","사당4동","14426","6900","7526","1501","2526","2494","2072","2102","3731","789","1168","1267","1076","967","1633","712","1358","1227","996","1135","2098","7154","0","7154"
"20204","11590651","사당5동","14690","7131","7559","2065","2219","2597","2336","2184","3289","1067","1084","1321","1162","1031","1466","998","1135","1276","1174","1153","1823","6600","0","6600"
"20204","11590660","대방동","38781","18450","20331","6483","6483","5434","6622","5833","7926","3192","3069","2662","3199","2929","3399","3291","3414","2772","3423","2904","4527","17282","0","17282"
"20204","11590670","신대방1동","23662","11391","12271","4053","3406","3095","4027","3728","5353","2017","1635","1525","1917","1864","2433","2036","1771","1570","2110","1864","2920","10234","0","10234"
"20204","11590680","신대방2동","20916","9943","10973","3271","3590","3408","3367","2789","4491","1652","1582","1665","1667","1341","2036","1619","2008","1743","1700","1448","2455","9769","0","9769"
"20204","11620525","보라매동","23236","11427","11809","2448","4518","3839","3217","3219","5995","1286","2178","2100","1657","1518","2688","1162","2340","1739","1560","1701","3307","12009","0","12009"
"20204","11620545","청림동","15551","7619","7932","2441","1851","2604","2481","2323","3851","1269","981","1307","1259","1142","1661","1172","870","1297","1222","1181","2190","6553","0","6553"
"20204","11620565","성현동","33366","16092","17274","5398","4672","4512","5523","5221","8040","2827","2292","2250","2746","2528","3449","2571","2380","2262","2777","2693","4591","14122","0","14122"
"20204","11620575","행운동","28912","14070","14842","2547","7342","5965","3654","3417","5987","1292","3311","3182","1915","1676","2694","1255","4031","2783","1739","1741","3293","17137","0","17137"
"20204","11620585","낙성대동","15664","7865","7799","1312","5066","3223","1829","1583","2651","640","2416","1813","963","827","1206","672","2650","1410","866","756","1445","10254","0","10254"
"20204","11620595","청룡동","34681","16671","18010","2915","11004","6667","4022","3847","6226","1431","4833","3542","2086","1942","2837","1484","6171","3125","1936","1905","3389","22229","0","22229"
"20204","11620605","은천동","33720","16494","17226","4752","5449","5331","5238","4853","8097","2471","2592","2762","2702","2376","3591","2281","2857","2569","2536","2477","4506","15937","0","15937"
"20204","11620615","중앙동","15166","7234","7932","1001","4394","2978","1720","1798","3275","507","1802","1624","936","899","1466","494","2592","1354","784","899","1809","9605","0","9605"
"20204","11620625","인헌동","25460","12424","13036","2650","5694","4837","3503","3379","5397","1372","2688","2523","1778","1650","2413","1278","3006","2314","1725","1729","2984","13908","0","13908"
"20204","11620630","남현동","18396","8882","9514","1833","3952","3720","2307","2559","4025","922","1783","1974","1198","1165","1840","911","2169","1746","1109","1394","2185","9538","0","9538"
"20204","11620645","서원동","22343","11505","10838","1495","6371","4452","2707","2732","4586","770","3244","2599","1489","1305","2098","725","3127","1853","1218","1427","2488","13823","0","13823"
"20204","11620655","신원동","18098","9066","9032","1459","4347","3218","2251","2420","4403","712","2194","1849","1221","1197","1893","747","2153","1369","1030","1223","2510","10797","0","10797"
"20204","11620665","서림동","25506","13917","11589","2099","6035","5061","3556","3385","5370","1080","3335","3097","2132","1784","2489","1019","2700","1964","1424","1601","2881","15523","0","15523"
"20204","11620685","신사동","22688","11352","11336","1931","5761","3910","2995","3223","4868","1039","2713","2213","1551","1600","2236","892","3048","1697","1444","1623","2632","13680","0","13680"
"20204","11620695","신림동","21839","11395","10444","839","8411","5604","2485","1751","2749","416","4061","3225","1428","983","1282","423","4350","2379","1057","768","1467","17289","0","17289"
"20204","11620715","난향동","15780","7777","8003","2670","1723","1904","2973","2567","3943","1355","886","944","1501","1293","1798","1315","837","960","1472","1274","2145","6422","0","6422"
"20204","11620725","조원동","17480","8832","8648","1515","4082","3265","2234","2393","3991","759","1858","1834","1189","1265","1927","756","2224","1431","1045","1128","2064","10649","0","10649"
"20204","11620735","대학동","24481","14713","9768","1847","6547","4989","3662","3212","4224","955","3889","3323","2473","2007","2066","892","2658","1666","1189","1205","2158","16777","0","16777"
"20204","11620745","삼성동","23760","11871","11889","2455","2905","2688","3408","4238","8066","1308","1551","1525","1819","2119","3549","1147","1354","1163","1589","2119","4517","11204","0","11204"
"20204","11620765","미성동","30979","15172","15807","4055","4797","4264","4700","4963","8200","2026","2369","2225","2407","2380","3765","2029","2428","2039","2293","2583","4435","14102","0","14102"
"20204","11620775","난곡동","27330","13700","13630","3204","4102","3697","3921","4891","7515","1666","2135","2017","2058","2377","3447","1538","1967","1680","1863","2514","4068","12972","0","12972"
"20204","11650510","서초1동","21009","10095","10914","3483","2834","3598","3801","2998","4295","1805","1355","1646","1827","1453","2009","1678","1479","1952","1974","1545","2286","9350","0","9350"
"20204","11650520","서초2동","21404","10200","11204","3682","3055","4227","3838","2854","3748","1894","1368","1938","1830","1427","1743","1788","1687","2289","2008","1427","2005","9671","0","9671"
"20204","11650530","서초3동","31930","15560","16370","4574","5251","5390","5052","4888","6775","2553","2465","2562","2392","2409","3179","2021","2786","2828","2660","2479","3596","14565","0","14565"
"20204","11650531","서초4동","31457","15285","16172","7211","3587","3731","6395","4772","5761","3761","1736","1601","2974","2491","2722","3450","1851","2130","3421","2281","3039","11005","0","11005"
"20204","11650540","잠원동","28349","13589","14760","5634","3683","3857","5551","4624","5000","2905","1773","1764","2544","2319","2284","2729","1910","2093","3007","2305","2716","11449","0","11449"
"20204","11650550","반포본동","11947","5637","6310","2490","1494","892","2258","2175","2638","1277","719","401","924","1105","1211","1213","775","491","1334","1070","1427","4107","0","4107"
"20204","11650560","반포1동","32298","15597","16701","6603","4226","5496","6623","4116","5234","3348","1923","2493","3327","2130","2376","3255","2303","3003","3296","1986","2858","14274","0","14274"
"20204","11650570","반포2동","16079","7668","8411","4625","1360","1541","3721","2142","2690","2335","665","610","1697","1152","1209","2290","695","931","2024","990","1481","5109","0","5109"
"20204","11650580","반포3동","22333","10576","11757","4968","2497","2613","4569","3491","4195","2554","1232","1151","2045","1768","1826","2414","1265","1462","2524","1723","2369","7739","0","7739"
"20204","11650581","반포4동","19377","9164","10213","3854","2328","2649","3579","2865","4102","2017","1114","1171","1625","1372","1865","1837","1214","1478","1954","1493","2237","7275","0","7275"
"20204","11650590","방배본동","21099","9797","11302","4277","2681","2432","3961","3423","4325","2062","1252","1077","1755","1706","1945","2215","1429","1355","2206","1717","2380","7997","0","7997"
"20204","11650600","방배1동","17245","8086","9159","2512","2499","2969","2797","2455","4013","1311","1188","1346","1291","1144","1806","1201","1311","1623","1506","1311","2207","7644","0","7644"
"20204","11650610","방배2동","20247","9493","10754","2819","2861","3177","3080","3164","5146","1434","1420","1474","1436","1433","2296","1385","1441","1703","1644","1731","2850","8671","0","8671"
"20204","11650620","방배3동","21283","10278","11005","3322","2781","2942","3220","3528","5490","1710","1453","1406","1479","1644","2586","1612","1328","1536","1741","1884","2904","8284","0","8284"
"20204","11650621","방배4동","23722","10840","12882","4290","3204","3625","4292","3525","4786","2036","1410","1603","1921","1708","2162","2254","1794","2022","2371","1817","2624","9812","0","9812"
"20204","11650651","양재1동","44542","21287","23255","8390","5396","6773","7771","6302","9910","4300","2637","3243","3789","3000","4318","4090","2759","3530","3982","3302","5592","18222","0","18222"
"20204","11650652","양재2동","22452","11264","11188","3064","3369","4543","3733","3340","4403","1606","1705","2366","1912","1643","2032","1458","1664","2177","1821","1697","2371","10829","0","10829"
"20204","11650660","내곡동","17915","8715","9200","3318","1925","2725","3049","2476","4422","1677","1006","1269","1547","1161","2055","1641","919","1456","1502","1315","2367","7209","0","7209"
"20204","11680510","신사동","16672","7731","8941","2650","2279","2384","2954","2499","3906","1354","1044","1054","1294","1235","1750","1296","1235","1330","1660","1264","2156","7323","0","7323"
"20204","11680521","논현1동","22994","10809","12185","1589","4626","5821","3871","2821","4266","767","2092","2774","1866","1410","1900","822","2534","3047","2005","1411","2366","14400","0","14400"
"20204","11680531","논현2동","21740","10121","11619","2445","3552","4562","3824","2978","4379","1264","1589","2048","1838","1458","1924","1181","1963","2514","1986","1520","2455","11676","0","11676"
"20204","11680545","압구정동","27248","12572","14676","4957","3193","3377","4883","4104","6734","2375","1503","1445","2226","2016","3007","2582","1690","1932","2657","2088","3727","10622","0","10622"
"20204","11680565","청담동","27014","12627","14387","4437","3801","4440","4805","3989","5542","2374","1718","1922","2212","1865","2536","2063","2083","2518","2593","2124","3006","11801","0","11801"
"20204","11680580","삼성1동","13407","6623","6784","2141","1913","1955","2183","2170","3045","1205","1031","910","1005","1046","1426","936","882","1045","1178","1124","1619","5675","0","5675"
"20204","11680590","삼성2동","30115","14342","15773","5917","3889","4981","6443","4143","4742","3215","1842","2094","2957","2115","2119","2702","2047","2887","3486","2028","2623","13439","0","13439"
"20204","11680600","대치1동","24900","12528","12372","7507","2475","1568","6133","3814","3403","4189","1266","610","2705","2126","1632","3318","1209","958","3428","1688","1771","7380","0","7380"
"20204","11680610","대치2동","37565","19103","18462","8358","4959","3268","7283","6730","6967","4874","2688","1512","3105","3518","3406","3484","2271","1756","4178","3212","3561","12986","0","12986"
"20204","11680630","대치4동","20478","9657","10821","3322","3441","3367","4104","3213","3031","1758","1649","1508","1761","1619","1362","1564","1792","1859","2343","1594","1669","10328","0","10328"
"20204","11680640","역삼1동","35804","17333","18471","2485","7528","10082","6058","4240","5411","1252","3206","5008","3103","2235","2529","1233","4322","5074","2955","2005","2882","23983","0","23983"
"20204","11680650","역삼2동","36944","17309","19635","8499","4687","5243","8651","4847","5017","4158","2022","2250","3998","2632","2249","4341","2665","2993","4653","2215","2768","15675","0","15675"
"20204","11680655","도곡1동","22087","10464","11623","4120","2986","3231","3872","3516","4362","1947","1400","1450","1848","1708","2111","2173","1586","1781","2024","1808","2251","8661","0","8661"
"20204","11680656","도곡2동","33941","15779","18162","7711","4013","3590","6550","5477","6600","3594","1857","1463","2932","2746","3187","4117","2156","2127","3618","2731","3413","11792","0","11792"
"20204","11680660","개포1동","6408","3121","3287","969","734","663","915","1044","2083","493","377","307","436","523","985","476","357","356","479","521","1098","2465","0","2465"
"20204","11680670","개포2동","22211","10732","11479","4194","2920","2791","3692","3834","4780","2084","1508","1314","1689","1847","2290","2110","1412","1477","2003","1987","2490","8033","0","8033"
"20204","11680690","개포4동","22529","10991","11538","3691","3161","3468","3759","3781","4669","1898","1599","1709","1775","1869","2141","1793","1562","1759","1984","1912","2528","9499","0","9499"
"20204","11680700","세곡동","44314","21044","23270","9067","5380","6879","7809","6014","9165","4496","2594","3149","3846","2925","4034","4571","2786","3730","3963","3089","5131","17965","0","17965"
"20204","11680720","일원본동","23927","11793","12134","5606","2620","2981","4542","3720","4458","3159","1363","1362","2093","1808","2008","2447","1257","1619","2449","1912","2450","8146","0","8146"
"20204","11680730","일원1동","15672","7693","7979","1950","2208","2268","2145","2515","4586","1060","1150","1195","1092","1205","1991","890","1058","1073","1053","1310","2595","7465","0","7465"
"20204","11680740","일원2동","17642","8556","9086","3007","1940","2579","3044","2602","4470","1748","1044","1243","1464","1255","1802","1259","896","1336","1580","1347","2668","7357","0","7357"
"20204","11680750","수서동","15241","6919","8322","1214","1614","2318","1654","2259","6182","611","827","1166","871","1011","2433","603","787","1152","783","1248","3749","7876","0","7876"
"20204","11710510","풍납1동","13896","6829","7067","1591","1720","1943","1993","2447","4202","854","906","1010","988","1184","1887","737","814","933","1005","1263","2315","6377","0","6377"
"20204","11710520","풍납2동","25501","12123","13378","4043","3836","4296","4061","3703","5562","2066","1685","2035","1964","1800","2573","1977","2151","2261","2097","1903","2989","11071","0","11071"
"20204","11710531","거여1동","12616","6407","6209","1624","1796","1715","1883","2273","3325","864","952","908","946","1149","1588","760","844","807","937","1124","1737","5510","0","5510"
"20204","11710532","거여2동","19174","9408","9766","2911","2233","2678","3028","3315","5009","1544","1149","1362","1477","1614","2262","1367","1084","1316","1551","1701","2747","8170","0","8170"
"20204","11710540","마천1동","19745","10078","9667","2616","2382","2237","2864","3618","6028","1349","1239","1240","1474","1930","2846","1267","1143","997","1390","1688","3182","8972","0","8972"
"20204","11710550","마천2동","19564","9919","9645","2299","2476","2292","2772","3724","6001","1169","1327","1268","1459","1893","2803","1130","1149","1024","1313","1831","3198","8886","0","8886"
"20204","11710561","방이1동","16193","7804","8389","2786","2490","2282","2697","2698","3240","1415","1272","1089","1237","1272","1519","1371","1218","1193","1460","1426","1721","6317","0","6317"
"20204","11710562","방이2동","26148","12310","13838","2469","5177","5982","3661","3645","5214","1325","2194","2922","1790","1703","2376","1144","2983","3060","1871","1942","2838","14550","0","14550"
"20204","11710566","오륜동","18483","9090","9393","4132","2182","1719","3403","3135","3912","2270","1153","720","1504","1557","1886","1862","1029","999","1899","1578","2026","5956","0","5956"
"20204","11710570","오금동","39515","19163","20352","6095","5603","5699","5845","6883","9390","3194","2896","2797","2740","3225","4311","2901","2707","2902","3105","3658","5079","15693","0","15693"
"20204","11710580","송파1동","24810","11632","13178","2634","4604","5425","3506","3518","5123","1313","2067","2648","1636","1622","2346","1321","2537","2777","1870","1896","2777","12434","0","12434"
"20204","11710590","송파2동","20645","9906","10739","3578","2924","3076","3185","3366","4516","1804","1372","1460","1526","1606","2138","1774","1552","1616","1659","1760","2378","7647","0","7647"
"20204","11710600","석촌동","32530","15505","17025","3554","5621","7052","4925","4728","6650","1809","2555","3402","2431","2280","3028","1745","3066","3650","2494","2448","3622","17072","0","17072"
"20204","11710610","삼전동","31448","14829","16619","3634","5375","6677","5192","4518","6052","1877","2401","3288","2482","2104","2677","1757","2974","3389","2710","2414","3375","16326","0","16326"
"20204","11710620","가락본동","27076","13418","13658","3532","4197","4793","3897","4753","5904","1836","2052","2439","1916","2319","2856","1696","2145","2354","1981","2434","3048","12010","0","12010"
"20204","11710631","가락1동","27823","13521","14302","5459","3556","5350","4458","4032","4968","2829","1755","2531","2168","1896","2342","2630","1801","2819","2290","2136","2626","9908","0","9908"
"20204","11710632","가락2동","33013","16237","16776","6137","4580","4836","5658","5272","6530","3225","2307","2343","2727","2549","3086","2912","2273","2493","2931","2723","3444","12379","0","12379"
"20204","11710641","문정1동","20369","10050","10319","2824","3252","3529","2842","3347","4575","1468","1612","1813","1383","1571","2203","1356","1640","1716","1459","1776","2372","8431","0","8431"
"20204","11710642","문정2동","29877","13858","16019","3239","5334","7644","4400","3626","5634","1659","2074","3549","2134","1773","2669","1580","3260","4095","2266","1853","2965","15761","0","15761"
"20204","11710646","장지동","30000","14522","15478","5192","4094","4784","4776","4875","6279","2658","2056","2409","2337","2279","2783","2534","2038","2375","2439","2596","3496","12080","0","12080"
"20204","11710647","위례동","30548","14863","15685","8837","2965","5317","6212","3558","3659","4431","1484","2420","3148","1765","1615","4406","1481","2897","3064","1793","2044","9900","0","9900"
"20204","11710650","잠실본동","28558","13478","15080","3080","5101","6179","4452","4131","5615","1544","2252","3021","2143","1953","2565","1536","2849","3158","2309","2178","3050","15419","0","15419"
"20204","11710670","잠실2동","36151","17260","18891","10069","3308","4094","8723","4853","5104","5081","1556","1644","4059","2641","2279","4988","1752","2450","4664","2212","2825","11899","0","11899"
"20204","11710680","잠실3동","35314","16819","18495","7348","3923","4489","6295","5306","7953","3776","1876","1922","2920","2599","3726","3572","2047","2567","3375","2707","4227","12130","0","12130"
"20204","11710690","잠실4동","21711","10433","11278","5208","2036","3121","4381","2899","4066","2682","1004","1302","2126","1436","1883","2526","1032","1819","2255","1463","2183","7418","0","7418"
"20204","11710710","잠실6동","17212","8128","9084","3242","2014","2372","2779","2661","4144","1632","956","1051","1293","1232","1964","1610","1058","1321","1486","1429","2180","5983","0","5983"
"20204","11710720","잠실7동","9882","4607","5275","1631","1286","1024","1402","1672","2867","733","615","466","621","813","1359","898","671","558","781","859","1508","3465","0","3465"
"20204","11740515","강일동","35390","17082","18308","7624","4276","4332","5989","5365","7804","3929","2126","2040","2881","2636","3470","3695","2150","2292","3108","2729","4334","12960","0","12960"
"20204","11740520","상일동","33197","16367","16830","7513","3597","5313","5919","4811","6044","3853","1862","2450","2986","2287","2929","3660","1735","2863","2933","2524","3115","11601","0","11601"
"20204","11740530","명일1동","26280","12827","13453","4659","3266","4153","4261","4065","5876","2431","1635","2082","2044","1941","2694","2228","1631","2071","2217","2124","3182","10105","0","10105"
"20204","11740540","명일2동","17494","8654","8840","3702","2192","1882","3116","2750","3852","1985","1129","937","1397","1358","1848","1717","1063","945","1719","1392","2004","6115","0","6115"
"20204","11740550","고덕1동","25955","13187","12768","6578","2474","3548","5474","3467","4414","3612","1324","1661","2745","1769","2076","2966","1150","1887","2729","1698","2338","8800","0","8800"
"20204","11740560","고덕2동","22444","11355","11089","4516","2448","3993","3796","3301","4390","2357","1289","1957","1975","1660","2117","2159","1159","2036","1821","1641","2273","8705","0","8705"
"20204","11740570","암사1동","35440","17548","17892","4836","4853","5290","5602","6013","8846","2458","2531","2738","2867","2944","4010","2378","2322","2552","2735","3069","4836","16172","0","16172"
"20204","11740580","암사2동","15439","7481","7958","2450","2002","2920","2411","2241","3415","1230","967","1444","1210","1072","1558","1220","1035","1476","1201","1169","1857","6352","0","6352"
"20204","11740590","암사3동","18359","8985","9374","3974","1970","2617","3282","2693","3823","2051","976","1202","1630","1298","1828","1923","994","1415","1652","1395","1995","6369","0","6369"
"20204","11740600","천호1동","27485","13505","13980","3234","3850","4108","4108","4623","7562","1642","1932","2155","2155","2190","3431","1592","1918","1953","1953","2433","4131","12913","0","12913"
"20204","11740610","천호2동","34494","17015","17479","3607","4975","6295","5026","5716","8875","1868","2349","3246","2600","2851","4101","1739","2626","3049","2426","2865","4774","17730","0","17730"
"20204","11740620","천호3동","26573","12981","13592","2625","4225","4803","3788","4258","6874","1357","1864","2403","1968","2204","3185","1268","2361","2400","1820","2054","3689","13901","0","13901"
"20204","11740640","성내1동","20230","9815","10415","3333","2716","3393","3322","3043","4423","1742","1345","1649","1613","1440","2026","1591","1371","1744","1709","1603","2397","8258","0","8258"
"20204","11740650","성내2동","24318","11935","12383","2332","3995","4327","3504","3832","6328","1187","1811","2265","1813","1900","2959","1145","2184","2062","1691","1932","3369","12909","0","12909"
"20204","11740660","성내3동","23440","11544","11896","3073","3628","3584","3615","3975","5565","1725","1882","1823","1766","1892","2456","1348","1746","1761","1849","2083","3109","10606","0","10606"
"20204","11740685","길동","46576","22715","23861","5584","7189","7606","6859","7605","11733","2907","3400","3893","3508","3615","5392","2677","3789","3713","3351","3990","6341","21589","0","21589"
"20204","11740690","둔촌1동","24","17","7","4","3","4","0","3","10","4","3","2","0","1","7","0","0","2","0","2","3","14","0","14"
"20204","11740700","둔촌2동","26347","12961","13386","4011","3746","3861","3901","4390","6438","2095","1883","1967","1950","2073","2993","1916","1863","1894","1951","2317","3445","11040","0","11040"
"20211","11110515","청운효자동","12434","5780","6654","1993","1594","1697","2148","1979","3023","1046","793","780","967","919","1275","947","801","917","1181","1060","1748","5352","0","5352"
"20211","11110530","사직동","9524","4267","5257","1267","1238","1443","1476","1562","2538","601","568","619","659","700","1120","666","670","824","817","862","1418","4758","0","4758"
"20211","11110540","삼청동","2635","1271","1364","295","320","360","369","413","878","157","171","177","178","205","383","138","149","183","191","208","495","1340","0","1340"
"20211","11110550","부암동","10015","4765","5250","1479","1340","1236","1628","1723","2609","778","689","588","755","782","1173","701","651","648","873","941","1436","4389","0","4389"
"20211","11110560","평창동","18390","8553","9837","2815","2450","2233","2767","3266","4859","1428","1248","1032","1222","1474","2149","1387","1202","1201","1545","1792","2710","7519","0","7519"
"20211","11110570","무악동","8541","3977","4564","1707","935","941","1505","1419","2034","779","431","427","709","744","887","928","504","514","796","675","1147","3189","0","3189"
"20211","11110580","교남동","10466","4838","5628","1725","1272","1709","1852","1615","2293","844","603","790","873","776","952","881","669","919","979","839","1341","4594","0","4594"
"20211","11110600","가회동","4325","2003","2322","544","493","573","767","685","1263","289","232","266","363","315","538","255","261","307","404","370","725","2075","0","2075"
"20211","11110615","종로1?2?3?4가동","7242","4344","2898","394","878","939","959","1338","2734","208","460","528","598","942","1608","186","418","411","361","396","1126","5274","0","5274"
"20211","11110630","종로5?6가동","5219","2821","2398","348","1066","704","586","977","1538","171","543","407","350","554","796","177","523","297","236","423","742","3392","0","3392"
"20211","11110640","이화동","7603","3575","4028","664","1686","1243","974","1107","1929","323","780","606","489","545","832","341","906","637","485","562","1097","4433","0","4433"
"20211","11110650","혜화동","16799","8091","8708","2001","4486","2077","2295","2302","3638","989","2213","1103","1098","1110","1578","1012","2273","974","1197","1192","2060","9367","0","9367"
"20211","11110670","창신1동","5129","2771","2358","372","612","538","637","1112","1858","195","334","311","327","622","982","177","278","227","310","490","876","2960","0","2960"
"20211","11110680","창신2동","8326","4290","4036","754","1169","895","1105","1832","2571","403","631","520","572","978","1186","351","538","375","533","854","1385","4184","0","4184"
"20211","11110690","창신3동","6921","3393","3528","907","966","962","956","1290","1840","460","522","466","462","630","853","447","444","496","494","660","987","2911","0","2911"
"20211","11110700","숭인1동","6080","2963","3117","648","807","829","943","1147","1706","312","420","428","494","565","744","336","387","401","449","582","962","3038","0","3038"
"20211","11110710","숭인2동","9700","4913","4787","621","2093","1564","1262","1677","2483","312","864","859","712","913","1253","309","1229","705","550","764","1230","6160","0","6160"
"20211","11140520","소공동","2073","1027","1046","280","219","421","449","307","397","126","90","206","241","158","206","154","129","215","208","149","191","1130","0","1130"
"20211","11140540","회현동","5124","2713","2411","393","509","537","665","968","2052","191","226","253","365","569","1109","202","283","284","300","399","943","3014","0","3014"
"20211","11140550","명동","2766","1177","1589","205","279","339","418","494","1031","108","130","164","182","206","387","97","149","175","236","288","644","1414","0","1414"
"20211","11140570","필동","4038","2083","1955","361","727","624","493","611","1222","194","369","345","274","347","554","167","358","279","219","264","668","2408","0","2408"
"20211","11140580","장충동","4665","2358","2307","472","1255","665","562","595","1116","239","672","349","300","300","498","233","583","316","262","295","618","2753","0","2753"
"20211","11140590","광희동","5204","2697","2507","330","890","815","636","874","1659","171","381","454","355","497","839","159","509","361","281","377","820","3279","0","3279"
"20211","11140605","을지로동","1959","1159","800","94","266","350","208","326","715","39","113","208","134","229","436","55","153","142","74","97","279","1504","0","1504"
"20211","11140615","신당동","7698","3852","3846","564","1368","1310","1054","1396","2006","270","654","666","572","744","946","294","714","644","482","652","1060","4635","0","4635"
"20211","11140625","다산동","14154","6850","7304","1392","2367","2249","2054","2295","3797","735","1146","1173","1037","1088","1671","657","1221","1076","1017","1207","2126","6915","0","6915"
"20211","11140635","약수동","17127","8063","9064","2082","2019","2422","2464","2844","5296","1035","1013","1142","1226","1352","2295","1047","1006","1280","1238","1492","3001","7802","0","7802"
"20211","11140645","청구동","14045","6664","7381","1656","2015","2203","1950","2371","3850","828","980","1101","953","1145","1657","828","1035","1102","997","1226","2193","6400","0","6400"
"20211","11140650","신당5동","10518","5116","5402","1127","1672","1748","1550","1869","2552","566","773","883","787","982","1125","561","899","865","763","887","1427","5386","0","5386"
"20211","11140665","동화동","10659","5140","5519","1596","1436","1344","1595","1957","2731","837","708","621","779","942","1253","759","728","723","816","1015","1478","4170","0","4170"
"20211","11140670","황학동","12570","5998","6572","1255","2086","2794","1829","1784","2822","639","874","1376","899","909","1301","616","1212","1418","930","875","1521","6918","0","6918"
"20211","11140680","중림동","12288","6125","6163","1794","1453","2254","2037","1944","2806","924","711","1073","1080","1004","1333","870","742","1181","957","940","1473","5647","0","5647"
"20211","11170510","후암동","17736","8616","9120","2243","2606","2834","2810","2871","4372","1206","1315","1477","1347","1399","1872","1037","1291","1357","1463","1472","2500","8724","0","8724"
"20211","11170520","용산2가동","9925","4771","5154","890","1548","1728","1381","1447","2931","458","805","893","707","670","1238","432","743","835","674","777","1693","5384","0","5384"
"20211","11170530","남영동","7618","4636","2982","452","957","1041","1101","1625","2442","238","455","555","710","1144","1534","214","502","486","391","481","908","5384","0","5384"
"20211","11170555","청파동","19837","9323","10514","1842","4244","3115","2758","3135","4743","954","1696","1686","1393","1553","2041","888","2548","1429","1365","1582","2702","11102","0","11102"
"20211","11170560","원효로1동","16085","7749","8336","2188","2447","3698","2630","2210","2912","1121","1036","1809","1356","1093","1334","1067","1411","1889","1274","1117","1578","8035","0","8035"
"20211","11170570","원효로2동","14197","6674","7523","2193","1857","2069","2306","2349","3423","968","872","1048","1127","1161","1498","1225","985","1021","1179","1188","1925","6038","0","6038"
"20211","11170580","효창동","10191","4829","5362","1535","1574","1858","1571","1559","2094","792","733","902","744","749","909","743","841","956","827","810","1185","4373","0","4373"
"20211","11170590","용문동","12297","5862","6435","1600","1849","2023","1852","1974","2999","818","885","989","912","975","1283","782","964","1034","940","999","1716","5438","0","5438"
"20211","11170625","한강로동","19846","9585","10261","2117","3124","4016","2797","3365","4427","1107","1404","1912","1367","1665","2130","1010","1720","2104","1430","1700","2297","10405","0","10405"
"20211","11170630","이촌1동","28160","13165","14995","5655","3004","3670","4920","4593","6318","2902","1468","1637","2205","2205","2748","2753","1536","2033","2715","2388","3570","10344","0","10344"
"20211","11170640","이촌2동","8729","4103","4626","1077","965","1469","1258","1406","2554","552","476","745","620","652","1058","525","489","724","638","754","1496","3847","0","3847"
"20211","11170650","이태원1동","6926","3294","3632","516","1054","1152","884","1130","2190","259","544","635","431","527","898","257","510","517","453","603","1292","3935","0","3935"
"20211","11170660","이태원2동","9269","4266","5003","924","1400","1658","1420","1298","2569","459","686","825","674","583","1039","465","714","833","746","715","1530","5025","0","5025"
"20211","11170685","한남동","21151","10175","10976","2336","2782","4033","3373","3289","5338","1216","1398","1985","1674","1573","2329","1120","1384","2048","1699","1716","3009","11412","0","11412"
"20211","11170690","서빙고동","13196","6333","6863","2260","1801","1525","2470","2221","2919","1147","890","741","1166","1113","1276","1113","911","784","1304","1108","1643","5326","0","5326"
"20211","11170700","보광동","14218","7045","7173","1259","2232","2158","2093","2490","3986","700","1252","1191","1051","1220","1631","559","980","967","1042","1270","2355","7784","0","7784"
"20211","11200520","왕십리2동","17081","8307","8774","2432","2503","2939","2650","2746","3811","1247","1195","1474","1325","1327","1739","1185","1308","1465","1325","1419","2072","7629","0","7629"
"20211","11200535","왕십리도선동","27086","12915","14171","3947","4406","4765","4037","4411","5520","2018","2036","2224","2026","2092","2519","1929","2370","2541","2011","2319","3001","12023","0","12023"
"20211","11200540","마장동","22773","11240","11533","2826","4369","3275","3017","3712","5574","1427","2179","1689","1533","1816","2596","1399","2190","1586","1484","1896","2978","10912","0","10912"
"20211","11200550","사근동","11920","6090","5830","1201","4632","1592","1152","1286","2057","564","2509","889","601","633","894","637","2123","703","551","653","1163","7801","0","7801"
"20211","11200560","행당1동","14071","6791","7280","2003","2218","2282","2168","2273","3127","986","1081","1120","1048","1107","1449","1017","1137","1162","1120","1166","1678","6455","0","6455"
"20211","11200570","행당2동","24054","11286","12768","3931","3028","3708","4081","3923","5383","1875","1425","1760","1971","1919","2336","2056","1603","1948","2110","2004","3047","9483","0","9483"
"20211","11200580","응봉동","15758","7475","8283","2869","1754","2248","2936","2483","3468","1427","868","1094","1400","1209","1477","1442","886","1154","1536","1274","1991","6128","0","6128"
"20211","11200590","금호1가동","15703","7515","8188","2366","1819","2758","2549","2383","3828","1219","909","1282","1304","1146","1655","1147","910","1476","1245","1237","2173","6713","0","6713"
"20211","11200615","금호2?3가동","23406","11157","12249","3246","2931","4172","3755","3692","5610","1657","1483","1996","1844","1765","2412","1589","1448","2176","1911","1927","3198","10318","0","10318"
"20211","11200620","금호4가동","14708","7034","7674","2349","1510","2808","2574","2119","3348","1212","769","1316","1279","1037","1421","1137","741","1492","1295","1082","1927","6460","0","6460"
"20211","11200645","옥수동","26675","12414","14261","4247","3013","5092","4504","3943","5876","2150","1377","2265","2223","1827","2572","2097","1636","2827","2281","2116","3304","11091","0","11091"
"20211","11200650","성수1가1동","16575","8293","8282","2156","2555","2909","2406","3050","3499","1134","1335","1452","1163","1548","1661","1022","1220","1457","1243","1502","1838","7671","0","7671"
"20211","11200660","성수1가2동","13438","6602","6836","1677","2149","2476","2094","2055","2987","848","1052","1204","1019","1068","1411","829","1097","1272","1075","987","1576","6504","0","6504"
"20211","11200670","성수2가1동","16593","8680","7913","1727","2345","2616","2324","3148","4433","895","1253","1423","1226","1713","2170","832","1092","1193","1098","1435","2263","8455","0","8455"
"20211","11200690","성수2가3동","11147","5651","5496","1109","2015","1961","1458","1845","2759","563","936","1041","746","987","1378","546","1079","920","712","858","1381","5700","0","5700"
"20211","11200720","송정동","10729","5665","5064","1133","1712","1647","1557","1963","2717","602","888","897","856","1075","1347","531","824","750","701","888","1370","5572","0","5572"
"20211","11200790","용답동","11806","6233","5573","1041","2074","1656","1752","2196","3087","534","965","898","1008","1298","1530","507","1109","758","744","898","1557","6872","0","6872"
"20211","11215710","화양동","22632","10720","11912","1087","9645","4383","2184","2090","3243","508","4133","2295","1217","1105","1462","579","5512","2088","967","985","1781","17039","0","17039"
"20211","11215730","군자동","19923","9831","10092","1936","4484","3639","2628","2895","4341","1006","2121","1868","1376","1458","2002","930","2363","1771","1252","1437","2339","11155","0","11155"
"20211","11215740","중곡1동","16176","7887","8289","1601","2880","3068","2253","2606","3768","833","1317","1558","1163","1279","1737","768","1563","1510","1090","1327","2031","8508","0","8508"
"20211","11215750","중곡2동","21787","10306","11481","2595","3874","3899","2982","3549","4888","1317","1730","1890","1472","1666","2231","1278","2144","2009","1510","1883","2657","10545","0","10545"
"20211","11215760","중곡3동","16644","8257","8387","1716","2705","2744","2320","2910","4249","898","1343","1436","1184","1434","1962","818","1362","1308","1136","1476","2287","8551","0","8551"
"20211","11215770","중곡4동","29181","14304","14877","3400","4472","4348","4146","5276","7539","1807","2245","2176","2108","2509","3459","1593","2227","2172","2038","2767","4080","13163","0","13163"
"20211","11215780","능동","11615","5328","6287","1133","2404","2672","1643","1413","2350","586","1010","1195","829","652","1056","547","1394","1477","814","761","1294","6510","0","6510"
"20211","11215810","광장동","35430","17108","18322","8824","4147","3834","7693","5468","5464","4537","2056","1650","3547","2785","2533","4287","2091","2184","4146","2683","2931","12065","0","12065"
"20211","11215820","자양1동","22775","10942","11833","2529","4391","3787","3382","3627","5059","1286","2068","1901","1692","1749","2246","1243","2323","1886","1690","1878","2813","11855","0","11855"
"20211","11215830","자양2동","25646","12492","13154","3521","3864","3931","4043","4283","6004","1842","1919","1942","2003","2004","2782","1679","1945","1989","2040","2279","3222","11214","0","11214"
"20211","11215840","자양3동","28690","13776","14914","4975","3957","4335","4594","4673","6156","2475","1946","2052","2154","2253","2896","2500","2011","2283","2440","2420","3260","11170","0","11170"
"20211","11215847","자양4동","17745","8826","8919","1591","2702","2606","2453","3099","5294","778","1318","1404","1283","1625","2418","813","1384","1202","1170","1474","2876","9474","0","9474"
"20211","11215850","구의1동","22038","10524","11514","2045","4832","4230","3213","3188","4530","1031","2215","2122","1605","1546","2005","1014","2617","2108","1608","1642","2525","12108","0","12108"
"20211","11215860","구의2동","26958","12964","13994","4138","3771","3883","4354","4526","6286","2097","1851","1942","2110","2165","2799","2041","1920","1941","2244","2361","3487","11685","0","11685"
"20211","11215870","구의3동","29306","13933","15373","4413","4769","4624","4570","4898","6032","2193","2235","2247","2122","2339","2797","2220","2534","2377","2448","2559","3235","12201","0","12201"
"20211","11230536","용신동","31118","15778","15340","2704","6129","5357","4225","4670","8033","1414","2903","2806","2318","2502","3835","1290","3226","2551","1907","2168","4198","18390","0","18390"
"20211","11230545","제기동","24935","12789","12146","2428","4415","3263","3125","3836","7868","1253","2406","1820","1709","2020","3581","1175","2009","1443","1416","1816","4287","13286","0","13286"
"20211","11230560","전농1동","30150","15129","15021","3806","4675","4382","4328","4909","8050","1928","2377","2263","2273","2519","3769","1878","2298","2119","2055","2390","4281","15185","0","15185"
"20211","11230570","전농2동","19195","9231","9964","2975","2383","2304","3059","3296","5178","1480","1200","1161","1479","1613","2298","1495","1183","1143","1580","1683","2880","7805","0","7805"
"20211","11230600","답십리1동","29090","14088","15002","4716","4011","5271","4716","4287","6089","2398","1865","2506","2451","2089","2779","2318","2146","2765","2265","2198","3310","12898","0","12898"
"20211","11230610","답십리2동","29220","14189","15031","3839","3839","4490","4234","4976","7842","1921","1922","2288","2131","2430","3497","1918","1917","2202","2103","2546","4345","12848","0","12848"
"20211","11230650","장안1동","38693","19230","19463","5173","5285","6342","6384","6071","9438","2659","2517","3272","3325","3000","4457","2514","2768","3070","3059","3071","4981","18258","0","18258"
"20211","11230660","장안2동","33005","16505","16500","5728","3880","5160","5777","4941","7519","3020","2014","2570","2951","2476","3474","2708","1866","2590","2826","2465","4045","14016","0","14016"
"20211","11230705","청량리동","19830","9886","9944","1906","2316","2220","2536","3474","7378","987","1232","1196","1336","1766","3369","919","1084","1024","1200","1708","4009","10036","0","10036"
"20211","11230710","회기동","10447","5009","5438","1150","3163","1480","1327","1232","2095","573","1490","795","651","623","877","577","1673","685","676","609","1218","6296","0","6296"
"20211","11230720","휘경1동","13616","6578","7038","1569","3278","2177","1698","1933","2961","793","1452","1131","876","961","1365","776","1826","1046","822","972","1596","7186","0","7186"
"20211","11230730","휘경2동","24296","12051","12245","3314","5327","3015","3532","3537","5571","1618","2840","1606","1741","1741","2505","1696","2487","1409","1791","1796","3066","11851","0","11851"
"20211","11230740","이문1동","18532","9220","9312","1993","4775","2170","2439","2613","4542","1009","2386","1233","1245","1348","1999","984","2389","937","1194","1265","2543","10572","0","10572"
"20211","11230750","이문2동","20461","9917","10544","3111","2843","2518","3208","3420","5361","1559","1373","1262","1605","1709","2409","1552","1470","1256","1603","1711","2952","8712","0","8712"
"20211","11260520","면목2동","24773","12340","12433","2884","3381","3293","3687","4931","6597","1440","1677","1740","1950","2517","3016","1444","1704","1553","1737","2414","3581","12298","0","12298"
"20211","11260540","면목4동","18750","9350","9400","2207","2472","2623","2927","3238","5283","1158","1283","1376","1564","1612","2357","1049","1189","1247","1363","1626","2926","8959","0","8959"
"20211","11260550","면목5동","15170","7642","7528","2296","1864","2772","2316","2575","3347","1164","953","1399","1253","1307","1566","1132","911","1373","1063","1268","1781","6602","0","6602"
"20211","11260565","면목본동","34313","17041","17272","3553","5321","5289","5041","6298","8811","1792","2699","2779","2642","3102","4027","1761","2622","2510","2399","3196","4784","17765","0","17765"
"20211","11260570","면목7동","22366","11210","11156","2455","3128","3426","3182","3927","6248","1318","1596","1763","1693","1906","2934","1137","1532","1663","1489","2021","3314","10708","0","10708"
"20211","11260575","면목3?8동","25508","12676","12832","2598","3810","3613","3513","4721","7253","1334","1920","1926","1840","2301","3355","1264","1890","1687","1673","2420","3898","12759","0","12759"
"20211","11260580","상봉1동","24775","12114","12661","3851","3574","3649","3602","4416","5683","2032","1762","1843","1764","2121","2592","1819","1812","1806","1838","2295","3091","10297","0","10297"
"20211","11260590","상봉2동","19882","9674","10208","1606","4048","4117","2622","3103","4386","839","1702","2111","1380","1564","2078","767","2346","2006","1242","1539","2308","11702","0","11702"
"20211","11260600","중화1동","20232","9911","10321","2627","2925","3217","2837","3381","5245","1333","1436","1670","1488","1575","2409","1294","1489","1547","1349","1806","2836","9121","0","9121"
"20211","11260610","중화2동","25562","13123","12439","2236","3772","3694","3501","4968","7391","1192","1871","1974","1887","2635","3564","1044","1901","1720","1614","2333","3827","13880","0","13880"
"20211","11260620","묵1동","35402","17135","18267","5518","4995","4950","5894","5553","8492","2814","2401","2449","2911","2669","3891","2704","2594","2501","2983","2884","4601","14972","0","14972"
"20211","11260630","묵2동","19446","9570","9876","2330","2728","3123","2907","3245","5113","1208","1330","1630","1468","1588","2346","1122","1398","1493","1439","1657","2767","9338","0","9338"
"20211","11260655","망우본동","30392","15262","15130","3381","4214","4110","4126","5693","8868","1713","2136","2142","2232","2865","4174","1668","2078","1968","1894","2828","4694","15073","0","15073"
"20211","11260660","망우3동","17107","8588","8519","1962","2336","2149","2440","3321","4899","948","1191","1169","1254","1694","2332","1014","1145","980","1186","1627","2567","8431","0","8431"
"20211","11260680","신내1동","39688","19315","20373","7169","4931","5130","6037","6572","9849","3676","2503","2528","3029","3110","4469","3493","2428","2602","3008","3462","5380","14806","0","14806"
"20211","11260690","신내2동","21208","10115","11093","3132","2583","2946","3221","3559","5767","1600","1316","1446","1569","1674","2510","1532","1267","1500","1652","1885","3257","9076","0","9076"
"20211","11290525","성북동","16832","7862","8970","1967","2808","2518","2545","2762","4232","1011","1287","1198","1210","1306","1850","956","1521","1320","1335","1456","2382","8225","0","8225"
"20211","11290555","삼선동","23545","11221","12324","3053","4275","3339","3694","3674","5510","1597","1907","1646","1807","1847","2417","1456","2368","1693","1887","1827","3093","11689","0","11689"
"20211","11290575","동선동","15583","6532","9051","1529","4477","2508","2036","1930","3103","712","1421","1154","973","958","1314","817","3056","1354","1063","972","1789","9347","0","9347"
"20211","11290580","돈암1동","15288","7144","8144","2174","2082","1981","2215","2719","4117","1053","964","979","1037","1300","1811","1121","1118","1002","1178","1419","2306","6236","0","6236"
"20211","11290590","돈암2동","24591","11692","12899","4892","3025","3040","4516","4079","5039","2475","1488","1421","2127","1965","2216","2417","1537","1619","2389","2114","2823","8735","0","8735"
"20211","11290600","안암동","14908","7511","7397","1279","5070","2002","1660","2004","2893","660","2643","1121","851","990","1246","619","2427","881","809","1014","1647","9202","0","9202"
"20211","11290610","보문동","15749","7608","8141","1933","2707","2624","2415","2553","3517","952","1335","1332","1227","1219","1543","981","1372","1292","1188","1334","1974","7827","0","7827"
"20211","11290620","정릉1동","18647","9008","9639","3231","2318","2650","3258","2855","4335","1648","1159","1295","1589","1411","1906","1583","1159","1355","1669","1444","2429","7502","0","7502"
"20211","11290630","정릉2동","23495","11368","12127","3412","3249","3158","3632","3747","6297","1740","1643","1612","1793","1808","2772","1672","1606","1546","1839","1939","3525","9882","0","9882"
"20211","11290640","정릉3동","15532","7689","7843","1596","3171","1909","1949","2386","4521","817","1745","1074","958","1167","1928","779","1426","835","991","1219","2593","8011","0","8011"
"20211","11290650","정릉4동","25601","12380","13221","3856","3267","3292","4220","4171","6795","2019","1691","1590","2086","2015","2979","1837","1576","1702","2134","2156","3816","10979","0","10979"
"20211","11290660","길음1동","36397","17304","19093","8899","3486","4714","7942","4966","6390","4450","1667","2121","3814","2536","2716","4449","1819","2593","4128","2430","3674","12775","0","12775"
"20211","11290685","길음2동","17041","8242","8799","2879","2126","2532","2956","2771","3777","1526","1016","1235","1410","1368","1687","1353","1110","1297","1546","1403","2090","7118","0","7118"
"20211","11290705","종암동","39773","19588","20185","6415","5839","5234","6460","6365","9460","3409","3066","2603","3187","3172","4151","3006","2773","2631","3273","3193","5309","17435","0","17435"
"20211","11290715","월곡1동","26920","13023","13897","4720","3043","3598","4607","4260","6692","2330","1462","1765","2323","2105","3038","2390","1581","1833","2284","2155","3654","10916","0","10916"
"20211","11290725","월곡2동","19925","9584","10341","2596","3584","2738","2870","3042","5095","1341","1527","1415","1452","1549","2300","1255","2057","1323","1418","1493","2795","9615","0","9615"
"20211","11290760","장위1동","20207","9845","10362","2501","3027","2472","2908","3818","5481","1259","1553","1355","1404","1833","2441","1242","1474","1117","1504","1985","3040","9162","0","9162"
"20211","11290770","장위2동","13848","6857","6991","1506","1925","1701","1967","2454","4295","755","964","906","1057","1255","1920","751","961","795","910","1199","2375","6593","0","6593"
"20211","11290780","장위3동","17221","8518","8703","3194","2227","2772","2748","2712","3568","1632","1082","1354","1393","1384","1673","1562","1145","1418","1355","1328","1895","7094","0","7094"
"20211","11290810","석관동","35589","17616","17973","4272","5198","5027","5177","6014","9901","2230","2573","2584","2693","2957","4579","2042","2625","2443","2484","3057","5322","16697","0","16697"
"20211","11305534","삼양동","24555","12239","12316","3286","3153","3031","3666","4374","7045","1720","1627","1609","1868","2210","3205","1566","1526","1422","1798","2164","3840","11377","0","11377"
"20211","11305535","미아동","22217","10700","11517","2132","3868","2899","3093","3846","6379","1135","1674","1533","1614","1861","2883","997","2194","1366","1479","1985","3496","11775","0","11775"
"20211","11305545","송중동","30349","14594","15755","3618","4271","4115","4607","5199","8539","1809","2091","2072","2347","2453","3822","1809","2180","2043","2260","2746","4717","14073","0","14073"
"20211","11305555","송천동","27466","13641","13825","2718","3703","3290","3934","5055","8766","1375","1888","1760","2072","2547","3999","1343","1815","1530","1862","2508","4767","13795","0","13795"
"20211","11305575","삼각산동","31996","15394","16602","7015","3387","3850","6493","4975","6276","3608","1678","1804","3139","2475","2690","3407","1709","2046","3354","2500","3586","11742","0","11742"
"20211","11305595","번1동","19057","9573","9484","1792","3283","2816","2946","3130","5090","948","1587","1524","1560","1627","2327","844","1696","1292","1386","1503","2763","10476","0","10476"
"20211","11305603","번2동","16440","7977","8463","1781","2212","1808","2427","2776","5436","941","1153","1005","1234","1352","2292","840","1059","803","1193","1424","3144","7659","0","7659"
"20211","11305608","번3동","17545","8257","9288","2317","1943","1748","2673","2831","6033","1179","991","904","1367","1362","2454","1138","952","844","1306","1469","3579","7579","0","7579"
"20211","11305615","수유1동","21236","10516","10720","2420","3068","2789","3014","3628","6317","1237","1558","1504","1620","1757","2840","1183","1510","1285","1394","1871","3477","10452","0","10452"
"20211","11305625","수유2동","21476","10289","11187","2498","2993","2581","3060","3784","6560","1316","1436","1372","1523","1793","2849","1182","1557","1209","1537","1991","3711","9731","0","9731"
"20211","11305635","수유3동","23512","11646","11866","1962","4305","3385","3309","4036","6515","1021","2065","1846","1748","2040","2926","941","2240","1539","1561","1996","3589","12998","0","12998"
"20211","11305645","우이동","20955","10206","10749","2501","2678","2592","3005","3588","6591","1333","1253","1397","1543","1730","2950","1168","1425","1195","1462","1858","3641","9647","0","9647"
"20211","11305660","인수동","31311","15131","16180","3707","4100","3842","4506","5425","9731","1862","2053","2026","2304","2587","4299","1845","2047","1816","2202","2838","5432","14563","0","14563"
"20211","11320511","창1동","25241","12027","13214","3749","3307","3413","4121","4181","6470","1899","1643","1707","1996","1944","2838","1850","1664","1706","2125","2237","3632","10877","0","10877"
"20211","11320512","창2동","29648","14474","15174","4104","4143","4145","4588","5178","7490","2143","2064","2079","2327","2465","3396","1961","2079","2066","2261","2713","4094","12458","0","12458"
"20211","11320513","창3동","14305","7124","7181","1863","1828","1710","2167","2621","4116","972","951","913","1114","1297","1877","891","877","797","1053","1324","2239","6654","0","6654"
"20211","11320514","창4동","27197","13076","14121","4413","3735","3420","4429","4919","6281","2270","1895","1656","2085","2324","2846","2143","1840","1764","2344","2595","3435","10753","0","10753"
"20211","11320515","창5동","25203","12123","13080","3530","3726","3560","3569","4456","6362","1829","1824","1829","1689","2050","2902","1701","1902","1731","1880","2406","3460","10266","0","10266"
"20211","11320521","도봉1동","21653","10950","10703","2080","2634","2404","2927","3810","7798","1080","1409","1328","1589","1903","3641","1000","1225","1076","1338","1907","4157","10426","0","10426"
"20211","11320522","도봉2동","27800","13600","14200","3388","3341","3654","3809","4506","9102","1749","1687","1858","1932","2193","4181","1639","1654","1796","1877","2313","4921","12123","0","12123"
"20211","11320660","쌍문1동","21794","10500","11294","2809","3096","2598","3250","3692","6349","1395","1467","1335","1653","1769","2881","1414","1629","1263","1597","1923","3468","9441","0","9441"
"20211","11320670","쌍문2동","19253","9269","9984","2422","2545","2624","2799","3329","5534","1274","1299","1355","1408","1499","2434","1148","1246","1269","1391","1830","3100","8673","0","8673"
"20211","11320680","쌍문3동","16762","8136","8626","1819","2499","2380","2433","2846","4785","938","1227","1233","1259","1319","2160","881","1272","1147","1174","1527","2625","7896","0","7896"
"20211","11320681","쌍문4동","19259","9090","10169","3249","2568","2322","3007","3437","4676","1648","1290","1120","1366","1548","2118","1601","1278","1202","1641","1889","2558","7196","0","7196"
"20212","11110515","청운효자동","12434","5780","6654","1993","1594","1697","2148","1979","3023","1046","793","780","967","919","1275","947","801","917","1181","1060","1748","5352","0","5352"
"20212","11110530","사직동","9524","4267","5257","1267","1238","1443","1476","1562","2538","601","568","619","659","700","1120","666","670","824","817","862","1418","4758","0","4758"
"20212","11110540","삼청동","2635","1271","1364","295","320","360","369","413","878","157","171","177","178","205","383","138","149","183","191","208","495","1340","0","1340"
"20212","11110550","부암동","10015","4765","5250","1479","1340","1236","1628","1723","2609","778","689","588","755","782","1173","701","651","648","873","941","1436","4389","0","4389"
"20212","11110560","평창동","18390","8553","9837","2815","2450","2233","2767","3266","4859","1428","1248","1032","1222","1474","2149","1387","1202","1201","1545","1792","2710","7519","0","7519"
"20212","11110570","무악동","8541","3977","4564","1707","935","941","1505","1419","2034","779","431","427","709","744","887","928","504","514","796","675","1147","3189","0","3189"
"20212","11110580","교남동","10466","4838","5628","1725","1272","1709","1852","1615","2293","844","603","790","873","776","952","881","669","919","979","839","1341","4594","0","4594"
"20212","11110600","가회동","4325","2003","2322","544","493","573","767","685","1263","289","232","266","363","315","538","255","261","307","404","370","725","2075","0","2075"
"20212","11110615","종로1?2?3?4가동","7242","4344","2898","394","878","939","959","1338","2734","208","460","528","598","942","1608","186","418","411","361","396","1126","5274","0","5274"
"20212","11110630","종로5?6가동","5219","2821","2398","348","1066","704","586","977","1538","171","543","407","350","554","796","177","523","297","236","423","742","3392","0","3392"
"20212","11110640","이화동","7603","3575","4028","664","1686","1243","974","1107","1929","323","780","606","489","545","832","341","906","637","485","562","1097","4433","0","4433"
"20212","11110650","혜화동","16799","8091","8708","2001","4486","2077","2295","2302","3638","989","2213","1103","1098","1110","1578","1012","2273","974","1197","1192","2060","9367","0","9367"
"20212","11110670","창신1동","5129","2771","2358","372","612","538","637","1112","1858","195","334","311","327","622","982","177","278","227","310","490","876","2960","0","2960"
"20212","11110680","창신2동","8326","4290","4036","754","1169","895","1105","1832","2571","403","631","520","572","978","1186","351","538","375","533","854","1385","4184","0","4184"
"20212","11110690","창신3동","6921","3393","3528","907","966","962","956","1290","1840","460","522","466","462","630","853","447","444","496","494","660","987","2911","0","2911"
"20212","11110700","숭인1동","6080","2963","3117","648","807","829","943","1147","1706","312","420","428","494","565","744","336","387","401","449","582","962","3038","0","3038"
"20212","11110710","숭인2동","9700","4913","4787","621","2093","1564","1262","1677","2483","312","864","859","712","913","1253","309","1229","705","550","764","1230","6160","0","6160"
"20212","11140520","소공동","2073","1027","1046","280","219","421","449","307","397","126","90","206","241","158","206","154","129","215","208","149","191","1130","0","1130"
"20212","11140540","회현동","5124","2713","2411","393","509","537","665","968","2052","191","226","253","365","569","1109","202","283","284","300","399","943","3014","0","3014"
"20212","11140550","명동","2766","1177","1589","205","279","339","418","494","1031","108","130","164","182","206","387","97","149","175","236","288","644","1414","0","1414"
"20212","11140570","필동","4038","2083","1955","361","727","624","493","611","1222","194","369","345","274","347","554","167","358","279","219","264","668","2408","0","2408"
"20212","11140580","장충동","4665","2358","2307","472","1255","665","562","595","1116","239","672","349","300","300","498","233","583","316","262","295","618","2753","0","2753"
"20212","11140590","광희동","5204","2697","2507","330","890","815","636","874","1659","171","381","454","355","497","839","159","509","361","281","377","820","3279","0","3279"
"20212","11140605","을지로동","1959","1159","800","94","266","350","208","326","715","39","113","208","134","229","436","55","153","142","74","97","279","1504","0","1504"
"20212","11140615","신당동","7698","3852","3846","564","1368","1310","1054","1396","2006","270","654","666","572","744","946","294","714","644","482","652","1060","4635","0","4635"
"20212","11140625","다산동","14154","6850","7304","1392","2367","2249","2054","2295","3797","735","1146","1173","1037","1088","1671","657","1221","1076","1017","1207","2126","6915","0","6915"
"20212","11140635","약수동","17127","8063","9064","2082","2019","2422","2464","2844","5296","1035","1013","1142","1226","1352","2295","1047","1006","1280","1238","1492","3001","7802","0","7802"
"20212","11140645","청구동","14045","6664","7381","1656","2015","2203","1950","2371","3850","828","980","1101","953","1145","1657","828","1035","1102","997","1226","2193","6400","0","6400"
"20212","11140650","신당5동","10518","5116","5402","1127","1672","1748","1550","1869","2552","566","773","883","787","982","1125","561","899","865","763","887","1427","5386","0","5386"
"20212","11140665","동화동","10659","5140","5519","1596","1436","1344","1595","1957","2731","837","708","621","779","942","1253","759","728","723","816","1015","1478","4170","0","4170"
"20212","11140670","황학동","12570","5998","6572","1255","2086","2794","1829","1784","2822","639","874","1376","899","909","1301","616","1212","1418","930","875","1521","6918","0","6918"
"20212","11140680","중림동","12288","6125","6163","1794","1453","2254","2037","1944","2806","924","711","1073","1080","1004","1333","870","742","1181","957","940","1473","5647","0","5647"
"20212","11170510","후암동","17736","8616","9120","2243","2606","2834","2810","2871","4372","1206","1315","1477","1347","1399","1872","1037","1291","1357","1463","1472","2500","8724","0","8724"
"20212","11170520","용산2가동","9925","4771","5154","890","1548","1728","1381","1447","2931","458","805","893","707","670","1238","432","743","835","674","777","1693","5384","0","5384"
"20212","11170530","남영동","7618","4636","2982","452","957","1041","1101","1625","2442","238","455","555","710","1144","1534","214","502","486","391","481","908","5384","0","5384"
"20212","11170555","청파동","19837","9323","10514","1842","4244","3115","2758","3135","4743","954","1696","1686","1393","1553","2041","888","2548","1429","1365","1582","2702","11102","0","11102"
"20212","11170560","원효로1동","16085","7749","8336","2188","2447","3698","2630","2210","2912","1121","1036","1809","1356","1093","1334","1067","1411","1889","1274","1117","1578","8035","0","8035"
"20212","11170570","원효로2동","14197","6674","7523","2193","1857","2069","2306","2349","3423","968","872","1048","1127","1161","1498","1225","985","1021","1179","1188","1925","6038","0","6038"
"20212","11170580","효창동","10191","4829","5362","1535","1574","1858","1571","1559","2094","792","733","902","744","749","909","743","841","956","827","810","1185","4373","0","4373"
"20212","11170590","용문동","12297","5862","6435","1600","1849","2023","1852","1974","2999","818","885","989","912","975","1283","782","964","1034","940","999","1716","5438","0","5438"
"20212","11170625","한강로동","19846","9585","10261","2117","3124","4016","2797","3365","4427","1107","1404","1912","1367","1665","2130","1010","1720","2104","1430","1700","2297","10405","0","10405"
"20212","11170630","이촌1동","28160","13165","14995","5655","3004","3670","4920","4593","6318","2902","1468","1637","2205","2205","2748","2753","1536","2033","2715","2388","3570","10344","0","10344"
"20212","11170640","이촌2동","8729","4103","4626","1077","965","1469","1258","1406","2554","552","476","745","620","652","1058","525","489","724","638","754","1496","3847","0","3847"
"20212","11170650","이태원1동","6926","3294","3632","516","1054","1152","884","1130","2190","259","544","635","431","527","898","257","510","517","453","603","1292","3935","0","3935"
"20212","11170660","이태원2동","9269","4266","5003","924","1400","1658","1420","1298","2569","459","686","825","674","583","1039","465","714","833","746","715","1530","5025","0","5025"
"20212","11170685","한남동","21151","10175","10976","2336","2782","4033","3373","3289","5338","1216","1398","1985","1674","1573","2329","1120","1384","2048","1699","1716","3009","11412","0","11412"
"20212","11170690","서빙고동","13196","6333","6863","2260","1801","1525","2470","2221","2919","1147","890","741","1166","1113","1276","1113","911","784","1304","1108","1643","5326","0","5326"
"20212","11170700","보광동","14218","7045","7173","1259","2232","2158","2093","2490","3986","700","1252","1191","1051","1220","1631","559","980","967","1042","1270","2355","7784","0","7784"
"20212","11200520","왕십리2동","17081","8307","8774","2432","2503","2939","2650","2746","3811","1247","1195","1474","1325","1327","1739","1185","1308","1465","1325","1419","2072","7629","0","7629"
"20212","11200535","왕십리도선동","27086","12915","14171","3947","4406","4765","4037","4411","5520","2018","2036","2224","2026","2092","2519","1929","2370","2541","2011","2319","3001","12023","0","12023"
"20212","11200540","마장동","22773","11240","11533","2826","4369","3275","3017","3712","5574","1427","2179","1689","1533","1816","2596","1399","2190","1586","1484","1896","2978","10912","0","10912"
"20212","11200550","사근동","11920","6090","5830","1201","4632","1592","1152","1286","2057","564","2509","889","601","633","894","637","2123","703","551","653","1163","7801","0","7801"
"20212","11200560","행당1동","14071","6791","7280","2003","2218","2282","2168","2273","3127","986","1081","1120","1048","1107","1449","1017","1137","1162","1120","1166","1678","6455","0","6455"
"20212","11200570","행당2동","24054","11286","12768","3931","3028","3708","4081","3923","5383","1875","1425","1760","1971","1919","2336","2056","1603","1948","2110","2004","3047","9483","0","9483"
"20212","11200580","응봉동","15758","7475","8283","2869","1754","2248","2936","2483","3468","1427","868","1094","1400","1209","1477","1442","886","1154","1536","1274","1991","6128","0","6128"
"20212","11200590","금호1가동","15703","7515","8188","2366","1819","2758","2549","2383","3828","1219","909","1282","1304","1146","1655","1147","910","1476","1245","1237","2173","6713","0","6713"
"20212","11200615","금호2?3가동","23406","11157","12249","3246","2931","4172","3755","3692","5610","1657","1483","1996","1844","1765","2412","1589","1448","2176","1911","1927","3198","10318","0","10318"
"20212","11200620","금호4가동","14708","7034","7674","2349","1510","2808","2574","2119","3348","1212","769","1316","1279","1037","1421","1137","741","1492","1295","1082","1927","6460","0","6460"
"20212","11200645","옥수동","26675","12414","14261","4247","3013","5092","4504","3943","5876","2150","1377","2265","2223","1827","2572","2097","1636","2827","2281","2116","3304","11091","0","11091"
"20212","11200650","성수1가1동","16575","8293","8282","2156","2555","2909","2406","3050","3499","1134","1335","1452","1163","1548","1661","1022","1220","1457","1243","1502","1838","7671","0","7671"
"20212","11200660","성수1가2동","13438","6602","6836","1677","2149","2476","2094","2055","2987","848","1052","1204","1019","1068","1411","829","1097","1272","1075","987","1576","6504","0","6504"
"20212","11200670","성수2가1동","16593","8680","7913","1727","2345","2616","2324","3148","4433","895","1253","1423","1226","1713","2170","832","1092","1193","1098","1435","2263","8455","0","8455"
"20212","11200690","성수2가3동","11147","5651","5496","1109","2015","1961","1458","1845","2759","563","936","1041","746","987","1378","546","1079","920","712","858","1381","5700","0","5700"
"20212","11200720","송정동","10729","5665","5064","1133","1712","1647","1557","1963","2717","602","888","897","856","1075","1347","531","824","750","701","888","1370","5572","0","5572"
"20212","11200790","용답동","11806","6233","5573","1041","2074","1656","1752","2196","3087","534","965","898","1008","1298","1530","507","1109","758","744","898","1557","6872","0","6872"
"20212","11215710","화양동","22632","10720","11912","1087","9645","4383","2184","2090","3243","508","4133","2295","1217","1105","1462","579","5512","2088","967","985","1781","17039","0","17039"
"20212","11215730","군자동","19923","9831","10092","1936","4484","3639","2628","2895","4341","1006","2121","1868","1376","1458","2002","930","2363","1771","1252","1437","2339","11155","0","11155"
"20212","11215740","중곡1동","16176","7887","8289","1601","2880","3068","2253","2606","3768","833","1317","1558","1163","1279","1737","768","1563","1510","1090","1327","2031","8508","0","8508"
"20212","11215750","중곡2동","21787","10306","11481","2595","3874","3899","2982","3549","4888","1317","1730","1890","1472","1666","2231","1278","2144","2009","1510","1883","2657","10545","0","10545"
"20212","11215760","중곡3동","16644","8257","8387","1716","2705","2744","2320","2910","4249","898","1343","1436","1184","1434","1962","818","1362","1308","1136","1476","2287","8551","0","8551"
"20212","11215770","중곡4동","29181","14304","14877","3400","4472","4348","4146","5276","7539","1807","2245","2176","2108","2509","3459","1593","2227","2172","2038","2767","4080","13163","0","13163"
"20212","11215780","능동","11615","5328","6287","1133","2404","2672","1643","1413","2350","586","1010","1195","829","652","1056","547","1394","1477","814","761","1294","6510","0","6510"
"20212","11215810","광장동","35430","17108","18322","8824","4147","3834","7693","5468","5464","4537","2056","1650","3547","2785","2533","4287","2091","2184","4146","2683","2931","12065","0","12065"
"20212","11215820","자양1동","22775","10942","11833","2529","4391","3787","3382","3627","5059","1286","2068","1901","1692","1749","2246","1243","2323","1886","1690","1878","2813","11855","0","11855"
"20212","11215830","자양2동","25646","12492","13154","3521","3864","3931","4043","4283","6004","1842","1919","1942","2003","2004","2782","1679","1945","1989","2040","2279","3222","11214","0","11214"
"20212","11215840","자양3동","28690","13776","14914","4975","3957","4335","4594","4673","6156","2475","1946","2052","2154","2253","2896","2500","2011","2283","2440","2420","3260","11170","0","11170"
"20212","11215847","자양4동","17745","8826","8919","1591","2702","2606","2453","3099","5294","778","1318","1404","1283","1625","2418","813","1384","1202","1170","1474","2876","9474","0","9474"
"20212","11215850","구의1동","22038","10524","11514","2045","4832","4230","3213","3188","4530","1031","2215","2122","1605","1546","2005","1014","2617","2108","1608","1642","2525","12108","0","12108"
"20212","11215860","구의2동","26958","12964","13994","4138","3771","3883","4354","4526","6286","2097","1851","1942","2110","2165","2799","2041","1920","1941","2244","2361","3487","11685","0","11685"
"20212","11215870","구의3동","29306","13933","15373","4413","4769","4624","4570","4898","6032","2193","2235","2247","2122","2339","2797","2220","2534","2377","2448","2559","3235","12201","0","12201"
"20212","11230536","용신동","31118","15778","15340","2704","6129","5357","4225","4670","8033","1414","2903","2806","2318","2502","3835","1290","3226","2551","1907","2168","4198","18390","0","18390"
"20212","11230545","제기동","24935","12789","12146","2428","4415","3263","3125","3836","7868","1253","2406","1820","1709","2020","3581","1175","2009","1443","1416","1816","4287","13286","0","13286"
"20212","11230560","전농1동","30150","15129","15021","3806","4675","4382","4328","4909","8050","1928","2377","2263","2273","2519","3769","1878","2298","2119","2055","2390","4281","15185","0","15185"
"20212","11230570","전농2동","19195","9231","9964","2975","2383","2304","3059","3296","5178","1480","1200","1161","1479","1613","2298","1495","1183","1143","1580","1683","2880","7805","0","7805"
"20212","11230600","답십리1동","29090","14088","15002","4716","4011","5271","4716","4287","6089","2398","1865","2506","2451","2089","2779","2318","2146","2765","2265","2198","3310","12898","0","12898"
"20212","11230610","답십리2동","29220","14189","15031","3839","3839","4490","4234","4976","7842","1921","1922","2288","2131","2430","3497","1918","1917","2202","2103","2546","4345","12848","0","12848"
"20212","11230650","장안1동","38693","19230","19463","5173","5285","6342","6384","6071","9438","2659","2517","3272","3325","3000","4457","2514","2768","3070","3059","3071","4981","18258","0","18258"
"20212","11230660","장안2동","33005","16505","16500","5728","3880","5160","5777","4941","7519","3020","2014","2570","2951","2476","3474","2708","1866","2590","2826","2465","4045","14016","0","14016"
"20212","11230705","청량리동","19830","9886","9944","1906","2316","2220","2536","3474","7378","987","1232","1196","1336","1766","3369","919","1084","1024","1200","1708","4009","10036","0","10036"
"20212","11230710","회기동","10447","5009","5438","1150","3163","1480","1327","1232","2095","573","1490","795","651","623","877","577","1673","685","676","609","1218","6296","0","6296"
"20212","11230720","휘경1동","13616","6578","7038","1569","3278","2177","1698","1933","2961","793","1452","1131","876","961","1365","776","1826","1046","822","972","1596","7186","0","7186"
"20212","11230730","휘경2동","24296","12051","12245","3314","5327","3015","3532","3537","5571","1618","2840","1606","1741","1741","2505","1696","2487","1409","1791","1796","3066","11851","0","11851"
"20212","11230740","이문1동","18532","9220","9312","1993","4775","2170","2439","2613","4542","1009","2386","1233","1245","1348","1999","984","2389","937","1194","1265","2543","10572","0","10572"
"20212","11230750","이문2동","20461","9917","10544","3111","2843","2518","3208","3420","5361","1559","1373","1262","1605","1709","2409","1552","1470","1256","1603","1711","2952","8712","0","8712"
"20212","11260520","면목2동","24773","12340","12433","2884","3381","3293","3687","4931","6597","1440","1677","1740","1950","2517","3016","1444","1704","1553","1737","2414","3581","12298","0","12298"
"20212","11260540","면목4동","18750","9350","9400","2207","2472","2623","2927","3238","5283","1158","1283","1376","1564","1612","2357","1049","1189","1247","1363","1626","2926","8959","0","8959"
"20212","11260550","면목5동","15170","7642","7528","2296","1864","2772","2316","2575","3347","1164","953","1399","1253","1307","1566","1132","911","1373","1063","1268","1781","6602","0","6602"
"20212","11260565","면목본동","34313","17041","17272","3553","5321","5289","5041","6298","8811","1792","2699","2779","2642","3102","4027","1761","2622","2510","2399","3196","4784","17765","0","17765"
"20212","11260570","면목7동","22366","11210","11156","2455","3128","3426","3182","3927","6248","1318","1596","1763","1693","1906","2934","1137","1532","1663","1489","2021","3314","10708","0","10708"
"20212","11260575","면목3?8동","25508","12676","12832","2598","3810","3613","3513","4721","7253","1334","1920","1926","1840","2301","3355","1264","1890","1687","1673","2420","3898","12759","0","12759"
"20212","11260580","상봉1동","24775","12114","12661","3851","3574","3649","3602","4416","5683","2032","1762","1843","1764","2121","2592","1819","1812","1806","1838","2295","3091","10297","0","10297"
"20212","11260590","상봉2동","19882","9674","10208","1606","4048","4117","2622","3103","4386","839","1702","2111","1380","1564","2078","767","2346","2006","1242","1539","2308","11702","0","11702"
"20212","11260600","중화1동","20232","9911","10321","2627","2925","3217","2837","3381","5245","1333","1436","1670","1488","1575","2409","1294","1489","1547","1349","1806","2836","9121","0","9121"
"20212","11260610","중화2동","25562","13123","12439","2236","3772","3694","3501","4968","7391","1192","1871","1974","1887","2635","3564","1044","1901","1720","1614","2333","3827","13880","0","13880"
"20212","11260620","묵1동","35402","17135","18267","5518","4995","4950","5894","5553","8492","2814","2401","2449","2911","2669","3891","2704","2594","2501","2983","2884","4601","14972","0","14972"
"20212","11260630","묵2동","19446","9570","9876","2330","2728","3123","2907","3245","5113","1208","1330","1630","1468","1588","2346","1122","1398","1493","1439","1657","2767","9338","0","9338"
"20212","11260655","망우본동","30392","15262","15130","3381","4214","4110","4126","5693","8868","1713","2136","2142","2232","2865","4174","1668","2078","1968","1894","2828","4694","15073","0","15073"
"20212","11260660","망우3동","17107","8588","8519","1962","2336","2149","2440","3321","4899","948","1191","1169","1254","1694","2332","1014","1145","980","1186","1627","2567","8431","0","8431"
"20212","11260680","신내1동","39688","19315","20373","7169","4931","5130","6037","6572","9849","3676","2503","2528","3029","3110","4469","3493","2428","2602","3008","3462","5380","14806","0","14806"
"20212","11260690","신내2동","21208","10115","11093","3132","2583","2946","3221","3559","5767","1600","1316","1446","1569","1674","2510","1532","1267","1500","1652","1885","3257","9076","0","9076"
"20212","11290525","성북동","16832","7862","8970","1967","2808","2518","2545","2762","4232","1011","1287","1198","1210","1306","1850","956","1521","1320","1335","1456","2382","8225","0","8225"
"20212","11290555","삼선동","23545","11221","12324","3053","4275","3339","3694","3674","5510","1597","1907","1646","1807","1847","2417","1456","2368","1693","1887","1827","3093","11689","0","11689"
"20212","11290575","동선동","15583","6532","9051","1529","4477","2508","2036","1930","3103","712","1421","1154","973","958","1314","817","3056","1354","1063","972","1789","9347","0","9347"
"20212","11290580","돈암1동","15288","7144","8144","2174","2082","1981","2215","2719","4117","1053","964","979","1037","1300","1811","1121","1118","1002","1178","1419","2306","6236","0","6236"
"20212","11290590","돈암2동","24591","11692","12899","4892","3025","3040","4516","4079","5039","2475","1488","1421","2127","1965","2216","2417","1537","1619","2389","2114","2823","8735","0","8735"
"20212","11290600","안암동","14908","7511","7397","1279","5070","2002","1660","2004","2893","660","2643","1121","851","990","1246","619","2427","881","809","1014","1647","9202","0","9202"
"20212","11290610","보문동","15749","7608","8141","1933","2707","2624","2415","2553","3517","952","1335","1332","1227","1219","1543","981","1372","1292","1188","1334","1974","7827","0","7827"
"20212","11290620","정릉1동","18647","9008","9639","3231","2318","2650","3258","2855","4335","1648","1159","1295","1589","1411","1906","1583","1159","1355","1669","1444","2429","7502","0","7502"
"20212","11290630","정릉2동","23495","11368","12127","3412","3249","3158","3632","3747","6297","1740","1643","1612","1793","1808","2772","1672","1606","1546","1839","1939","3525","9882","0","9882"
"20212","11290640","정릉3동","15532","7689","7843","1596","3171","1909","1949","2386","4521","817","1745","1074","958","1167","1928","779","1426","835","991","1219","2593","8011","0","8011"
"20212","11290650","정릉4동","25601","12380","13221","3856","3267","3292","4220","4171","6795","2019","1691","1590","2086","2015","2979","1837","1576","1702","2134","2156","3816","10979","0","10979"
"20212","11290660","길음1동","36397","17304","19093","8899","3486","4714","7942","4966","6390","4450","1667","2121","3814","2536","2716","4449","1819","2593","4128","2430","3674","12775","0","12775"
"20212","11290685","길음2동","17041","8242","8799","2879","2126","2532","2956","2771","3777","1526","1016","1235","1410","1368","1687","1353","1110","1297","1546","1403","2090","7118","0","7118"
"20212","11290705","종암동","39773","19588","20185","6415","5839","5234","6460","6365","9460","3409","3066","2603","3187","3172","4151","3006","2773","2631","3273","3193","5309","17435","0","17435"
"20212","11290715","월곡1동","26920","13023","13897","4720","3043","3598","4607","4260","6692","2330","1462","1765","2323","2105","3038","2390","1581","1833","2284","2155","3654","10916","0","10916"
"20212","11290725","월곡2동","19925","9584","10341","2596","3584","2738","2870","3042","5095","1341","1527","1415","1452","1549","2300","1255","2057","1323","1418","1493","2795","9615","0","9615"
"20212","11290760","장위1동","20207","9845","10362","2501","3027","2472","2908","3818","5481","1259","1553","1355","1404","1833","2441","1242","1474","1117","1504","1985","3040","9162","0","9162"
"20212","11290770","장위2동","13848","6857","6991","1506","1925","1701","1967","2454","4295","755","964","906","1057","1255","1920","751","961","795","910","1199","2375","6593","0","6593"
"20212","11290780","장위3동","17221","8518","8703","3194","2227","2772","2748","2712","3568","1632","1082","1354","1393","1384","1673","1562","1145","1418","1355","1328","1895","7094","0","7094"
"20212","11290810","석관동","35589","17616","17973","4272","5198","5027","5177","6014","9901","2230","2573","2584","2693","2957","4579","2042","2625","2443","2484","3057","5322","16697","0","16697"
"20212","11305534","삼양동","24555","12239","12316","3286","3153","3031","3666","4374","7045","1720","1627","1609","1868","2210","3205","1566","1526","1422","1798","2164","3840","11377","0","11377"
"20212","11305535","미아동","22217","10700","11517","2132","3868","2899","3093","3846","6379","1135","1674","1533","1614","1861","2883","997","2194","1366","1479","1985","3496","11775","0","11775"
"20212","11305545","송중동","30349","14594","15755","3618","4271","4115","4607","5199","8539","1809","2091","2072","2347","2453","3822","1809","2180","2043","2260","2746","4717","14073","0","14073"
"20212","11305555","송천동","27466","13641","13825","2718","3703","3290","3934","5055","8766","1375","1888","1760","2072","2547","3999","1343","1815","1530","1862","2508","4767","13795","0","13795"
"20212","11305575","삼각산동","31996","15394","16602","7015","3387","3850","6493","4975","6276","3608","1678","1804","3139","2475","2690","3407","1709","2046","3354","2500","3586","11742","0","11742"
"20212","11305595","번1동","19057","9573","9484","1792","3283","2816","2946","3130","5090","948","1587","1524","1560","1627","2327","844","1696","1292","1386","1503","2763","10476","0","10476"
"20212","11305603","번2동","16440","7977","8463","1781","2212","1808","2427","2776","5436","941","1153","1005","1234","1352","2292","840","1059","803","1193","1424","3144","7659","0","7659"
"20212","11305608","번3동","17545","8257","9288","2317","1943","1748","2673","2831","6033","1179","991","904","1367","1362","2454","1138","952","844","1306","1469","3579","7579","0","7579"
"20212","11305615","수유1동","21236","10516","10720","2420","3068","2789","3014","3628","6317","1237","1558","1504","1620","1757","2840","1183","1510","1285","1394","1871","3477","10452","0","10452"
"20212","11305625","수유2동","21476","10289","11187","2498","2993","2581","3060","3784","6560","1316","1436","1372","1523","1793","2849","1182","1557","1209","1537","1991","3711","9731","0","9731"
"20212","11305635","수유3동","23512","11646","11866","1962","4305","3385","3309","4036","6515","1021","2065","1846","1748","2040","2926","941","2240","1539","1561","1996","3589","12998","0","12998"
"20212","11305645","우이동","20955","10206","10749","2501","2678","2592","3005","3588","6591","1333","1253","1397","1543","1730","2950","1168","1425","1195","1462","1858","3641","9647","0","9647"
"20212","11305660","인수동","31311","15131","16180","3707","4100","3842","4506","5425","9731","1862","2053","2026","2304","2587","4299","1845","2047","1816","2202","2838","5432","14563","0","14563"
"20212","11320511","창1동","25241","12027","13214","3749","3307","3413","4121","4181","6470","1899","1643","1707","1996","1944","2838","1850","1664","1706","2125","2237","3632","10877","0","10877"
"20212","11320512","창2동","29648","14474","15174","4104","4143","4145","4588","5178","7490","2143","2064","2079","2327","2465","3396","1961","2079","2066","2261","2713","4094","12458","0","12458"
"20212","11320513","창3동","14305","7124","7181","1863","1828","1710","2167","2621","4116","972","951","913","1114","1297","1877","891","877","797","1053","1324","2239","6654","0","6654"
"20212","11320514","창4동","27197","13076","14121","4413","3735","3420","4429","4919","6281","2270","1895","1656","2085","2324","2846","2143","1840","1764","2344","2595","3435","10753","0","10753"
"20212","11320515","창5동","25203","12123","13080","3530","3726","3560","3569","4456","6362","1829","1824","1829","1689","2050","2902","1701","1902","1731","1880","2406","3460","10266","0","10266"
"20212","11320521","도봉1동","21653","10950","10703","2080","2634","2404","2927","3810","7798","1080","1409","1328","1589","1903","3641","1000","1225","1076","1338","1907","4157","10426","0","10426"
"20212","11320522","도봉2동","27800","13600","14200","3388","3341","3654","3809","4506","9102","1749","1687","1858","1932","2193","4181","1639","1654","1796","1877","2313","4921","12123","0","12123"
"20212","11320660","쌍문1동","21794","10500","11294","2809","3096","2598","3250","3692","6349","1395","1467","1335","1653","1769","2881","1414","1629","1263","1597","1923","3468","9441","0","9441"
"20212","11320670","쌍문2동","19253","9269","9984","2422","2545","2624","2799","3329","5534","1274","1299","1355","1408","1499","2434","1148","1246","1269","1391","1830","3100","8673","0","8673"
"20212","11320680","쌍문3동","16762","8136","8626","1819","2499","2380","2433","2846","4785","938","1227","1233","1259","1319","2160","881","1272","1147","1174","1527","2625","7896","0","7896"
"20212","11320681","쌍문4동","19259","9090","10169","3249","2568","2322","3007","3437","4676","1648","1290","1120","1366","1548","2118","1601","1278","1202","1641","1889","2558","7196","0","7196"
"20212","11320690","방학1동","28975","14420","14555","3761","3904","3352","4238","5428","8292","1893","2031","1733","2100","2731","3932","1868","1873","1619","2138","2697","4360","12737","0","12737"
"20212","11320700","방학2동","20278","10245","10033","2435","2723","2210","2949","3774","6187","1269","1488","1213","1526","1867","2882","1166","1235","997","1423","1907","3305","9509","0","9509"
"20212","11320710","방학3동","27895","13583","14312","4769","3369","3212","4256","4835","7454","2561","1841","1613","1998","2244","3326","2208","1528","1599","2258","2591","4128","10068","0","10068"
"20212","11350560","월계1동","22454","11554","10900","2925","3873","2717","3440","3569","5930","1545","2226","1478","1774","1796","2735","1380","1647","1239","1666","1773","3195","10472","0","10472"
"20212","11350570","월계2동","27466","13247","14219","3943","3244","3238","4338","4625","8078","2022","1726","1633","2197","2212","3457","1921","1518","1605","2141","2413","4621","12063","0","12063"
"20212","11350580","월계3동","30593","14662","15931","4410","3601","4627","4676","4803","8476","2277","1801","2329","2358","2243","3654","2133","1800","2298","2318","2560","4822","13009","0","13009"
"20212","11350595","공릉1동","37700","18335","19365","4795","6830","5406","5406","5849","9414","2423","3395","2741","2754","2813","4209","2372","3435","2665","2652","3036","5205","18300","0","18300"
"20212","11350600","공릉2동","39784","19394","20390","7324","6721","5226","6584","6121","7808","3763","3325","2611","3110","3009","3576","3561","3396","2615","3474","3112","4232","16502","0","16502"
"20212","11350611","하계1동","27479","13234","14245","4354","4696","2748","4237","4977","6467","2399","2514","1385","1874","2411","2651","1955","2182","1363","2363","2566","3816","11662","0","11662"
"20212","11350612","하계2동","22673","10808","11865","4351","3096","2556","4071","3921","4678","2243","1577","1212","1896","1889","1991","2108","1519","1344","2175","2032","2687","8303","0","8303"
"20212","11350619","중계본동","24840","12174","12666","6075","3245","1908","5083","4554","3975","3112","1709","900","2222","2366","1865","2963","1536","1008","2861","2188","2110","8624","0","8624"
"20212","11350621","중계1동","27473","13374","14099","7750","2973","2006","6627","4469","3648","4106","1542","854","2884","2391","1597","3644","1431","1152","3743","2078","2051","9073","0","9073"
"20212","11350624","중계4동","20700","9999","10701","3504","2613","1993","3542","3612","5436","1885","1369","1010","1643","1814","2278","1619","1244","983","1899","1798","3158","8476","0","8476"
"20212","11350625","중계2?3동","35461","16354","19107","5317","4341","4303","5926","5653","9921","2597","2229","2087","2909","2654","3878","2720","2112","2216","3017","2999","6043","15408","0","15408"
"20212","11350630","상계1동","39064","18975","20089","5741","5302","4946","5735","7015","10325","2980","2717","2468","2753","3308","4749","2761","2585","2478","2982","3707","5576","15655","0","15655"
"20212","11350640","상계2동","20557","10167","10390","2880","3323","2335","3102","3944","4973","1464","1667","1226","1491","1981","2338","1416","1656","1109","1611","1963","2635","8798","0","8798"
"20212","11350665","상계3?4동","27081","13471","13610","3538","3256","2965","4002","4808","8512","1869","1757","1560","2016","2435","3834","1669","1499","1405","1986","2373","4678","12221","0","12221"
"20212","11350670","상계5동","24691","11998","12693","3176","3492","2631","3739","4552","7101","1613","1839","1383","1831","2219","3113","1563","1653","1248","1908","2333","3988","11023","0","11023"
"20212","11350695","상계6?7동","33550","15577","17973","5569","4630","4941","5572","5658","7180","2892","2225","2320","2562","2580","2998","2677","2405","2621","3010","3078","4182","13946","0","13946"
"20212","11350700","상계8동","22935","11020","11915","4551","2687","4732","3919","3012","4034","2318","1324","2326","1956","1418","1678","2233","1363","2406","1963","1594","2356","9169","0","9169"
"20212","11350710","상계9동","21136","10040","11096","3541","2753","2810","3507","3620","4905","1828","1434","1422","1589","1683","2084","1713","1319","1388","1918","1937","2821","8424","0","8424"
"20212","11350720","상계10동","17437","8034","9403","2668","2543","2640","2729","3073","3784","1325","1204","1293","1215","1381","1616","1343","1339","1347","1514","1692","2168","7083","0","7083"
"20212","11380510","녹번동","37380","17807","19573","4821","5070","6066","5831","5883","9709","2410","2384","3031","2940","2805","4237","2411","2686","3035","2891","3078","5472","17479","0","17479"
"20212","11380520","불광1동","39732","18809","20923","5092","5477","5445","6021","6771","10926","2665","2663","2665","2910","3167","4739","2427","2814","2780","3111","3604","6187","17969","0","17969"
"20212","11380530","불광2동","28437","13802","14635","2952","4339","3867","3953","4928","8398","1488","2181","2035","2040","2285","3773","1464","2158","1832","1913","2643","4625","13956","0","13956"
"20212","11380551","갈현1동","23146","11280","11866","2591","3751","3056","3331","4008","6409","1351","1910","1617","1671","1856","2875","1240","1841","1439","1660","2152","3534","11152","0","11152"
"20212","11380552","갈현2동","28872","13674","15198","4039","4370","3917","4715","4798","7033","2045","2101","1928","2263","2245","3092","1994","2269","1989","2452","2553","3941","12643","0","12643"
"20212","11380560","구산동","32750","16287","16463","4675","4439","4119","5130","5670","8717","2300","2191","2118","2577","2856","4245","2375","2248","2001","2553","2814","4472","13401","0","13401"
"20212","11380570","대조동","27235","12691","14544","2851","4889","4193","4105","4138","7059","1396","2140","2083","2018","2001","3053","1455","2749","2110","2087","2137","4006","14312","0","14312"
"20212","11380580","응암1동","30938","14680","16258","4886","4201","5148","5227","4581","6895","2518","1922","2524","2564","2234","2918","2368","2279","2624","2663","2347","3977","14058","0","14058"
"20212","11380590","응암2동","27580","13401","14179","5535","2765","5059","5193","3605","5423","2864","1395","2388","2662","1763","2329","2671","1370","2671","2531","1842","3094","11005","0","11005"
"20212","11380600","응암3동","25229","12332","12897","2631","3648","3379","3615","4242","7714","1371","1853","1784","1854","2130","3340","1260","1795","1595","1761","2112","4374","12765","0","12765"
"20212","11380625","역촌동","46566","22003","24563","6216","6530","6700","7609","7651","11860","3133","3114","3252","3792","3591","5121","3083","3416","3448","3817","4060","6739","20857","0","20857"
"20212","11380631","신사1동","27543","13312","14231","3745","3920","4102","4204","4492","7080","1902","2004","2079","2072","2096","3159","1843","1916","2023","2132","2396","3921","11838","0","11838"
"20212","11380632","신사2동","20812","10392","10420","2782","2938","2797","3166","3509","5620","1503","1523","1475","1616","1682","2593","1279","1415","1322","1550","1827","3027","9044","0","9044"
"20212","11380640","증산동","15338","7474","7864","1940","2110","2024","2248","2579","4437","988","1044","1038","1104","1261","2039","952","1066","986","1144","1318","2398","6891","0","6891"
"20212","11380650","수색동","11132","5498","5634","1442","1485","1729","1505","1965","3006","766","761","880","750","991","1350","676","724","849","755","974","1656","4737","0","4737"
"20212","11380690","진관동","57020","26773","30247","12180","7112","6887","10773","8409","11659","6267","3087","3005","5018","4217","5179","5913","4025","3882","5755","4192","6480","21642","0","21642"
"20212","11410520","천연동","17742","8412","9330","2727","2276","2419","2808","3004","4508","1362","1109","1178","1362","1485","1916","1365","1167","1241","1446","1519","2592","8016","0","8016"
"20212","11410555","북아현동","16643","7949","8694","2524","2381","2894","2685","2778","3381","1279","1079","1417","1351","1375","1448","1245","1302","1477","1334","1403","1933","7469","0","7469"
"20212","11410565","충현동","20756","9990","10766","2595","3434","3262","3046","3349","5070","1289","1650","1614","1535","1658","2244","1306","1784","1648","1511","1691","2826","10379","0","10379"
"20212","11410585","신촌동","19272","8599","10673","1594","7419","3286","1982","1999","2992","809","2877","1645","970","1000","1298","785","4542","1641","1012","999","1694","13316","0","13316"
"20212","11410615","연희동","36200","17437","18763","4151","7591","5620","5114","5256","8468","2102","3871","2818","2446","2492","3708","2049","3720","2802","2668","2764","4760","18862","0","18862"
"20212","11410620","홍제1동","24329","11424","12905","3451","3166","3452","3793","4088","6379","1705","1557","1666","1825","1898","2773","1746","1609","1786","1968","2190","3606","10489","0","10489"
"20212","11410640","홍제3동","15810","7661","8149","1897","2120","1969","2206","2714","4904","990","1065","1027","1100","1370","2109","907","1055","942","1106","1344","2795","7117","0","7117"
"20212","11410655","홍제2동","14233","6779","7454","1910","1857","1925","2050","2570","3921","991","926","960","974","1225","1703","919","931","965","1076","1345","2218","5908","0","5908"
"20212","11410660","홍은1동","22956","11085","11871","3264","2921","2994","3450","3966","6361","1647","1466","1519","1687","1950","2816","1617","1455","1475","1763","2016","3545","9716","0","9716"
"20212","11410685","홍은2동","26960","13019","13941","3464","4245","3479","3999","4588","7185","1763","2139","1822","1971","2192","3132","1701","2106","1657","2028","2396","4053","12304","0","12304"
"20212","11410690","남가좌1동","15900","7657","8243","3606","1553","2487","3089","2130","3035","1774","753","1104","1630","1043","1353","1832","800","1383","1459","1087","1682","5889","0","5889"
"20212","11410700","남가좌2동","30036","14498","15538","5089","4293","4609","4921","4409","6715","2535","2087","2273","2490","2177","2936","2554","2206","2336","2431","2232","3779","13308","0","13308"
"20212","11410710","북가좌1동","18445","8896","9549","3394","2173","2402","3277","3020","4179","1769","1051","1125","1637","1447","1867","1625","1122","1277","1640","1573","2312","6990","0","6990"
"20212","11410720","북가좌2동","32607","15868","16739","4116","4817","4306","5035","5442","8891","2121","2443","2225","2462","2627","3990","1995","2374","2081","2573","2815","4901","14785","0","14785"
"20212","11440555","아현동","25772","12061","13711","4469","3208","5156","4239","3878","4822","2155","1421","2382","2127","1859","2117","2314","1787","2774","2112","2019","2705","10610","0","10610"
"20212","11440565","공덕동","37964","17907","20057","4584","6428","6526","5543","6396","8487","2344","2820","3154","2748","3136","3705","2240","3608","3372","2795","3260","4782","18628","0","18628"
"20212","11440585","도화동","21763","10454","11309","3114","3007","3633","3231","3484","5294","1671","1449","1758","1549","1679","2348","1443","1558","1875","1682","1805","2946","9539","0","9539"
"20212","11440590","용강동","21842","10278","11564","4294","2232","3775","4430","2940","4171","2082","1027","1722","2136","1469","1842","2212","1205","2053","2294","1471","2329","9300","0","9300"
"20212","11440600","대흥동","14388","6943","7445","1565","3355","2375","2090","2036","2967","830","1511","1201","1045","1069","1287","735","1844","1174","1045","967","1680","8385","0","8385"
"20212","11440610","염리동","12125","5839","6286","2088","1801","1869","2190","1765","2412","1045","869","901","1107","886","1031","1043","932","968","1083","879","1381","5677","0","5677"
"20212","11440630","신수동","23146","11271","11875","3604","3477","3770","3911","3566","4818","1913","1749","1834","1839","1785","2151","1691","1728","1936","2072","1781","2667","10213","0","10213"
"20212","11440655","서강동","24664","11742","12922","3605","4648","4109","4000","3678","4624","1832","2224","1937","1920","1751","2078","1773","2424","2172","2080","1927","2546","11619","0","11619"
"20212","11440660","서교동","23682","10810","12872","1830","5964","5177","3499","2754","4458","914","2494","2421","1719","1338","1924","916","3470","2756","1780","1416","2534","14891","0","14891"
"20212","11440680","합정동","19846","9219","10627","2303","3878","3956","2888","2722","4099","1149","1722","1882","1381","1299","1786","1154","2156","2074","1507","1423","2313","10285","0","10285"
"20212","11440690","망원1동","20802","9777","11025","2377","3494","3922","3265","2974","4770","1185","1626","1868","1584","1468","2046","1192","1868","2054","1681","1506","2724","10513","0","10513"
"20212","11440700","망원2동","19023","8954","10069","2766","2909","2976","3266","2821","4285","1375","1343","1408","1605","1387","1836","1391","1566","1568","1661","1434","2449","8571","0","8571"
"20212","11440710","연남동","15575","7355","8220","1429","3229","3101","2336","2033","3447","743","1496","1506","1172","958","1480","686","1733","1595","1164","1075","1967","8854","0","8854"
"20212","11440720","성산1동","19357","9097","10260","2453","3135","3401","3329","2884","4155","1204","1473","1643","1593","1367","1817","1249","1662","1758","1736","1517","2338","9419","0","9419"
"20212","11440730","성산2동","40394","18378","22016","6010","6782","6742","6586","5765","8509","3097","2723","3065","3170","2809","3514","2913","4059","3677","3416","2956","4995","19041","0","19041"
"20212","11440740","상암동","31404","14976","16428","6769","4296","4026","6183","4503","5627","3459","1944","1836","2951","2341","2445","3310","2352","2190","3232","2162","3182","12766","0","12766"
"20212","11470510","목1동","31563","15159","16404","8109","3423","3302","6956","5008","4765","4075","1669","1392","3172","2622","2229","4034","1754","1910","3784","2386","2536","10556","0","10556"
"20212","11470520","목2동","30445","14797","15648","4279","5011","5248","4629","4952","6326","2227","2449","2685","2219","2342","2875","2052","2562","2563","2410","2610","3451","13239","0","13239"
"20212","11470530","목3동","22470","10726","11744","2922","3560","4033","3216","3652","5087","1564","1729","1974","1542","1653","2264","1358","1831","2059","1674","1999","2823","10117","0","10117"
"20212","11470540","목4동","25946","12676","13270","4779","4172","2819","4581","4843","4752","2501","2196","1397","2031","2401","2150","2278","1976","1422","2550","2442","2602","10128","0","10128"
"20212","11470550","목5동","42205","20895","21310","11030","4518","4004","9236","6680","6737","5957","2345","1744","4130","3455","3264","5073","2173","2260","5106","3225","3473","13578","0","13578"
"20212","11470560","신월1동","20959","10757","10202","2336","2696","2770","3113","3915","6129","1198","1430","1526","1624","2051","2928","1138","1266","1244","1489","1864","3201","10203","0","10203"
"20212","11470570","신월2동","21351","10461","10890","3225","2709","3045","3335","3356","5681","1617","1401","1550","1692","1627","2574","1608","1308","1495","1643","1729","3107","8607","0","8607"
"20212","11470580","신월3동","15749","8297","7452","2039","2040","2036","2245","2962","4427","1075","1066","1110","1256","1628","2162","964","974","926","989","1334","2265","8040","0","8040"
"20212","11470590","신월4동","18411","9050","9361","3120","2186","2512","3051","2841","4701","1617","1137","1244","1550","1376","2126","1503","1049","1268","1501","1465","2575","6961","0","6961"
"20212","11470600","신월5동","15055","7459","7596","2281","2154","2110","2308","2549","3653","1195","1094","1114","1145","1215","1696","1086","1060","996","1163","1334","1957","6487","0","6487"
"20212","11470610","신월6동","13741","6769","6972","2688","1606","2583","2159","2032","2673","1365","816","1294","1081","978","1235","1323","790","1289","1078","1054","1438","5226","0","5226"
"20212","11470611","신월7동","20514","10068","10446","2446","2659","2642","2986","3601","6180","1259","1407","1392","1549","1759","2702","1187","1252","1250","1437","1842","3478","9234","0","9234"
"20212","11470620","신정1동","20964","10227","10737","4914","2473","2078","4116","3542","3841","2536","1254","908","1933","1817","1779","2378","1219","1170","2183","1725","2062","7213","0","7213"
"20212","11470630","신정2동","20051","9822","10229","4278","2592","1811","3814","3625","3931","2208","1334","845","1760","1857","1818","2070","1258","966","2054","1768","2113","7141","0","7141"
"20212","11470640","신정3동","46374","22599","23775","8701","5912","5752","8007","7827","10175","4478","3059","2826","3872","3820","4544","4223","2853","2926","4135","4007","5631","17831","0","17831"
"20212","11470650","신정4동","33533","16434","17099","4030","5286","5095","5263","5421","8438","2089","2536","2705","2624","2606","3874","1941","2750","2390","2639","2815","4564","16066","0","16066"
"20212","11470670","신정6동","25017","12160","12857","5769","3198","2749","4744","4416","4141","2975","1640","1222","2137","2199","1987","2794","1558","1527","2607","2217","2154","8300","0","8300"
"20212","11470680","신정7동","29891","14452","15439","5458","3604","3231","5210","5281","7107","2815","1880","1541","2501","2615","3100","2643","1724","1690","2709","2666","4007","11604","0","11604"
"20212","11500510","염창동","41853","20346","21507","8696","5432","7332","7676","5956","6761","4472","2518","3483","3759","2925","3189","4224","2914","3849","3917","3031","3572","15820","0","15820"
"20212","11500520","등촌1동","24118","11283","12835","2654","4989","6008","3255","3033","4179","1455","1994","2894","1605","1474","1861","1199","2995","3114","1650","1559","2318","13153","0","13153"
"20212","11500530","등촌2동","21104","10340","10764","2962","3315","3540","3071","3453","4763","1604","1658","1791","1495","1601","2191","1358","1657","1749","1576","1852","2572","8766","0","8766"
"20212","11500535","등촌3동","31490","15009","16481","3782","4182","4663","3927","5370","9566","1969","2152","2403","1873","2461","4151","1813","2030","2260","2054","2909","5415","15067","0","15067"
"20212","11500540","화곡1동","51115","24830","26285","5142","9133","10320","7382","7240","11898","2596","4115","5477","3856","3406","5380","2546","5018","4843","3526","3834","6518","26338","0","26338"
"20212","11500550","화곡2동","17836","8686","9150","2559","2533","2796","3000","2785","4163","1290","1276","1471","1516","1307","1826","1269","1257","1325","1484","1478","2337","7957","0","7957"
"20212","11500560","화곡3동","21443","10303","11140","2897","3086","3161","3180","3268","5851","1501","1468","1580","1522","1547","2685","1396","1618","1581","1658","1721","3166","9239","0","9239"
"20212","11500570","화곡4동","20867","10214","10653","2499","2942","3333","3221","3401","5471","1296","1520","1731","1661","1616","2390","1203","1422","1602","1560","1785","3081","9638","0","9638"
"20212","11500590","화곡본동","38372","18719","19653","5238","6547","7107","6129","5477","7874","2753","3077","3808","3121","2574","3386","2485","3470","3299","3008","2903","4488","18579","0","18579"
"20212","11500591","화곡6동","24230","11844","12386","2858","4152","4039","3536","3860","5785","1539","1967","2075","1787","1837","2639","1319","2185","1964","1749","2023","3146","11873","0","11873"
"20212","11500593","화곡8동","24746","11897","12849","2940","3770","4188","3938","3696","6214","1476","1845","2187","2001","1658","2730","1464","1925","2001","1937","2038","3484","11583","0","11583"
"20212","11500603","가양1동","34206","15801","18405","3618","8428","8327","4599","4299","4935","1870","2872","4201","2404","2066","2388","1748","5556","4126","2195","2233","2547","20072","0","20072"
"20212","11500604","가양2동","14520","6884","7636","1002","1712","2413","1504","2215","5674","515","768","1249","770","1034","2548","487","944","1164","734","1181","3126","8052","0","8052"
"20212","11500605","가양3동","15544","7269","8275","1344","1846","3144","1929","2277","5004","691","885","1578","1018","1069","2028","653","961","1566","911","1208","2976","7912","0","7912"
"20212","11500611","발산1동","37403","17751","19652","8455","4620","4428","7260","5715","6925","4173","2271","2104","3445","2759","2999","4282","2349","2324","3815","2956","3926","13523","0","13523"
"20212","11500615","우장산동","43678","20888","22790","9278","5266","5575","8655","6506","8398","4537","2517","2657","4051","3239","3887","4741","2749","2918","4604","3267","4511","16129","0","16129"
"20212","11500620","공항동","26929","13662","13267","4329","3789","5023","4292","3815","5681","2235","1907","2615","2307","1938","2660","2094","1882","2408","1985","1877","3021","12784","0","12784"
"20212","11500630","방화1동","44340","21631","22709","8542","5323","6504","7719","6535","9717","4264","2565","3196","3916","3186","4504","4278","2758","3308","3803","3349","5213","17489","0","17489"
"20212","11500640","방화2동","23107","11401","11706","2617","3321","3480","3188","3709","6792","1375","1594","1877","1690","1845","3020","1242","1727","1603","1498","1864","3772","11644","0","11644"
"20212","11500641","방화3동","23471","11391","12080","2893","2599","3732","3470","3614","7163","1488","1349","1923","1768","1741","3122","1405","1250","1809","1702","1873","4041","11330","0","11330"
"20212","11530510","신도림동","36197","17684","18513","7148","4343","6241","6543","5098","6824","3622","2102","2985","3216","2514","3245","3526","2241","3256","3327","2584","3579","13483","0","13483"
"20212","11530520","구로1동","21220","10412","10808","3848","2824","3884","3634","3012","4018","2016","1343","1949","1829","1433","1842","1832","1481","1935","1805","1579","2176","8364","0","8364"
"20212","11530530","구로2동","24606","12419","12187","2338","3251","2934","3507","4720","7856","1232","1697","1620","1857","2466","3547","1106","1554","1314","1650","2254","4309","12794","0","12794"
"20212","11530540","구로3동","23853","12153","11700","2782","4134","5016","4016","3059","4846","1440","2015","2716","2213","1608","2161","1342","2119","2300","1803","1451","2685","13227","0","13227"
"20212","11530550","구로4동","20378","9883","10495","1962","2826","2934","2972","3533","6151","994","1340","1521","1510","1779","2739","968","1486","1413","1462","1754","3412","10711","0","10711"
"20212","11530560","구로5동","29372","14272","15100","3455","5067","5452","4126","4556","6716","1764","2225","2725","2110","2303","3145","1691","2842","2727","2016","2253","3571","14707","0","14707"
"20212","11530595","가리봉동","9271","5026","4245","523","1489","1256","1183","1866","2954","287","781","728","670","1107","1453","236","708","528","513","759","1501","6040","0","6040"
"20212","11530720","고척1동","23146","11542","11604","3293","3293","2908","3512","3936","6204","1708","1726","1514","1778","1922","2894","1585","1567","1394","1734","2014","3310","9619","0","9619"
"20212","11530730","고척2동","27366","13549","13817","4073","3615","3326","4289","4791","7272","2075","1861","1677","2166","2368","3402","1998","1754","1649","2123","2423","3870","11610","0","11610"
"20212","11530740","개봉1동","34336","17169","17167","4655","4632","5074","4975","5860","9140","2348","2370","2651","2570","2913","4317","2307","2262","2423","2405","2947","4823","14937","0","14937"
"20212","11530750","개봉2동","31775","15502","16273","4516","3870","4570","4857","4978","8984","2301","1947","2289","2488","2344","4133","2215","1923","2281","2369","2634","4851","12605","0","12605"
"20212","11530760","개봉3동","20845","10201","10644","2668","2612","2786","3224","3495","6060","1373","1339","1442","1654","1643","2750","1295","1273","1344","1570","1852","3310","8842","0","8842"
"20212","11530770","오류1동","22669","11102","11567","2472","3979","4361","3183","3057","5617","1247","1777","2260","1660","1539","2619","1225","2202","2101","1523","1518","2998","11785","0","11785"
"20212","11530780","오류2동","39127","18870","20257","7244","4661","5182","6707","5695","9638","3694","2271","2548","3375","2716","4266","3550","2390","2634","3332","2979","5372","15629","0","15629"
"20212","11530790","수궁동","23972","11848","12124","3493","3088","3317","3833","3932","6309","1869","1608","1699","1902","1866","2904","1624","1480","1618","1931","2066","3405","9967","0","9967"
"20212","11530800","항동","16279","8030","8249","3918","1720","3914","2663","1745","2319","2034","808","1894","1419","801","1074","1884","912","2020","1244","944","1245","6135","0","6135"
"20212","11545510","가산동","23050","12608","10442","1401","6523","5434","2749","2970","3973","677","3035","3382","1711","1740","2063","724","3488","2052","1038","1230","1910","15924","0","15924"
"20212","11545610","독산1동","42270","21748","20522","5535","7328","8449","6238","6244","8476","2809","3664","4707","3402","3148","4018","2726","3664","3742","2836","3096","4458","21131","0","21131"
"20212","11545620","독산2동","19016","9631","9385","2117","2842","2493","2608","3813","5143","1101","1488","1352","1324","1918","2448","1016","1354","1141","1284","1895","2695","9436","0","9436"
"20212","11545630","독산3동","24503","12308","12195","2380","3852","3545","3276","4761","6689","1212","1917","1979","1708","2361","3131","1168","1935","1566","1568","2400","3558","12553","0","12553"
"20212","11545640","독산4동","15537","7838","7699","1633","2287","1980","2113","3248","4276","826","1163","1097","1053","1661","2038","807","1124","883","1060","1587","2238","7657","0","7657"
"20212","11545670","시흥1동","33778","16865","16913","4166","5050","4789","5006","5947","8820","2187","2577","2554","2554","2915","4078","1979","2473","2235","2452","3032","4742","16124","0","16124"
"20212","11545680","시흥2동","21962","10590","11372","3715","2495","2481","3497","3808","5966","1841","1292","1215","1719","1794","2729","1874","1203","1266","1778","2014","3237","8474","0","8474"
"20212","11545690","시흥3동","11130","5525","5605","1259","1445","1431","1564","2015","3416","624","772","763","811","974","1581","635","673","668","753","1041","1835","4771","0","4771"
"20212","11545700","시흥4동","20791","10307","10484","2627","2732","2585","2974","3923","5950","1333","1430","1373","1495","1880","2796","1294","1302","1212","1479","2043","3154","9154","0","9154"
"20212","11545710","시흥5동","19686","9806","9880","2392","2548","2284","2890","3563","6009","1205","1368","1229","1502","1823","2679","1187","1180","1055","1388","1740","3330","9414","0","9414"
"20212","11560515","영등포본동","21466","11010","10456","2702","2850","3306","3147","3652","5809","1396","1535","1733","1658","1906","2782","1306","1315","1573","1489","1746","3027","10338","0","10338"
"20212","11560535","영등포동","28026","15044","12982","2095","6712","6875","3512","3593","5239","1066","2922","3839","2082","2232","2903","1029","3790","3036","1430","1361","2336","18953","0","18953"
"20212","11560540","여의동","34156","16052","18104","5856","3872","5277","5485","5170","8496","2924","1791","2411","2587","2511","3828","2932","2081","2866","2898","2659","4668","13784","0","13784"
"20212","11560550","당산1동","20750","10190","10560","2137","3542","4245","2927","3064","4835","1067","1602","2227","1521","1543","2230","1070","1940","2018","1406","1521","2605","10797","0","10797"
"20212","11560560","당산2동","37551","17619","19932","5102","7320","8220","5249","4820","6840","2561","3028","3962","2584","2310","3174","2541","4292","4258","2665","2510","3666","18478","0","18478"
"20212","11560585","도림동","18248","9159","9089","1948","2777","3231","2742","3001","4549","1022","1303","1708","1461","1577","2088","926","1474","1523","1281","1424","2461","9436","0","9436"
"20212","11560605","문래동","33159","16250","16909","6315","3845","6194","5984","4184","6637","3259","1830","2974","3018","2104","3065","3056","2015","3220","2966","2080","3572","13355","0","13355"
"20212","11560610","양평1동","17384","8564","8820","2234","2734","4319","2766","2051","3280","1176","1174","2251","1463","1053","1447","1058","1560","2068","1303","998","1833","9134","0","9134"
"20212","11560620","양평2동","22389","11124","11265","3257","3686","5186","3358","3054","3848","1686","1688","2679","1689","1591","1791","1571","1998","2507","1669","1463","2057","10325","0","10325"
"20212","11560630","신길1동","17447","8874","8573","1483","3387","2981","2441","2551","4604","752","1672","1710","1339","1335","2066","731","1715","1271","1102","1216","2538","10413","0","10413"
"20212","11560650","신길3동","16891","8320","8571","2331","2166","2546","2490","2900","4458","1212","1070","1311","1284","1442","2001","1119","1096","1235","1206","1458","2457","7653","0","7653"
"20212","11560660","신길4동","10489","5201","5288","1221","1420","1452","1496","1851","3049","620","752","774","758","927","1370","601","668","678","738","924","1679","5042","0","5042"
"20212","11560670","신길5동","11179","5420","5759","1586","1391","1637","1647","1942","2976","791","695","866","830","941","1297","795","696","771","817","1001","1679","4997","0","4997"
"20212","11560680","신길6동","19624","9600","10024","2527","3210","3293","2849","2953","4792","1374","1515","1653","1464","1427","2167","1153","1695","1640","1385","1526","2625","9247","0","9247"
"20212","11560690","신길7동","20286","10120","10166","3830","2814","3497","3315","3101","3729","2047","1424","1728","1667","1541","1713","1783","1390","1769","1648","1560","2016","7911","0","7911"
"20212","11560700","대림1동","14842","7366","7476","1761","2165","1995","2123","2533","4265","963","1073","1044","1134","1239","1913","798","1092","951","989","1294","2352","7219","0","7219"
"20212","11560710","대림2동","12409","6100","6309","1050","1896","1704","1695","2198","3866","528","973","925","883","1071","1720","522","923","779","812","1127","2146","6977","0","6977"
"20212","11560720","대림3동","22896","11479","11417","2642","3167","3292","3186","4257","6352","1368","1652","1778","1590","2128","2963","1274","1515","1514","1596","2129","3389","10429","0","10429"
"20212","11590510","노량진1동","32054","15972","16082","3941","5592","5423","4353","4703","8042","2017","2937","2923","2265","2275","3555","1924","2655","2500","2088","2428","4487","15709","0","15709"
"20212","11590520","노량진2동","12664","6491","6173","913","2337","1917","1552","2144","3801","477","1211","1127","853","1091","1732","436","1126","790","699","1053","2069","7466","0","7466"
"20212","11590530","상도1동","45153","21834","23319","6123","9857","6311","6578","6345","9939","3111","4984","3119","3261","2960","4399","3012","4873","3192","3317","3385","5540","21584","0","21584"
"20212","11590540","상도2동","27835","13383","14452","4175","4297","4679","4310","4116","6258","2137","2046","2276","2160","1975","2789","2038","2251","2403","2150","2141","3469","12575","0","12575"
"20212","11590550","상도3동","25071","11976","13095","2902","4223","4208","3690","3881","6167","1480","1952","2186","1817","1849","2692","1422","2271","2022","1873","2032","3475","12051","0","12051"
"20212","11590560","상도4동","28885","14018","14867","3599","4580","4840","4380","4403","7083","1897","2185","2522","2215","2092","3107","1702","2395","2318","2165","2311","3976","13804","0","13804"
"20212","11590605","흑석동","32306","15694","16612","4521","5138","4548","4891","5216","7992","2321","2681","2248","2501","2478","3465","2200","2457","2300","2390","2738","4527","14266","0","14266"
"20212","11590620","사당1동","23072","10944","12128","1730","5253","4655","2944","3088","5402","899","2260","2433","1510","1404","2438","831","2993","2222","1434","1684","2964","13289","0","13289"
"20212","11590630","사당2동","27227","13111","14116","3452","3684","4489","4047","4186","7369","1852","1759","2225","1987","1994","3294","1600","1925","2264","2060","2192","4075","11947","0","11947"
"20212","11590640","사당3동","25027","12119","12908","3769","3398","4133","3830","3640","6257","1968","1584","1974","1963","1721","2909","1801","1814","2159","1867","1919","3348","10564","0","10564"
"20212","11590650","사당4동","14426","6900","7526","1501","2526","2494","2072","2102","3731","789","1168","1267","1076","967","1633","712","1358","1227","996","1135","2098","7154","0","7154"
"20212","11590651","사당5동","14690","7131","7559","2065","2219","2597","2336","2184","3289","1067","1084","1321","1162","1031","1466","998","1135","1276","1174","1153","1823","6600","0","6600"
"20212","11590660","대방동","38781","18450","20331","6483","6483","5434","6622","5833","7926","3192","3069","2662","3199","2929","3399","3291","3414","2772","3423","2904","4527","17282","0","17282"
"20212","11590670","신대방1동","23662","11391","12271","4053","3406","3095","4027","3728","5353","2017","1635","1525","1917","1864","2433","2036","1771","1570","2110","1864","2920","10234","0","10234"
"20212","11590680","신대방2동","20916","9943","10973","3271","3590","3408","3367","2789","4491","1652","1582","1665","1667","1341","2036","1619","2008","1743","1700","1448","2455","9769","0","9769"
"20212","11620525","보라매동","23236","11427","11809","2448","4518","3839","3217","3219","5995","1286","2178","2100","1657","1518","2688","1162","2340","1739","1560","1701","3307","12009","0","12009"
"20212","11620545","청림동","15551","7619","7932","2441","1851","2604","2481","2323","3851","1269","981","1307","1259","1142","1661","1172","870","1297","1222","1181","2190","6553","0","6553"
"20212","11620565","성현동","33366","16092","17274","5398","4672","4512","5523","5221","8040","2827","2292","2250","2746","2528","3449","2571","2380","2262","2777","2693","4591","14122","0","14122"
"20212","11620575","행운동","28912","14070","14842","2547","7342","5965","3654","3417","5987","1292","3311","3182","1915","1676","2694","1255","4031","2783","1739","1741","3293","17137","0","17137"
"20212","11620585","낙성대동","15664","7865","7799","1312","5066","3223","1829","1583","2651","640","2416","1813","963","827","1206","672","2650","1410","866","756","1445","10254","0","10254"
"20212","11620595","청룡동","34681","16671","18010","2915","11004","6667","4022","3847","6226","1431","4833","3542","2086","1942","2837","1484","6171","3125","1936","1905","3389","22229","0","22229"
"20212","11620605","은천동","33720","16494","17226","4752","5449","5331","5238","4853","8097","2471","2592","2762","2702","2376","3591","2281","2857","2569","2536","2477","4506","15937","0","15937"
"20212","11620615","중앙동","15166","7234","7932","1001","4394","2978","1720","1798","3275","507","1802","1624","936","899","1466","494","2592","1354","784","899","1809","9605","0","9605"
"20212","11620625","인헌동","25460","12424","13036","2650","5694","4837","3503","3379","5397","1372","2688","2523","1778","1650","2413","1278","3006","2314","1725","1729","2984","13908","0","13908"
"20212","11620630","남현동","18396","8882","9514","1833","3952","3720","2307","2559","4025","922","1783","1974","1198","1165","1840","911","2169","1746","1109","1394","2185","9538","0","9538"
"20212","11620645","서원동","22343","11505","10838","1495","6371","4452","2707","2732","4586","770","3244","2599","1489","1305","2098","725","3127","1853","1218","1427","2488","13823","0","13823"
"20212","11620655","신원동","18098","9066","9032","1459","4347","3218","2251","2420","4403","712","2194","1849","1221","1197","1893","747","2153","1369","1030","1223","2510","10797","0","10797"
"20212","11620665","서림동","25506","13917","11589","2099","6035","5061","3556","3385","5370","1080","3335","3097","2132","1784","2489","1019","2700","1964","1424","1601","2881","15523","0","15523"
"20212","11620685","신사동","22688","11352","11336","1931","5761","3910","2995","3223","4868","1039","2713","2213","1551","1600","2236","892","3048","1697","1444","1623","2632","13680","0","13680"
"20212","11620695","신림동","21839","11395","10444","839","8411","5604","2485","1751","2749","416","4061","3225","1428","983","1282","423","4350","2379","1057","768","1467","17289","0","17289"
"20212","11620715","난향동","15780","7777","8003","2670","1723","1904","2973","2567","3943","1355","886","944","1501","1293","1798","1315","837","960","1472","1274","2145","6422","0","6422"
"20212","11620725","조원동","17480","8832","8648","1515","4082","3265","2234","2393","3991","759","1858","1834","1189","1265","1927","756","2224","1431","1045","1128","2064","10649","0","10649"
"20212","11620735","대학동","24481","14713","9768","1847","6547","4989","3662","3212","4224","955","3889","3323","2473","2007","2066","892","2658","1666","1189","1205","2158","16777","0","16777"
"20212","11620745","삼성동","23760","11871","11889","2455","2905","2688","3408","4238","8066","1308","1551","1525","1819","2119","3549","1147","1354","1163","1589","2119","4517","11204","0","11204"
"20212","11620765","미성동","30979","15172","15807","4055","4797","4264","4700","4963","8200","2026","2369","2225","2407","2380","3765","2029","2428","2039","2293","2583","4435","14102","0","14102"
"20212","11620775","난곡동","27330","13700","13630","3204","4102","3697","3921","4891","7515","1666","2135","2017","2058","2377","3447","1538","1967","1680","1863","2514","4068","12972","0","12972"
"20212","11650510","서초1동","21009","10095","10914","3483","2834","3598","3801","2998","4295","1805","1355","1646","1827","1453","2009","1678","1479","1952","1974","1545","2286","9350","0","9350"
"20212","11650520","서초2동","21404","10200","11204","3682","3055","4227","3838","2854","3748","1894","1368","1938","1830","1427","1743","1788","1687","2289","2008","1427","2005","9671","0","9671"
"20212","11650530","서초3동","31930","15560","16370","4574","5251","5390","5052","4888","6775","2553","2465","2562","2392","2409","3179","2021","2786","2828","2660","2479","3596","14565","0","14565"
"20212","11650531","서초4동","31457","15285","16172","7211","3587","3731","6395","4772","5761","3761","1736","1601","2974","2491","2722","3450","1851","2130","3421","2281","3039","11005","0","11005"
"20212","11650540","잠원동","28349","13589","14760","5634","3683","3857","5551","4624","5000","2905","1773","1764","2544","2319","2284","2729","1910","2093","3007","2305","2716","11449","0","11449"
"20212","11650550","반포본동","11947","5637","6310","2490","1494","892","2258","2175","2638","1277","719","401","924","1105","1211","1213","775","491","1334","1070","1427","4107","0","4107"
"20212","11650560","반포1동","32298","15597","16701","6603","4226","5496","6623","4116","5234","3348","1923","2493","3327","2130","2376","3255","2303","3003","3296","1986","2858","14274","0","14274"
"20212","11650570","반포2동","16079","7668","8411","4625","1360","1541","3721","2142","2690","2335","665","610","1697","1152","1209","2290","695","931","2024","990","1481","5109","0","5109"
"20212","11650580","반포3동","22333","10576","11757","4968","2497","2613","4569","3491","4195","2554","1232","1151","2045","1768","1826","2414","1265","1462","2524","1723","2369","7739","0","7739"
"20212","11650581","반포4동","19377","9164","10213","3854","2328","2649","3579","2865","4102","2017","1114","1171","1625","1372","1865","1837","1214","1478","1954","1493","2237","7275","0","7275"
"20212","11650590","방배본동","21099","9797","11302","4277","2681","2432","3961","3423","4325","2062","1252","1077","1755","1706","1945","2215","1429","1355","2206","1717","2380","7997","0","7997"
"20212","11650600","방배1동","17245","8086","9159","2512","2499","2969","2797","2455","4013","1311","1188","1346","1291","1144","1806","1201","1311","1623","1506","1311","2207","7644","0","7644"
"20212","11650610","방배2동","20247","9493","10754","2819","2861","3177","3080","3164","5146","1434","1420","1474","1436","1433","2296","1385","1441","1703","1644","1731","2850","8671","0","8671"
"20212","11650620","방배3동","21283","10278","11005","3322","2781","2942","3220","3528","5490","1710","1453","1406","1479","1644","2586","1612","1328","1536","1741","1884","2904","8284","0","8284"
"20212","11650621","방배4동","23722","10840","12882","4290","3204","3625","4292","3525","4786","2036","1410","1603","1921","1708","2162","2254","1794","2022","2371","1817","2624","9812","0","9812"
"20212","11650651","양재1동","44542","21287","23255","8390","5396","6773","7771","6302","9910","4300","2637","3243","3789","3000","4318","4090","2759","3530","3982","3302","5592","18222","0","18222"
"20212","11650652","양재2동","22452","11264","11188","3064","3369","4543","3733","3340","4403","1606","1705","2366","1912","1643","2032","1458","1664","2177","1821","1697","2371","10829","0","10829"
"20212","11650660","내곡동","17915","8715","9200","3318","1925","2725","3049","2476","4422","1677","1006","1269","1547","1161","2055","1641","919","1456","1502","1315","2367","7209","0","7209"
"20212","11680510","신사동","16672","7731","8941","2650","2279","2384","2954","2499","3906","1354","1044","1054","1294","1235","1750","1296","1235","1330","1660","1264","2156","7323","0","7323"
"20212","11680521","논현1동","22994","10809","12185","1589","4626","5821","3871","2821","4266","767","2092","2774","1866","1410","1900","822","2534","3047","2005","1411","2366","14400","0","14400"
"20212","11680531","논현2동","21740","10121","11619","2445","3552","4562","3824","2978","4379","1264","1589","2048","1838","1458","1924","1181","1963","2514","1986","1520","2455","11676","0","11676"
"20212","11680545","압구정동","27248","12572","14676","4957","3193","3377","4883","4104","6734","2375","1503","1445","2226","2016","3007","2582","1690","1932","2657","2088","3727","10622","0","10622"
"20212","11680565","청담동","27014","12627","14387","4437","3801","4440","4805","3989","5542","2374","1718","1922","2212","1865","2536","2063","2083","2518","2593","2124","3006","11801","0","11801"
"20212","11680580","삼성1동","13407","6623","6784","2141","1913","1955","2183","2170","3045","1205","1031","910","1005","1046","1426","936","882","1045","1178","1124","1619","5675","0","5675"
"20212","11680590","삼성2동","30115","14342","15773","5917","3889","4981","6443","4143","4742","3215","1842","2094","2957","2115","2119","2702","2047","2887","3486","2028","2623","13439","0","13439"
"20212","11680600","대치1동","24900","12528","12372","7507","2475","1568","6133","3814","3403","4189","1266","610","2705","2126","1632","3318","1209","958","3428","1688","1771","7380","0","7380"
"20212","11680610","대치2동","37565","19103","18462","8358","4959","3268","7283","6730","6967","4874","2688","1512","3105","3518","3406","3484","2271","1756","4178","3212","3561","12986","0","12986"
"20212","11680630","대치4동","20478","9657","10821","3322","3441","3367","4104","3213","3031","1758","1649","1508","1761","1619","1362","1564","1792","1859","2343","1594","1669","10328","0","10328"
"20212","11680640","역삼1동","35804","17333","18471","2485","7528","10082","6058","4240","5411","1252","3206","5008","3103","2235","2529","1233","4322","5074","2955","2005","2882","23983","0","23983"
"20212","11680650","역삼2동","36944","17309","19635","8499","4687","5243","8651","4847","5017","4158","2022","2250","3998","2632","2249","4341","2665","2993","4653","2215","2768","15675","0","15675"
"20212","11680655","도곡1동","22087","10464","11623","4120","2986","3231","3872","3516","4362","1947","1400","1450","1848","1708","2111","2173","1586","1781","2024","1808","2251","8661","0","8661"
"20212","11680656","도곡2동","33941","15779","18162","7711","4013","3590","6550","5477","6600","3594","1857","1463","2932","2746","3187","4117","2156","2127","3618","2731","3413","11792","0","11792"
"20212","11680660","개포1동","6408","3121","3287","969","734","663","915","1044","2083","493","377","307","436","523","985","476","357","356","479","521","1098","2465","0","2465"
"20212","11680670","개포2동","22211","10732","11479","4194","2920","2791","3692","3834","4780","2084","1508","1314","1689","1847","2290","2110","1412","1477","2003","1987","2490","8033","0","8033"
"20212","11680690","개포4동","22529","10991","11538","3691","3161","3468","3759","3781","4669","1898","1599","1709","1775","1869","2141","1793","1562","1759","1984","1912","2528","9499","0","9499"
"20212","11680700","세곡동","44314","21044","23270","9067","5380","6879","7809","6014","9165","4496","2594","3149","3846","2925","4034","4571","2786","3730","3963","3089","5131","17965","0","17965"
"20212","11680720","일원본동","23927","11793","12134","5606","2620","2981","4542","3720","4458","3159","1363","1362","2093","1808","2008","2447","1257","1619","2449","1912","2450","8146","0","8146"
"20212","11680730","일원1동","15672","7693","7979","1950","2208","2268","2145","2515","4586","1060","1150","1195","1092","1205","1991","890","1058","1073","1053","1310","2595","7465","0","7465"
"20212","11680740","일원2동","17642","8556","9086","3007","1940","2579","3044","2602","4470","1748","1044","1243","1464","1255","1802","1259","896","1336","1580","1347","2668","7357","0","7357"
"20212","11680750","수서동","15241","6919","8322","1214","1614","2318","1654","2259","6182","611","827","1166","871","1011","2433","603","787","1152","783","1248","3749","7876","0","7876"
"20212","11710510","풍납1동","13896","6829","7067","1591","1720","1943","1993","2447","4202","854","906","1010","988","1184","1887","737","814","933","1005","1263","2315","6377","0","6377"
"20212","11710520","풍납2동","25501","12123","13378","4043","3836","4296","4061","3703","5562","2066","1685","2035","1964","1800","2573","1977","2151","2261","2097","1903","2989","11071","0","11071"
"20212","11710531","거여1동","12616","6407","6209","1624","1796","1715","1883","2273","3325","864","952","908","946","1149","1588","760","844","807","937","1124","1737","5510","0","5510"
"20212","11710532","거여2동","19174","9408","9766","2911","2233","2678","3028","3315","5009","1544","1149","1362","1477","1614","2262","1367","1084","1316","1551","1701","2747","8170","0","8170"
"20212","11710540","마천1동","19745","10078","9667","2616","2382","2237","2864","3618","6028","1349","1239","1240","1474","1930","2846","1267","1143","997","1390","1688","3182","8972","0","8972"
"20212","11710550","마천2동","19564","9919","9645","2299","2476","2292","2772","3724","6001","1169","1327","1268","1459","1893","2803","1130","1149","1024","1313","1831","3198","8886","0","8886"
"20212","11710561","방이1동","16193","7804","8389","2786","2490","2282","2697","2698","3240","1415","1272","1089","1237","1272","1519","1371","1218","1193","1460","1426","1721","6317","0","6317"
"20212","11710562","방이2동","26148","12310","13838","2469","5177","5982","3661","3645","5214","1325","2194","2922","1790","1703","2376","1144","2983","3060","1871","1942","2838","14550","0","14550"
"20212","11710566","오륜동","18483","9090","9393","4132","2182","1719","3403","3135","3912","2270","1153","720","1504","1557","1886","1862","1029","999","1899","1578","2026","5956","0","5956"
"20212","11710570","오금동","39515","19163","20352","6095","5603","5699","5845","6883","9390","3194","2896","2797","2740","3225","4311","2901","2707","2902","3105","3658","5079","15693","0","15693"
"20212","11710580","송파1동","24810","11632","13178","2634","4604","5425","3506","3518","5123","1313","2067","2648","1636","1622","2346","1321","2537","2777","1870","1896","2777","12434","0","12434"
"20212","11710590","송파2동","20645","9906","10739","3578","2924","3076","3185","3366","4516","1804","1372","1460","1526","1606","2138","1774","1552","1616","1659","1760","2378","7647","0","7647"
"20212","11710600","석촌동","32530","15505","17025","3554","5621","7052","4925","4728","6650","1809","2555","3402","2431","2280","3028","1745","3066","3650","2494","2448","3622","17072","0","17072"
"20212","11710610","삼전동","31448","14829","16619","3634","5375","6677","5192","4518","6052","1877","2401","3288","2482","2104","2677","1757","2974","3389","2710","2414","3375","16326","0","16326"
"20212","11710620","가락본동","27076","13418","13658","3532","4197","4793","3897","4753","5904","1836","2052","2439","1916","2319","2856","1696","2145","2354","1981","2434","3048","12010","0","12010"
"20212","11710631","가락1동","27823","13521","14302","5459","3556","5350","4458","4032","4968","2829","1755","2531","2168","1896","2342","2630","1801","2819","2290","2136","2626","9908","0","9908"
"20212","11710632","가락2동","33013","16237","16776","6137","4580","4836","5658","5272","6530","3225","2307","2343","2727","2549","3086","2912","2273","2493","2931","2723","3444","12379","0","12379"
"20212","11710641","문정1동","20369","10050","10319","2824","3252","3529","2842","3347","4575","1468","1612","1813","1383","1571","2203","1356","1640","1716","1459","1776","2372","8431","0","8431"
"20212","11710642","문정2동","29877","13858","16019","3239","5334","7644","4400","3626","5634","1659","2074","3549","2134","1773","2669","1580","3260","4095","2266","1853","2965","15761","0","15761"
"20212","11710646","장지동","30000","14522","15478","5192","4094","4784","4776","4875","6279","2658","2056","2409","2337","2279","2783","2534","2038","2375","2439","2596","3496","12080","0","12080"
"20212","11710647","위례동","30548","14863","15685","8837","2965","5317","6212","3558","3659","4431","1484","2420","3148","1765","1615","4406","1481","2897","3064","1793","2044","9900","0","9900"
"20212","11710650","잠실본동","28558","13478","15080","3080","5101","6179","4452","4131","5615","1544","2252","3021","2143","1953","2565","1536","2849","3158","2309","2178","3050","15419","0","15419"
"20212","11710670","잠실2동","36151","17260","18891","10069","3308","4094","8723","4853","5104","5081","1556","1644","4059","2641","2279","4988","1752","2450","4664","2212","2825","11899","0","11899"
"20212","11710680","잠실3동","35314","16819","18495","7348","3923","4489","6295","5306","7953","3776","1876","1922","2920","2599","3726","3572","2047","2567","3375","2707","4227","12130","0","12130"
"20212","11710690","잠실4동","21711","10433","11278","5208","2036","3121","4381","2899","4066","2682","1004","1302","2126","1436","1883","2526","1032","1819","2255","1463","2183","7418","0","7418"
"20212","11710710","잠실6동","17212","8128","9084","3242","2014","2372","2779","2661","4144","1632","956","1051","1293","1232","1964","1610","1058","1321","1486","1429","2180","5983","0","5983"
"20212","11710720","잠실7동","9882","4607","5275","1631","1286","1024","1402","1672","2867","733","615","466","621","813","1359","898","671","558","781","859","1508","3465","0","3465"
"20212","11740515","강일동","35390","17082","18308","7624","4276","4332","5989","5365","7804","3929","2126","2040","2881","2636","3470","3695","2150","2292","3108","2729","4334","12960","0","12960"
"20212","11740520","상일동","33197","16367","16830","7513","3597","5313","5919","4811","6044","3853","1862","2450","2986","2287","2929","3660","1735","2863","2933","2524","3115","11601","0","11601"
"20212","11740530","명일1동","26280","12827","13453","4659","3266","4153","4261","4065","5876","2431","1635","2082","2044","1941","2694","2228","1631","2071","2217","2124","3182","10105","0","10105"
"20212","11740540","명일2동","17494","8654","8840","3702","2192","1882","3116","2750","3852","1985","1129","937","1397","1358","1848","1717","1063","945","1719","1392","2004","6115","0","6115"
"20212","11740550","고덕1동","25955","13187","12768","6578","2474","3548","5474","3467","4414","3612","1324","1661","2745","1769","2076","2966","1150","1887","2729","1698","2338","8800","0","8800"
"20212","11740560","고덕2동","22444","11355","11089","4516","2448","3993","3796","3301","4390","2357","1289","1957","1975","1660","2117","2159","1159","2036","1821","1641","2273","8705","0","8705"
"20212","11740570","암사1동","35440","17548","17892","4836","4853","5290","5602","6013","8846","2458","2531","2738","2867","2944","4010","2378","2322","2552","2735","3069","4836","16172","0","16172"
"20212","11740580","암사2동","15439","7481","7958","2450","2002","2920","2411","2241","3415","1230","967","1444","1210","1072","1558","1220","1035","1476","1201","1169","1857","6352","0","6352"
"20212","11740590","암사3동","18359","8985","9374","3974","1970","2617","3282","2693","3823","2051","976","1202","1630","1298","1828","1923","994","1415","1652","1395","1995","6369","0","6369"
"20212","11740600","천호1동","27485","13505","13980","3234","3850","4108","4108","4623","7562","1642","1932","2155","2155","2190","3431","1592","1918","1953","1953","2433","4131","12913","0","12913"
"20212","11740610","천호2동","34494","17015","17479","3607","4975","6295","5026","5716","8875","1868","2349","3246","2600","2851","4101","1739","2626","3049","2426","2865","4774","17730","0","17730"
"20212","11740620","천호3동","26573","12981","13592","2625","4225","4803","3788","4258","6874","1357","1864","2403","1968","2204","3185","1268","2361","2400","1820","2054","3689","13901","0","13901"
"20212","11740640","성내1동","20230","9815","10415","3333","2716","3393","3322","3043","4423","1742","1345","1649","1613","1440","2026","1591","1371","1744","1709","1603","2397","8258","0","8258"
"20212","11740650","성내2동","24318","11935","12383","2332","3995","4327","3504","3832","6328","1187","1811","2265","1813","1900","2959","1145","2184","2062","1691","1932","3369","12909","0","12909"
"20212","11740660","성내3동","23440","11544","11896","3073","3628","3584","3615","3975","5565","1725","1882","1823","1766","1892","2456","1348","1746","1761","1849","2083","3109","10606","0","10606"
"20212","11740685","길동","46576","22715","23861","5584","7189","7606","6859","7605","11733","2907","3400","3893","3508","3615","5392","2677","3789","3713","3351","3990","6341","21589","0","21589"
"20212","11740690","둔촌1동","24","17","7","4","3","4","0","3","10","4","3","2","0","1","7","0","0","2","0","2","3","14","0","14"
"20212","11740700","둔촌2동","26347","12961","13386","4011","3746","3861","3901","4390","6438","2095","1883","1967","1950","2073","2993","1916","1863","1894","1951","2317","3445","11040","0","11040"
"20213","11110515","청운효자동","12434","5780","6654","1993","1594","1697","2148","1979","3023","1046","793","780","967","919","1275","947","801","917","1181","1060","1748","5352","0","5352"
"20213","11110530","사직동","9524","4267","5257","1267","1238","1443","1476","1562","2538","601","568","619","659","700","1120","666","670","824","817","862","1418","4758","0","4758"
"20213","11110540","삼청동","2635","1271","1364","295","320","360","369","413","878","157","171","177","178","205","383","138","149","183","191","208","495","1340","0","1340"
"20213","11110550","부암동","10015","4765","5250","1479","1340","1236","1628","1723","2609","778","689","588","755","782","1173","701","651","648","873","941","1436","4389","0","4389"
"20213","11110560","평창동","18390","8553","9837","2815","2450","2233","2767","3266","4859","1428","1248","1032","1222","1474","2149","1387","1202","1201","1545","1792","2710","7519","0","7519"
"20213","11110570","무악동","8541","3977","4564","1707","935","941","1505","1419","2034","779","431","427","709","744","887","928","504","514","796","675","1147","3189","0","3189"
"20213","11110580","교남동","10466","4838","5628","1725","1272","1709","1852","1615","2293","844","603","790","873","776","952","881","669","919","979","839","1341","4594","0","4594"
"20213","11110600","가회동","4325","2003","2322","544","493","573","767","685","1263","289","232","266","363","315","538","255","261","307","404","370","725","2075","0","2075"
"20213","11110615","종로1?2?3?4가동","7242","4344","2898","394","878","939","959","1338","2734","208","460","528","598","942","1608","186","418","411","361","396","1126","5274","0","5274"
"20213","11110630","종로5?6가동","5219","2821","2398","348","1066","704","586","977","1538","171","543","407","350","554","796","177","523","297","236","423","742","3392","0","3392"
"20213","11110640","이화동","7603","3575","4028","664","1686","1243","974","1107","1929","323","780","606","489","545","832","341","906","637","485","562","1097","4433","0","4433"
"20213","11110650","혜화동","16799","8091","8708","2001","4486","2077","2295","2302","3638","989","2213","1103","1098","1110","1578","1012","2273","974","1197","1192","2060","9367","0","9367"
"20213","11110670","창신1동","5129","2771","2358","372","612","538","637","1112","1858","195","334","311","327","622","982","177","278","227","310","490","876","2960","0","2960"
"20213","11110680","창신2동","8326","4290","4036","754","1169","895","1105","1832","2571","403","631","520","572","978","1186","351","538","375","533","854","1385","4184","0","4184"
"20213","11110690","창신3동","6921","3393","3528","907","966","962","956","1290","1840","460","522","466","462","630","853","447","444","496","494","660","987","2911","0","2911"
"20213","11110700","숭인1동","6080","2963","3117","648","807","829","943","1147","1706","312","420","428","494","565","744","336","387","401","449","582","962","3038","0","3038"
"20213","11110710","숭인2동","9700","4913","4787","621","2093","1564","1262","1677","2483","312","864","859","712","913","1253","309","1229","705","550","764","1230","6160","0","6160"
"20213","11140520","소공동","2073","1027","1046","280","219","421","449","307","397","126","90","206","241","158","206","154","129","215","208","149","191","1130","0","1130"
"20213","11140540","회현동","5124","2713","2411","393","509","537","665","968","2052","191","226","253","365","569","1109","202","283","284","300","399","943","3014","0","3014"
"20213","11140550","명동","2766","1177","1589","205","279","339","418","494","1031","108","130","164","182","206","387","97","149","175","236","288","644","1414","0","1414"
"20213","11140570","필동","4038","2083","1955","361","727","624","493","611","1222","194","369","345","274","347","554","167","358","279","219","264","668","2408","0","2408"
"20213","11140580","장충동","4665","2358","2307","472","1255","665","562","595","1116","239","672","349","300","300","498","233","583","316","262","295","618","2753","0","2753"
"20213","11140590","광희동","5204","2697","2507","330","890","815","636","874","1659","171","381","454","355","497","839","159","509","361","281","377","820","3279","0","3279"
"20213","11140605","을지로동","1959","1159","800","94","266","350","208","326","715","39","113","208","134","229","436","55","153","142","74","97","279","1504","0","1504"
"20213","11140615","신당동","7698","3852","3846","564","1368","1310","1054","1396","2006","270","654","666","572","744","946","294","714","644","482","652","1060","4635","0","4635"
"20213","11140625","다산동","14154","6850","7304","1392","2367","2249","2054","2295","3797","735","1146","1173","1037","1088","1671","657","1221","1076","1017","1207","2126","6915","0","6915"
"20213","11140635","약수동","17127","8063","9064","2082","2019","2422","2464","2844","5296","1035","1013","1142","1226","1352","2295","1047","1006","1280","1238","1492","3001","7802","0","7802"
"20213","11140645","청구동","14045","6664","7381","1656","2015","2203","1950","2371","3850","828","980","1101","953","1145","1657","828","1035","1102","997","1226","2193","6400","0","6400"
"20213","11140650","신당5동","10518","5116","5402","1127","1672","1748","1550","1869","2552","566","773","883","787","982","1125","561","899","865","763","887","1427","5386","0","5386"
"20213","11140665","동화동","10659","5140","5519","1596","1436","1344","1595","1957","2731","837","708","621","779","942","1253","759","728","723","816","1015","1478","4170","0","4170"
"20213","11140670","황학동","12570","5998","6572","1255","2086","2794","1829","1784","2822","639","874","1376","899","909","1301","616","1212","1418","930","875","1521","6918","0","6918"
"20213","11140680","중림동","12288","6125","6163","1794","1453","2254","2037","1944","2806","924","711","1073","1080","1004","1333","870","742","1181","957","940","1473","5647","0","5647"
"20213","11170510","후암동","17736","8616","9120","2243","2606","2834","2810","2871","4372","1206","1315","1477","1347","1399","1872","1037","1291","1357","1463","1472","2500","8724","0","8724"
"20213","11170520","용산2가동","9925","4771","5154","890","1548","1728","1381","1447","2931","458","805","893","707","670","1238","432","743","835","674","777","1693","5384","0","5384"
"20213","11170530","남영동","7618","4636","2982","452","957","1041","1101","1625","2442","238","455","555","710","1144","1534","214","502","486","391","481","908","5384","0","5384"
"20213","11170555","청파동","19837","9323","10514","1842","4244","3115","2758","3135","4743","954","1696","1686","1393","1553","2041","888","2548","1429","1365","1582","2702","11102","0","11102"
"20213","11170560","원효로1동","16085","7749","8336","2188","2447","3698","2630","2210","2912","1121","1036","1809","1356","1093","1334","1067","1411","1889","1274","1117","1578","8035","0","8035"
"20213","11170570","원효로2동","14197","6674","7523","2193","1857","2069","2306","2349","3423","968","872","1048","1127","1161","1498","1225","985","1021","1179","1188","1925","6038","0","6038"
"20213","11170580","효창동","10191","4829","5362","1535","1574","1858","1571","1559","2094","792","733","902","744","749","909","743","841","956","827","810","1185","4373","0","4373"
"20213","11170590","용문동","12297","5862","6435","1600","1849","2023","1852","1974","2999","818","885","989","912","975","1283","782","964","1034","940","999","1716","5438","0","5438"
"20213","11170625","한강로동","19846","9585","10261","2117","3124","4016","2797","3365","4427","1107","1404","1912","1367","1665","2130","1010","1720","2104","1430","1700","2297","10405","0","10405"
"20213","11170630","이촌1동","28160","13165","14995","5655","3004","3670","4920","4593","6318","2902","1468","1637","2205","2205","2748","2753","1536","2033","2715","2388","3570","10344","0","10344"
"20213","11170640","이촌2동","8729","4103","4626","1077","965","1469","1258","1406","2554","552","476","745","620","652","1058","525","489","724","638","754","1496","3847","0","3847"
"20213","11170650","이태원1동","6926","3294","3632","516","1054","1152","884","1130","2190","259","544","635","431","527","898","257","510","517","453","603","1292","3935","0","3935"
"20213","11170660","이태원2동","9269","4266","5003","924","1400","1658","1420","1298","2569","459","686","825","674","583","1039","465","714","833","746","715","1530","5025","0","5025"
"20213","11170685","한남동","21151","10175","10976","2336","2782","4033","3373","3289","5338","1216","1398","1985","1674","1573","2329","1120","1384","2048","1699","1716","3009","11412","0","11412"
"20213","11170690","서빙고동","13196","6333","6863","2260","1801","1525","2470","2221","2919","1147","890","741","1166","1113","1276","1113","911","784","1304","1108","1643","5326","0","5326"
"20213","11170700","보광동","14218","7045","7173","1259","2232","2158","2093","2490","3986","700","1252","1191","1051","1220","1631","559","980","967","1042","1270","2355","7784","0","7784"
"20213","11200520","왕십리2동","17081","8307","8774","2432","2503","2939","2650","2746","3811","1247","1195","1474","1325","1327","1739","1185","1308","1465","1325","1419","2072","7629","0","7629"
"20213","11200535","왕십리도선동","27086","12915","14171","3947","4406","4765","4037","4411","5520","2018","2036","2224","2026","2092","2519","1929","2370","2541","2011","2319","3001","12023","0","12023"
"20213","11200540","마장동","22773","11240","11533","2826","4369","3275","3017","3712","5574","1427","2179","1689","1533","1816","2596","1399","2190","1586","1484","1896","2978","10912","0","10912"
"20213","11200550","사근동","11920","6090","5830","1201","4632","1592","1152","1286","2057","564","2509","889","601","633","894","637","2123","703","551","653","1163","7801","0","7801"
"20213","11200560","행당1동","14071","6791","7280","2003","2218","2282","2168","2273","3127","986","1081","1120","1048","1107","1449","1017","1137","1162","1120","1166","1678","6455","0","6455"
"20213","11200570","행당2동","24054","11286","12768","3931","3028","3708","4081","3923","5383","1875","1425","1760","1971","1919","2336","2056","1603","1948","2110","2004","3047","9483","0","9483"
"20213","11200580","응봉동","15758","7475","8283","2869","1754","2248","2936","2483","3468","1427","868","1094","1400","1209","1477","1442","886","1154","1536","1274","1991","6128","0","6128"
"20213","11200590","금호1가동","15703","7515","8188","2366","1819","2758","2549","2383","3828","1219","909","1282","1304","1146","1655","1147","910","1476","1245","1237","2173","6713","0","6713"
"20213","11200615","금호2?3가동","23406","11157","12249","3246","2931","4172","3755","3692","5610","1657","1483","1996","1844","1765","2412","1589","1448","2176","1911","1927","3198","10318","0","10318"
"20213","11200620","금호4가동","14708","7034","7674","2349","1510","2808","2574","2119","3348","1212","769","1316","1279","1037","1421","1137","741","1492","1295","1082","1927","6460","0","6460"
"20213","11200645","옥수동","26675","12414","14261","4247","3013","5092","4504","3943","5876","2150","1377","2265","2223","1827","2572","2097","1636","2827","2281","2116","3304","11091","0","11091"
"20213","11200650","성수1가1동","16575","8293","8282","2156","2555","2909","2406","3050","3499","1134","1335","1452","1163","1548","1661","1022","1220","1457","1243","1502","1838","7671","0","7671"
"20213","11200660","성수1가2동","13438","6602","6836","1677","2149","2476","2094","2055","2987","848","1052","1204","1019","1068","1411","829","1097","1272","1075","987","1576","6504","0","6504"
"20213","11200670","성수2가1동","16593","8680","7913","1727","2345","2616","2324","3148","4433","895","1253","1423","1226","1713","2170","832","1092","1193","1098","1435","2263","8455","0","8455"
"20213","11200690","성수2가3동","11147","5651","5496","1109","2015","1961","1458","1845","2759","563","936","1041","746","987","1378","546","1079","920","712","858","1381","5700","0","5700"
"20213","11200720","송정동","10729","5665","5064","1133","1712","1647","1557","1963","2717","602","888","897","856","1075","1347","531","824","750","701","888","1370","5572","0","5572"
"20213","11200790","용답동","11806","6233","5573","1041","2074","1656","1752","2196","3087","534","965","898","1008","1298","1530","507","1109","758","744","898","1557","6872","0","6872"
"20213","11215710","화양동","22632","10720","11912","1087","9645","4383","2184","2090","3243","508","4133","2295","1217","1105","1462","579","5512","2088","967","985","1781","17039","0","17039"
"20213","11215730","군자동","19923","9831","10092","1936","4484","3639","2628","2895","4341","1006","2121","1868","1376","1458","2002","930","2363","1771","1252","1437","2339","11155","0","11155"
"20213","11215740","중곡1동","16176","7887","8289","1601","2880","3068","2253","2606","3768","833","1317","1558","1163","1279","1737","768","1563","1510","1090","1327","2031","8508","0","8508"
"20213","11215750","중곡2동","21787","10306","11481","2595","3874","3899","2982","3549","4888","1317","1730","1890","1472","1666","2231","1278","2144","2009","1510","1883","2657","10545","0","10545"
"20213","11215760","중곡3동","16644","8257","8387","1716","2705","2744","2320","2910","4249","898","1343","1436","1184","1434","1962","818","1362","1308","1136","1476","2287","8551","0","8551"
"20213","11215770","중곡4동","29181","14304","14877","3400","4472","4348","4146","5276","7539","1807","2245","2176","2108","2509","3459","1593","2227","2172","2038","2767","4080","13163","0","13163"
"20213","11215780","능동","11615","5328","6287","1133","2404","2672","1643","1413","2350","586","1010","1195","829","652","1056","547","1394","1477","814","761","1294","6510","0","6510"
"20213","11215810","광장동","35430","17108","18322","8824","4147","3834","7693","5468","5464","4537","2056","1650","3547","2785","2533","4287","2091","2184","4146","2683","2931","12065","0","12065"
"20213","11215820","자양1동","22775","10942","11833","2529","4391","3787","3382","3627","5059","1286","2068","1901","1692","1749","2246","1243","2323","1886","1690","1878","2813","11855","0","11855"
"20213","11215830","자양2동","25646","12492","13154","3521","3864","3931","4043","4283","6004","1842","1919","1942","2003","2004","2782","1679","1945","1989","2040","2279","3222","11214","0","11214"
"20213","11215840","자양3동","28690","13776","14914","4975","3957","4335","4594","4673","6156","2475","1946","2052","2154","2253","2896","2500","2011","2283","2440","2420","3260","11170","0","11170"
"20213","11215847","자양4동","17745","8826","8919","1591","2702","2606","2453","3099","5294","778","1318","1404","1283","1625","2418","813","1384","1202","1170","1474","2876","9474","0","9474"
"20213","11215850","구의1동","22038","10524","11514","2045","4832","4230","3213","3188","4530","1031","2215","2122","1605","1546","2005","1014","2617","2108","1608","1642","2525","12108","0","12108"
"20213","11215860","구의2동","26958","12964","13994","4138","3771","3883","4354","4526","6286","2097","1851","1942","2110","2165","2799","2041","1920","1941","2244","2361","3487","11685","0","11685"
"20213","11215870","구의3동","29306","13933","15373","4413","4769","4624","4570","4898","6032","2193","2235","2247","2122","2339","2797","2220","2534","2377","2448","2559","3235","12201","0","12201"
"20213","11230536","용신동","31118","15778","15340","2704","6129","5357","4225","4670","8033","1414","2903","2806","2318","2502","3835","1290","3226","2551","1907","2168","4198","18390","0","18390"
"20213","11230545","제기동","24935","12789","12146","2428","4415","3263","3125","3836","7868","1253","2406","1820","1709","2020","3581","1175","2009","1443","1416","1816","4287","13286","0","13286"
"20213","11230560","전농1동","30150","15129","15021","3806","4675","4382","4328","4909","8050","1928","2377","2263","2273","2519","3769","1878","2298","2119","2055","2390","4281","15185","0","15185"
"20213","11230570","전농2동","19195","9231","9964","2975","2383","2304","3059","3296","5178","1480","1200","1161","1479","1613","2298","1495","1183","1143","1580","1683","2880","7805","0","7805"
"20213","11230600","답십리1동","29090","14088","15002","4716","4011","5271","4716","4287","6089","2398","1865","2506","2451","2089","2779","2318","2146","2765","2265","2198","3310","12898","0","12898"
"20213","11230610","답십리2동","29220","14189","15031","3839","3839","4490","4234","4976","7842","1921","1922","2288","2131","2430","3497","1918","1917","2202","2103","2546","4345","12848","0","12848"
"20213","11230650","장안1동","38693","19230","19463","5173","5285","6342","6384","6071","9438","2659","2517","3272","3325","3000","4457","2514","2768","3070","3059","3071","4981","18258","0","18258"
"20213","11230660","장안2동","33005","16505","16500","5728","3880","5160","5777","4941","7519","3020","2014","2570","2951","2476","3474","2708","1866","2590","2826","2465","4045","14016","0","14016"
"20213","11230705","청량리동","19830","9886","9944","1906","2316","2220","2536","3474","7378","987","1232","1196","1336","1766","3369","919","1084","1024","1200","1708","4009","10036","0","10036"
"20213","11230710","회기동","10447","5009","5438","1150","3163","1480","1327","1232","2095","573","1490","795","651","623","877","577","1673","685","676","609","1218","6296","0","6296"
"20213","11230720","휘경1동","13616","6578","7038","1569","3278","2177","1698","1933","2961","793","1452","1131","876","961","1365","776","1826","1046","822","972","1596","7186","0","7186"
"20213","11230730","휘경2동","24296","12051","12245","3314","5327","3015","3532","3537","5571","1618","2840","1606","1741","1741","2505","1696","2487","1409","1791","1796","3066","11851","0","11851"
"20213","11230740","이문1동","18532","9220","9312","1993","4775","2170","2439","2613","4542","1009","2386","1233","1245","1348","1999","984","2389","937","1194","1265","2543","10572","0","10572"
"20213","11230750","이문2동","20461","9917","10544","3111","2843","2518","3208","3420","5361","1559","1373","1262","1605","1709","2409","1552","1470","1256","1603","1711","2952","8712","0","8712"
"20213","11260520","면목2동","24773","12340","12433","2884","3381","3293","3687","4931","6597","1440","1677","1740","1950","2517","3016","1444","1704","1553","1737","2414","3581","12298","0","12298"
"20213","11260540","면목4동","18750","9350","9400","2207","2472","2623","2927","3238","5283","1158","1283","1376","1564","1612","2357","1049","1189","1247","1363","1626","2926","8959","0","8959"
"20213","11260550","면목5동","15170","7642","7528","2296","1864","2772","2316","2575","3347","1164","953","1399","1253","1307","1566","1132","911","1373","1063","1268","1781","6602","0","6602"
"20213","11260565","면목본동","34313","17041","17272","3553","5321","5289","5041","6298","8811","1792","2699","2779","2642","3102","4027","1761","2622","2510","2399","3196","4784","17765","0","17765"
"20213","11260570","면목7동","22366","11210","11156","2455","3128","3426","3182","3927","6248","1318","1596","1763","1693","1906","2934","1137","1532","1663","1489","2021","3314","10708","0","10708"
"20213","11260575","면목3?8동","25508","12676","12832","2598","3810","3613","3513","4721","7253","1334","1920","1926","1840","2301","3355","1264","1890","1687","1673","2420","3898","12759","0","12759"
"20213","11260580","상봉1동","24775","12114","12661","3851","3574","3649","3602","4416","5683","2032","1762","1843","1764","2121","2592","1819","1812","1806","1838","2295","3091","10297","0","10297"
"20213","11260590","상봉2동","19882","9674","10208","1606","4048","4117","2622","3103","4386","839","1702","2111","1380","1564","2078","767","2346","2006","1242","1539","2308","11702","0","11702"
"20214","11110515","청운효자동","12434","5780","6654","1993","1594","1697","2148","1979","3023","1046","793","780","967","919","1275","947","801","917","1181","1060","1748","5352","0","5352"
"20214","11110530","사직동","9524","4267","5257","1267","1238","1443","1476","1562","2538","601","568","619","659","700","1120","666","670","824","817","862","1418","4758","0","4758"
"20214","11110540","삼청동","2635","1271","1364","295","320","360","369","413","878","157","171","177","178","205","383","138","149","183","191","208","495","1340","0","1340"
"20214","11110550","부암동","10015","4765","5250","1479","1340","1236","1628","1723","2609","778","689","588","755","782","1173","701","651","648","873","941","1436","4389","0","4389"
"20214","11110560","평창동","18390","8553","9837","2815","2450","2233","2767","3266","4859","1428","1248","1032","1222","1474","2149","1387","1202","1201","1545","1792","2710","7519","0","7519"
"20214","11110570","무악동","8541","3977","4564","1707","935","941","1505","1419","2034","779","431","427","709","744","887","928","504","514","796","675","1147","3189","0","3189"
"20214","11110580","교남동","10466","4838","5628","1725","1272","1709","1852","1615","2293","844","603","790","873","776","952","881","669","919","979","839","1341","4594","0","4594"
"20214","11110600","가회동","4325","2003","2322","544","493","573","767","685","1263","289","232","266","363","315","538","255","261","307","404","370","725","2075","0","2075"
"20214","11110615","종로1?2?3?4가동","7242","4344","2898","394","878","939","959","1338","2734","208","460","528","598","942","1608","186","418","411","361","396","1126","5274","0","5274"
"20214","11110630","종로5?6가동","5219","2821","2398","348","1066","704","586","977","1538","171","543","407","350","554","796","177","523","297","236","423","742","3392","0","3392"
"20214","11110640","이화동","7603","3575","4028","664","1686","1243","974","1107","1929","323","780","606","489","545","832","341","906","637","485","562","1097","4433","0","4433"
"20214","11110650","혜화동","16799","8091","8708","2001","4486","2077","2295","2302","3638","989","2213","1103","1098","1110","1578","1012","2273","974","1197","1192","2060","9367","0","9367"
"20214","11110670","창신1동","5129","2771","2358","372","612","538","637","1112","1858","195","334","311","327","622","982","177","278","227","310","490","876","2960","0","2960"
"20214","11110680","창신2동","8326","4290","4036","754","1169","895","1105","1832","2571","403","631","520","572","978","1186","351","538","375","533","854","1385","4184","0","4184"
"20214","11110690","창신3동","6921","3393","3528","907","966","962","956","1290","1840","460","522","466","462","630","853","447","444","496","494","660","987","2911","0","2911"
"20214","11110700","숭인1동","6080","2963","3117","648","807","829","943","1147","1706","312","420","428","494","565","744","336","387","401","449","582","962","3038","0","3038"
"20214","11110710","숭인2동","9700","4913","4787","621","2093","1564","1262","1677","2483","312","864","859","712","913","1253","309","1229","705","550","764","1230","6160","0","6160"
"20214","11140520","소공동","2073","1027","1046","280","219","421","449","307","397","126","90","206","241","158","206","154","129","215","208","149","191","1130","0","1130"
"20214","11140540","회현동","5124","2713","2411","393","509","537","665","968","2052","191","226","253","365","569","1109","202","283","284","300","399","943","3014","0","3014"
"20214","11140550","명동","2766","1177","1589","205","279","339","418","494","1031","108","130","164","182","206","387","97","149","175","236","288","644","1414","0","1414"
"20214","11140570","필동","4038","2083","1955","361","727","624","493","611","1222","194","369","345","274","347","554","167","358","279","219","264","668","2408","0","2408"
"20214","11140580","장충동","4665","2358","2307","472","1255","665","562","595","1116","239","672","349","300","300","498","233","583","316","262","295","618","2753","0","2753"
"20214","11140590","광희동","5204","2697","2507","330","890","815","636","874","1659","171","381","454","355","497","839","159","509","361","281","377","820","3279","0","3279"
"20214","11140605","을지로동","1959","1159","800","94","266","350","208","326","715","39","113","208","134","229","436","55","153","142","74","97","279","1504","0","1504"
"20214","11140615","신당동","7698","3852","3846","564","1368","1310","1054","1396","2006","270","654","666","572","744","946","294","714","644","482","652","1060","4635","0","4635"
"20214","11140625","다산동","14154","6850","7304","1392","2367","2249","2054","2295","3797","735","1146","1173","1037","1088","1671","657","1221","1076","1017","1207","2126","6915","0","6915"
"20214","11140635","약수동","17127","8063","9064","2082","2019","2422","2464","2844","5296","1035","1013","1142","1226","1352","2295","1047","1006","1280","1238","1492","3001","7802","0","7802"
"20214","11140645","청구동","14045","6664","7381","1656","2015","2203","1950","2371","3850","828","980","1101","953","1145","1657","828","1035","1102","997","1226","2193","6400","0","6400"
"20214","11140650","신당5동","10518","5116","5402","1127","1672","1748","1550","1869","2552","566","773","883","787","982","1125","561","899","865","763","887","1427","5386","0","5386"
"20214","11140665","동화동","10659","5140","5519","1596","1436","1344","1595","1957","2731","837","708","621","779","942","1253","759","728","723","816","1015","1478","4170","0","4170"
"20214","11140670","황학동","12570","5998","6572","1255","2086","2794","1829","1784","2822","639","874","1376","899","909","1301","616","1212","1418","930","875","1521","6918","0","6918"
"20214","11140680","중림동","12288","6125","6163","1794","1453","2254","2037","1944","2806","924","711","1073","1080","1004","1333","870","742","1181","957","940","1473","5647","0","5647"
"20214","11170510","후암동","17736","8616","9120","2243","2606","2834","2810","2871","4372","1206","1315","1477","1347","1399","1872","1037","1291","1357","1463","1472","2500","8724","0","8724"
"20214","11170520","용산2가동","9925","4771","5154","890","1548","1728","1381","1447","2931","458","805","893","707","670","1238","432","743","835","674","777","1693","5384","0","5384"
"20214","11170530","남영동","7618","4636","2982","452","957","1041","1101","1625","2442","238","455","555","710","1144","1534","214","502","486","391","481","908","5384","0","5384"
"20214","11170555","청파동","19837","9323","10514","1842","4244","3115","2758","3135","4743","954","1696","1686","1393","1553","2041","888","2548","1429","1365","1582","2702","11102","0","11102"
"20214","11170560","원효로1동","16085","7749","8336","2188","2447","3698","2630","2210","2912","1121","1036","1809","1356","1093","1334","1067","1411","1889","1274","1117","1578","8035","0","8035"
"20214","11170570","원효로2동","14197","6674","7523","2193","1857","2069","2306","2349","3423","968","872","1048","1127","1161","1498","1225","985","1021","1179","1188","1925","6038","0","6038"
"20214","11170580","효창동","10191","4829","5362","1535","1574","1858","1571","1559","2094","792","733","902","744","749","909","743","841","956","827","810","1185","4373","0","4373"
"20214","11170590","용문동","12297","5862","6435","1600","1849","2023","1852","1974","2999","818","885","989","912","975","1283","782","964","1034","940","999","1716","5438","0","5438"
"20214","11170625","한강로동","19846","9585","10261","2117","3124","4016","2797","3365","4427","1107","1404","1912","1367","1665","2130","1010","1720","2104","1430","1700","2297","10405","0","10405"
"20214","11170630","이촌1동","28160","13165","14995","5655","3004","3670","4920","4593","6318","2902","1468","1637","2205","2205","2748","2753","1536","2033","2715","2388","3570","10344","0","10344"
"20214","11170640","이촌2동","8729","4103","4626","1077","965","1469","1258","1406","2554","552","476","745","620","652","1058","525","489","724","638","754","1496","3847","0","3847"
"20214","11170650","이태원1동","6926","3294","3632","516","1054","1152","884","1130","2190","259","544","635","431","527","898","257","510","517","453","603","1292","3935","0","3935"
"20214","11170660","이태원2동","9269","4266","5003","924","1400","1658","1420","1298","2569","459","686","825","674","583","1039","465","714","833","746","715","1530","5025","0","5025"
"20214","11170685","한남동","21151","10175","10976","2336","2782","4033","3373","3289","5338","1216","1398","1985","1674","1573","2329","1120","1384","2048","1699","1716","3009","11412","0","11412"
"20214","11170690","서빙고동","13196","6333","6863","2260","1801","1525","2470","2221","2919","1147","890","741","1166","1113","1276","1113","911","784","1304","1108","1643","5326","0","5326"
"20214","11170700","보광동","14218","7045","7173","1259","2232","2158","2093","2490","3986","700","1252","1191","1051","1220","1631","559","980","967","1042","1270","2355","7784","0","7784"
"20214","11200520","왕십리2동","17081","8307","8774","2432","2503","2939","2650","2746","3811","1247","1195","1474","1325","1327","1739","1185","1308","1465","1325","1419","2072","7629","0","7629"
"20214","11200535","왕십리도선동","27086","12915","14171","3947","4406","4765","4037","4411","5520","2018","2036","2224","2026","2092","2519","1929","2370","2541","2011","2319","3001","12023","0","12023"
"20214","11200540","마장동","22773","11240","11533","2826","4369","3275","3017","3712","5574","1427","2179","1689","1533","1816","2596","1399","2190","1586","1484","1896","2978","10912","0","10912"
"20214","11200550","사근동","11920","6090","5830","1201","4632","1592","1152","1286","2057","564","2509","889","601","633","894","637","2123","703","551","653","1163","7801","0","7801"
"20214","11200560","행당1동","14071","6791","7280","2003","2218","2282","2168","2273","3127","986","1081","1120","1048","1107","1449","1017","1137","1162","1120","1166","1678","6455","0","6455"
"20214","11200570","행당2동","24054","11286","12768","3931","3028","3708","4081","3923","5383","1875","1425","1760","1971","1919","2336","2056","1603","1948","2110","2004","3047","9483","0","9483"
"20214","11200580","응봉동","15758","7475","8283","2869","1754","2248","2936","2483","3468","1427","868","1094","1400","1209","1477","1442","886","1154","1536","1274","1991","6128","0","6128"
"20214","11200590","금호1가동","15703","7515","8188","2366","1819","2758","2549","2383","3828","1219","909","1282","1304","1146","1655","1147","910","1476","1245","1237","2173","6713","0","6713"
"20214","11200615","금호2?3가동","23406","11157","12249","3246","2931","4172","3755","3692","5610","1657","1483","1996","1844","1765","2412","1589","1448","2176","1911","1927","3198","10318","0","10318"
"20214","11200620","금호4가동","14708","7034","7674","2349","1510","2808","2574","2119","3348","1212","769","1316","1279","1037","1421","1137","741","1492","1295","1082","1927","6460","0","6460"
"20214","11200645","옥수동","26675","12414","14261","4247","3013","5092","4504","3943","5876","2150","1377","2265","2223","1827","2572","2097","1636","2827","2281","2116","3304","11091","0","11091"
"20214","11200650","성수1가1동","16575","8293","8282","2156","2555","2909","2406","3050","3499","1134","1335","1452","1163","1548","1661","1022","1220","1457","1243","1502","1838","7671","0","7671"
"20214","11200660","성수1가2동","13438","6602","6836","1677","2149","2476","2094","2055","2987","848","1052","1204","1019","1068","1411","829","1097","1272","1075","987","1576","6504","0","6504"
"20214","11200670","성수2가1동","16593","8680","7913","1727","2345","2616","2324","3148","4433","895","1253","1423","1226","1713","2170","832","1092","1193","1098","1435","2263","8455","0","8455"
"20214","11200690","성수2가3동","11147","5651","5496","1109","2015","1961","1458","1845","2759","563","936","1041","746","987","1378","546","1079","920","712","858","1381","5700","0","5700"
"20214","11200720","송정동","10729","5665","5064","1133","1712","1647","1557","1963","2717","602","888","897","856","1075","1347","531","824","750","701","888","1370","5572","0","5572"
"20214","11200790","용답동","11806","6233","5573","1041","2074","1656","1752","2196","3087","534","965","898","1008","1298","1530","507","1109","758","744","898","1557","6872","0","6872"
"20214","11215710","화양동","22632","10720","11912","1087","9645","4383","2184","2090","3243","508","4133","2295","1217","1105","1462","579","5512","2088","967","985","1781","17039","0","17039"
"20214","11215730","군자동","19923","9831","10092","1936","4484","3639","2628","2895","4341","1006","2121","1868","1376","1458","2002","930","2363","1771","1252","1437","2339","11155","0","11155"
"20214","11215740","중곡1동","16176","7887","8289","1601","2880","3068","2253","2606","3768","833","1317","1558","1163","1279","1737","768","1563","1510","1090","1327","2031","8508","0","8508"
"20214","11215750","중곡2동","21787","10306","11481","2595","3874","3899","2982","3549","4888","1317","1730","1890","1472","1666","2231","1278","2144","2009","1510","1883","2657","10545","0","10545"
"20214","11215760","중곡3동","16644","8257","8387","1716","2705","2744","2320","2910","4249","898","1343","1436","1184","1434","1962","818","1362","1308","1136","1476","2287","8551","0","8551"
"20214","11215770","중곡4동","29181","14304","14877","3400","4472","4348","4146","5276","7539","1807","2245","2176","2108","2509","3459","1593","2227","2172","2038","2767","4080","13163","0","13163"
"20214","11215780","능동","11615","5328","6287","1133","2404","2672","1643","1413","2350","586","1010","1195","829","652","1056","547","1394","1477","814","761","1294","6510","0","6510"
"20214","11215810","광장동","35430","17108","18322","8824","4147","3834","7693","5468","5464","4537","2056","1650","3547","2785","2533","4287","2091","2184","4146","2683","2931","12065","0","12065"
"20214","11215820","자양1동","22775","10942","11833","2529","4391","3787","3382","3627","5059","1286","2068","1901","1692","1749","2246","1243","2323","1886","1690","1878","2813","11855","0","11855"
"20214","11215830","자양2동","25646","12492","13154","3521","3864","3931","4043","4283","6004","1842","1919","1942","2003","2004","2782","1679","1945","1989","2040","2279","3222","11214","0","11214"
"20214","11215840","자양3동","28690","13776","14914","4975","3957","4335","4594","4673","6156","2475","1946","2052","2154","2253","2896","2500","2011","2283","2440","2420","3260","11170","0","11170"
"20214","11215847","자양4동","17745","8826","8919","1591","2702","2606","2453","3099","5294","778","1318","1404","1283","1625","2418","813","1384","1202","1170","1474","2876","9474","0","9474"
"20214","11215850","구의1동","22038","10524","11514","2045","4832","4230","3213","3188","4530","1031","2215","2122","1605","1546","2005","1014","2617","2108","1608","1642","2525","12108","0","12108"
"20214","11215860","구의2동","26958","12964","13994","4138","3771","3883","4354","4526","6286","2097","1851","1942","2110","2165","2799","2041","1920","1941","2244","2361","3487","11685","0","11685"
"20214","11215870","구의3동","29306","13933","15373","4413","4769","4624","4570","4898","6032","2193","2235","2247","2122","2339","2797","2220","2534","2377","2448","2559","3235","12201","0","12201"
"20214","11230536","용신동","31118","15778","15340","2704","6129","5357","4225","4670","8033","1414","2903","2806","2318","2502","3835","1290","3226","2551","1907","2168","4198","18390","0","18390"
"20214","11230545","제기동","24935","12789","12146","2428","4415","3263","3125","3836","7868","1253","2406","1820","1709","2020","3581","1175","2009","1443","1416","1816","4287","13286","0","13286"
"20214","11230560","전농1동","30150","15129","15021","3806","4675","4382","4328","4909","8050","1928","2377","2263","2273","2519","3769","1878","2298","2119","2055","2390","4281","15185","0","15185"
"20214","11230570","전농2동","19195","9231","9964","2975","2383","2304","3059","3296","5178","1480","1200","1161","1479","1613","2298","1495","1183","1143","1580","1683","2880","7805","0","7805"
"20214","11230600","답십리1동","29090","14088","15002","4716","4011","5271","4716","4287","6089","2398","1865","2506","2451","2089","2779","2318","2146","2765","2265","2198","3310","12898","0","12898"
"20214","11230610","답십리2동","29220","14189","15031","3839","3839","4490","4234","4976","7842","1921","1922","2288","2131","2430","3497","1918","1917","2202","2103","2546","4345","12848","0","12848"
"20214","11230650","장안1동","38693","19230","19463","5173","5285","6342","6384","6071","9438","2659","2517","3272","3325","3000","4457","2514","2768","3070","3059","3071","4981","18258","0","18258"
"20214","11230660","장안2동","33005","16505","16500","5728","3880","5160","5777","4941","7519","3020","2014","2570","2951","2476","3474","2708","1866","2590","2826","2465","4045","14016","0","14016"
"20214","11230705","청량리동","19830","9886","9944","1906","2316","2220","2536","3474","7378","987","1232","1196","1336","1766","3369","919","1084","1024","1200","1708","4009","10036","0","10036"
"20214","11230710","회기동","10447","5009","5438","1150","3163","1480","1327","1232","2095","573","1490","795","651","623","877","577","1673","685","676","609","1218","6296","0","6296"
"20214","11230720","휘경1동","13616","6578","7038","1569","3278","2177","1698","1933","2961","793","1452","1131","876","961","1365","776","1826","1046","822","972","1596","7186","0","7186"
"20214","11230730","휘경2동","24296","12051","12245","3314","5327","3015","3532","3537","5571","1618","2840","1606","1741","1741","2505","1696","2487","1409","1791","1796","3066","11851","0","11851"
"20214","11230740","이문1동","18532","9220","9312","1993","4775","2170","2439","2613","4542","1009","2386","1233","1245","1348","1999","984","2389","937","1194","1265","2543","10572","0","10572"
"20214","11230750","이문2동","20461","9917","10544","3111","2843","2518","3208","3420","5361","1559","1373","1262","1605","1709","2409","1552","1470","1256","1603","1711","2952","8712","0","8712"
"20214","11260520","면목2동","24773","12340","12433","2884","3381","3293","3687","4931","6597","1440","1677","1740","1950","2517","3016","1444","1704","1553","1737","2414","3581","12298","0","12298"
"20214","11260540","면목4동","18750","9350","9400","2207","2472","2623","2927","3238","5283","1158","1283","1376","1564","1612","2357","1049","1189","1247","1363","1626","2926","8959","0","8959"
"20214","11260550","면목5동","15170","7642","7528","2296","1864","2772","2316","2575","3347","1164","953","1399","1253","1307","1566","1132","911","1373","1063","1268","1781","6602","0","6602"
"20214","11260565","면목본동","34313","17041","17272","3553","5321","5289","5041","6298","8811","1792","2699","2779","2642","3102","4027","1761","2622","2510","2399","3196","4784","17765","0","17765"
"20214","11260570","면목7동","22366","11210","11156","2455","3128","3426","3182","3927","6248","1318","1596","1763","1693","1906","2934","1137","1532","1663","1489","2021","3314","10708","0","10708"
"20214","11260575","면목3?8동","25508","12676","12832","2598","3810","3613","3513","4721","7253","1334","1920","1926","1840","2301","3355","1264","1890","1687","1673","2420","3898","12759","0","12759"
"20214","11260580","상봉1동","24775","12114","12661","3851","3574","3649","3602","4416","5683","2032","1762","1843","1764","2121","2592","1819","1812","1806","1838","2295","3091","10297","0","10297"
"20214","11260590","상봉2동","19882","9674","10208","1606","4048","4117","2622","3103","4386","839","1702","2111","1380","1564","2078","767","2346","2006","1242","1539","2308","11702","0","11702"
"20214","11260600","중화1동","20232","9911","10321","2627","2925","3217","2837","3381","5245","1333","1436","1670","1488","1575","2409","1294","1489","1547","1349","1806","2836","9121","0","9121"
"20214","11260610","중화2동","25562","13123","12439","2236","3772","3694","3501","4968","7391","1192","1871","1974","1887","2635","3564","1044","1901","1720","1614","2333","3827","13880","0","13880"
"20214","11260620","묵1동","35402","17135","18267","5518","4995","4950","5894","5553","8492","2814","2401","2449","2911","2669","3891","2704","2594","2501","2983","2884","4601","14972","0","14972"
"20214","11260630","묵2동","19446","9570","9876","2330","2728","3123","2907","3245","5113","1208","1330","1630","1468","1588","2346","1122","1398","1493","1439","1657","2767","9338","0","9338"
"20214","11260655","망우본동","30392","15262","15130","3381","4214","4110","4126","5693","8868","1713","2136","2142","2232","2865","4174","1668","2078","1968","1894","2828","4694","15073","0","15073"
"20214","11260660","망우3동","17107","8588","8519","1962","2336","2149","2440","3321","4899","948","1191","1169","1254","1694","2332","1014","1145","980","1186","1627","2567","8431","0","8431"
"20214","11260680","신내1동","39688","19315","20373","7169","4931","5130","6037","6572","9849","3676","2503","2528","3029","3110","4469","3493","2428","2602","3008","3462","5380","14806","0","14806"
"20214","11260690","신내2동","21208","10115","11093","3132","2583","2946","3221","3559","5767","1600","1316","1446","1569","1674","2510","1532","1267","1500","1652","1885","3257","9076","0","9076"
"20214","11290525","성북동","16832","7862","8970","1967","2808","2518","2545","2762","4232","1011","1287","1198","1210","1306","1850","956","1521","1320","1335","1456","2382","8225","0","8225"
"20214","11290555","삼선동","23545","11221","12324","3053","4275","3339","3694","3674","5510","1597","1907","1646","1807","1847","2417","1456","2368","1693","1887","1827","3093","11689","0","11689"
"20214","11290575","동선동","15583","6532","9051","1529","4477","2508","2036","1930","3103","712","1421","1154","973","958","1314","817","3056","1354","1063","972","1789","9347","0","9347"
"20214","11290580","돈암1동","15288","7144","8144","2174","2082","1981","2215","2719","4117","1053","964","979","1037","1300","1811","1121","1118","1002","1178","1419","2306","6236","0","6236"
"20214","11290590","돈암2동","24591","11692","12899","4892","3025","3040","4516","4079","5039","2475","1488","1421","2127","1965","2216","2417","1537","1619","2389","2114","2823","8735","0","8735"
"20214","11290600","안암동","14908","7511","7397","1279","5070","2002","1660","2004","2893","660","2643","1121","851","990","1246","619","2427","881","809","1014","1647","9202","0","9202"
"20214","11290610","보문동","15749","7608","8141","1933","2707","2624","2415","2553","3517","952","1335","1332","1227","1219","1543","981","1372","1292","1188","1334","1974","7827","0","7827"
"20214","11290620","정릉1동","18647","9008","9639","3231","2318","2650","3258","2855","4335","1648","1159","1295","1589","1411","1906","1583","1159","1355","1669","1444","2429","7502","0","7502"
"20214","11290630","정릉2동","23495","11368","12127","3412","3249","3158","3632","3747","6297","1740","1643","1612","1793","1808","2772","1672","1606","1546","1839","1939","3525","9882","0","9882"
"20214","11290640","정릉3동","15532","7689","7843","1596","3171","1909","1949","2386","4521","817","1745","1074","958","1167","1928","779","1426","835","991","1219","2593","8011","0","8011"
"20214","11290650","정릉4동","25601","12380","13221","3856","3267","3292","4220","4171","6795","2019","1691","1590","2086","2015","2979","1837","1576","1702","2134","2156","3816","10979","0","10979"
"20214","11290660","길음1동","36397","17304","19093","8899","3486","4714","7942","4966","6390","4450","1667","2121","3814","2536","2716","4449","1819","2593","4128","2430","3674","12775","0","12775"
"20214","11290685","길음2동","17041","8242","8799","2879","2126","2532","2956","2771","3777","1526","1016","1235","1410","1368","1687","1353","1110","1297","1546","1403","2090","7118","0","7118"
"20214","11290705","종암동","39773","19588","20185","6415","5839","5234","6460","6365","9460","3409","3066","2603","3187","3172","4151","3006","2773","2631","3273","3193","5309","17435","0","17435"
"20214","11290715","월곡1동","26920","13023","13897","4720","3043","3598","4607","4260","6692","2330","1462","1765","2323","2105","3038","2390","1581","1833","2284","2155","3654","10916","0","10916"
"20214","11290725","월곡2동","19925","9584","10341","2596","3584","2738","2870","3042","5095","1341","1527","1415","1452","1549","2300","1255","2057","1323","1418","1493","2795","9615","0","9615"
"20214","11290760","장위1동","20207","9845","10362","2501","3027","2472","2908","3818","5481","1259","1553","1355","1404","1833","2441","1242","1474","1117","1504","1985","3040","9162","0","9162"
"20214","11290770","장위2동","13848","6857","6991","1506","1925","1701","1967","2454","4295","755","964","906","1057","1255","1920","751","961","795","910","1199","2375","6593","0","6593"
"20214","11290780","장위3동","17221","8518","8703","3194","2227","2772","2748","2712","3568","1632","1082","1354","1393","1384","1673","1562","1145","1418","1355","1328","1895","7094","0","7094"
"20214","11290810","석관동","35589","17616","17973","4272","5198","5027","5177","6014","9901","2230","2573","2584","2693","2957","4579","2042","2625","2443","2484","3057","5322","16697","0","16697"
"20214","11305534","삼양동","24555","12239","12316","3286","3153","3031","3666","4374","7045","1720","1627","1609","1868","2210","3205","1566","1526","1422","1798","2164","3840","11377","0","11377"
"20214","11305535","미아동","22217","10700","11517","2132","3868","2899","3093","3846","6379","1135","1674","1533","1614","1861","2883","997","2194","1366","1479","1985","3496","11775","0","11775"
"20214","11305545","송중동","30349","14594","15755","3618","4271","4115","4607","5199","8539","1809","2091","2072","2347","2453","3822","1809","2180","2043","2260","2746","4717","14073","0","14073"
"20214","11305555","송천동","27466","13641","13825","2718","3703","3290","3934","5055","8766","1375","1888","1760","2072","2547","3999","1343","1815","1530","1862","2508","4767","13795","0","13795"
"20214","11305575","삼각산동","31996","15394","16602","7015","3387","3850","6493","4975","6276","3608","1678","1804","3139","2475","2690","3407","1709","2046","3354","2500","3586","11742","0","11742"
"20214","11305595","번1동","19057","9573","9484","1792","3283","2816","2946","3130","5090","948","1587","1524","1560","1627","2327","844","1696","1292","1386","1503","2763","10476","0","10476"
"20214","11305603","번2동","16440","7977","8463","1781","2212","1808","2427","2776","5436","941","1153","1005","1234","1352","2292","840","1059","803","1193","1424","3144","7659","0","7659"
"20214","11305608","번3동","17545","8257","9288","2317","1943","1748","2673","2831","6033","1179","991","904","1367","1362","2454","1138","952","844","1306","1469","3579","7579","0","7579"
"20214","11305615","수유1동","21236","10516","10720","2420","3068","2789","3014","3628","6317","1237","1558","1504","1620","1757","2840","1183","1510","1285","1394","1871","3477","10452","0","10452"
"20214","11305625","수유2동","21476","10289","11187","2498","2993","2581","3060","3784","6560","1316","1436","1372","1523","1793","2849","1182","1557","1209","1537","1991","3711","9731","0","9731"
"20214","11305635","수유3동","23512","11646","11866","1962","4305","3385","3309","4036","6515","1021","2065","1846","1748","2040","2926","941","2240","1539","1561","1996","3589","12998","0","12998"
"20214","11305645","우이동","20955","10206","10749","2501","2678","2592","3005","3588","6591","1333","1253","1397","1543","1730","2950","1168","1425","1195","1462","1858","3641","9647","0","9647"
"20214","11305660","인수동","31311","15131","16180","3707","4100","3842","4506","5425","9731","1862","2053","2026","2304","2587","4299","1845","2047","1816","2202","2838","5432","14563","0","14563"
"20214","11320511","창1동","25241","12027","13214","3749","3307","3413","4121","4181","6470","1899","1643","1707","1996","1944","2838","1850","1664","1706","2125","2237","3632","10877","0","10877"
"20214","11320512","창2동","29648","14474","15174","4104","4143","4145","4588","5178","7490","2143","2064","2079","2327","2465","3396","1961","2079","2066","2261","2713","4094","12458","0","12458"
"20214","11320513","창3동","14305","7124","7181","1863","1828","1710","2167","2621","4116","972","951","913","1114","1297","1877","891","877","797","1053","1324","2239","6654","0","6654"
"20214","11320514","창4동","27197","13076","14121","4413","3735","3420","4429","4919","6281","2270","1895","1656","2085","2324","2846","2143","1840","1764","2344","2595","3435","10753","0","10753"
"20214","11320515","창5동","25203","12123","13080","3530","3726","3560","3569","4456","6362","1829","1824","1829","1689","2050","2902","1701","1902","1731","1880","2406","3460","10266","0","10266"
"20214","11320521","도봉1동","21653","10950","10703","2080","2634","2404","2927","3810","7798","1080","1409","1328","1589","1903","3641","1000","1225","1076","1338","1907","4157","10426","0","10426"
"20214","11320522","도봉2동","27800","13600","14200","3388","3341","3654","3809","4506","9102","1749","1687","1858","1932","2193","4181","1639","1654","1796","1877","2313","4921","12123","0","12123"
"20214","11320660","쌍문1동","21794","10500","11294","2809","3096","2598","3250","3692","6349","1395","1467","1335","1653","1769","2881","1414","1629","1263","1597","1923","3468","9441","0","9441"
"20214","11320670","쌍문2동","19253","9269","9984","2422","2545","2624","2799","3329","5534","1274","1299","1355","1408","1499","2434","1148","1246","1269","1391","1830","3100","8673","0","8673"
"20214","11320680","쌍문3동","16762","8136","8626","1819","2499","2380","2433","2846","4785","938","1227","1233","1259","1319","2160","881","1272","1147","1174","1527","2625","7896","0","7896"
"20214","11320681","쌍문4동","19259","9090","10169","3249","2568","2322","3007","3437","4676","1648","1290","1120","1366","1548","2118","1601","1278","1202","1641","1889","2558","7196","0","7196"
"20214","11320690","방학1동","28975","14420","14555","3761","3904","3352","4238","5428","8292","1893","2031","1733","2100","2731","3932","1868","1873","1619","2138","2697","4360","12737","0","12737"
"20214","11320700","방학2동","20278","10245","10033","2435","2723","2210","2949","3774","6187","1269","1488","1213","1526","1867","2882","1166","1235","997","1423","1907","3305","9509","0","9509"
"20214","11320710","방학3동","27895","13583","14312","4769","3369","3212","4256","4835","7454","2561","1841","1613","1998","2244","3326","2208","1528","1599","2258","2591","4128","10068","0","10068"
"20214","11350560","월계1동","22454","11554","10900","2925","3873","2717","3440","3569","5930","1545","2226","1478","1774","1796","2735","1380","1647","1239","1666","1773","3195","10472","0","10472"
"20214","11350570","월계2동","27466","13247","14219","3943","3244","3238","4338","4625","8078","2022","1726","1633","2197","2212","3457","1921","1518","1605","2141","2413","4621","12063","0","12063"
"20214","11350580","월계3동","30593","14662","15931","4410","3601","4627","4676","4803","8476","2277","1801","2329","2358","2243","3654","2133","1800","2298","2318","2560","4822","13009","0","13009"
"20214","11350595","공릉1동","37700","18335","19365","4795","6830","5406","5406","5849","9414","2423","3395","2741","2754","2813","4209","2372","3435","2665","2652","3036","5205","18300","0","18300"
"20214","11350600","공릉2동","39784","19394","20390","7324","6721","5226","6584","6121","7808","3763","3325","2611","3110","3009","3576","3561","3396","2615","3474","3112","4232","16502","0","16502"
"20214","11350611","하계1동","27479","13234","14245","4354","4696","2748","4237","4977","6467","2399","2514","1385","1874","2411","2651","1955","2182","1363","2363","2566","3816","11662","0","11662"
"20214","11350612","하계2동","22673","10808","11865","4351","3096","2556","4071","3921","4678","2243","1577","1212","1896","1889","1991","2108","1519","1344","2175","2032","2687","8303","0","8303"
"20214","11350619","중계본동","24840","12174","12666","6075","3245","1908","5083","4554","3975","3112","1709","900","2222","2366","1865","2963","1536","1008","2861","2188","2110","8624","0","8624"
"20214","11350621","중계1동","27473","13374","14099","7750","2973","2006","6627","4469","3648","4106","1542","854","2884","2391","1597","3644","1431","1152","3743","2078","2051","9073","0","9073"
"20214","11350624","중계4동","20700","9999","10701","3504","2613","1993","3542","3612","5436","1885","1369","1010","1643","1814","2278","1619","1244","983","1899","1798","3158","8476","0","8476"
"20214","11350625","중계2?3동","35461","16354","19107","5317","4341","4303","5926","5653","9921","2597","2229","2087","2909","2654","3878","2720","2112","2216","3017","2999","6043","15408","0","15408"
"20214","11350630","상계1동","39064","18975","20089","5741","5302","4946","5735","7015","10325","2980","2717","2468","2753","3308","4749","2761","2585","2478","2982","3707","5576","15655","0","15655"
"20214","11350640","상계2동","20557","10167","10390","2880","3323","2335","3102","3944","4973","1464","1667","1226","1491","1981","2338","1416","1656","1109","1611","1963","2635","8798","0","8798"
"20214","11350665","상계3?4동","27081","13471","13610","3538","3256","2965","4002","4808","8512","1869","1757","1560","2016","2435","3834","1669","1499","1405","1986","2373","4678","12221","0","12221"
"20214","11350670","상계5동","24691","11998","12693","3176","3492","2631","3739","4552","7101","1613","1839","1383","1831","2219","3113","1563","1653","1248","1908","2333","3988","11023","0","11023"
"20214","11350695","상계6?7동","33550","15577","17973","5569","4630","4941","5572","5658","7180","2892","2225","2320","2562","2580","2998","2677","2405","2621","3010","3078","4182","13946","0","13946"
"20214","11350700","상계8동","22935","11020","11915","4551","2687","4732","3919","3012","4034","2318","1324","2326","1956","1418","1678","2233","1363","2406","1963","1594","2356","9169","0","9169"
"20214","11350710","상계9동","21136","10040","11096","3541","2753","2810","3507","3620","4905","1828","1434","1422","1589","1683","2084","1713","1319","1388","1918","1937","2821","8424","0","8424"
"20214","11350720","상계10동","17437","8034","9403","2668","2543","2640","2729","3073","3784","1325","1204","1293","1215","1381","1616","1343","1339","1347","1514","1692","2168","7083","0","7083"
"20214","11380510","녹번동","37380","17807","19573","4821","5070","6066","5831","5883","9709","2410","2384","3031","2940","2805","4237","2411","2686","3035","2891","3078","5472","17479","0","17479"
"20214","11380520","불광1동","39732","18809","20923","5092","5477","5445","6021","6771","10926","2665","2663","2665","2910","3167","4739","2427","2814","2780","3111","3604","6187","17969","0","17969"
"20214","11380530","불광2동","28437","13802","14635","2952","4339","3867","3953","4928","8398","1488","2181","2035","2040","2285","3773","1464","2158","1832","1913","2643","4625","13956","0","13956"
"20214","11380551","갈현1동","23146","11280","11866","2591","3751","3056","3331","4008","6409","1351","1910","1617","1671","1856","2875","1240","1841","1439","1660","2152","3534","11152","0","11152"
"20214","11380552","갈현2동","28872","13674","15198","4039","4370","3917","4715","4798","7033","2045","2101","1928","2263","2245","3092","1994","2269","1989","2452","2553","3941","12643","0","12643"
"20214","11380560","구산동","32750","16287","16463","4675","4439","4119","5130","5670","8717","2300","2191","2118","2577","2856","4245","2375","2248","2001","2553","2814","4472","13401","0","13401"
"20214","11380570","대조동","27235","12691","14544","2851","4889","4193","4105","4138","7059","1396","2140","2083","2018","2001","3053","1455","2749","2110","2087","2137","4006","14312","0","14312"
"20214","11380580","응암1동","30938","14680","16258","4886","4201","5148","5227","4581","6895","2518","1922","2524","2564","2234","2918","2368","2279","2624","2663","2347","3977","14058","0","14058"
"20214","11380590","응암2동","27580","13401","14179","5535","2765","5059","5193","3605","5423","2864","1395","2388","2662","1763","2329","2671","1370","2671","2531","1842","3094","11005","0","11005"
"20214","11380600","응암3동","25229","12332","12897","2631","3648","3379","3615","4242","7714","1371","1853","1784","1854","2130","3340","1260","1795","1595","1761","2112","4374","12765","0","12765"
"20214","11380625","역촌동","46566","22003","24563","6216","6530","6700","7609","7651","11860","3133","3114","3252","3792","3591","5121","3083","3416","3448","3817","4060","6739","20857","0","20857"
"20214","11380631","신사1동","27543","13312","14231","3745","3920","4102","4204","4492","7080","1902","2004","2079","2072","2096","3159","1843","1916","2023","2132","2396","3921","11838","0","11838"
"20214","11380632","신사2동","20812","10392","10420","2782","2938","2797","3166","3509","5620","1503","1523","1475","1616","1682","2593","1279","1415","1322","1550","1827","3027","9044","0","9044"
"20214","11380640","증산동","15338","7474","7864","1940","2110","2024","2248","2579","4437","988","1044","1038","1104","1261","2039","952","1066","986","1144","1318","2398","6891","0","6891"
"20214","11380650","수색동","11132","5498","5634","1442","1485","1729","1505","1965","3006","766","761","880","750","991","1350","676","724","849","755","974","1656","4737","0","4737"
"20214","11380690","진관동","57020","26773","30247","12180","7112","6887","10773","8409","11659","6267","3087","3005","5018","4217","5179","5913","4025","3882","5755","4192","6480","21642","0","21642"
"20214","11410520","천연동","17742","8412","9330","2727","2276","2419","2808","3004","4508","1362","1109","1178","1362","1485","1916","1365","1167","1241","1446","1519","2592","8016","0","8016"
"20214","11410555","북아현동","16643","7949","8694","2524","2381","2894","2685","2778","3381","1279","1079","1417","1351","1375","1448","1245","1302","1477","1334","1403","1933","7469","0","7469"
"20214","11410565","충현동","20756","9990","10766","2595","3434","3262","3046","3349","5070","1289","1650","1614","1535","1658","2244","1306","1784","1648","1511","1691","2826","10379","0","10379"
"20214","11410585","신촌동","19272","8599","10673","1594","7419","3286","1982","1999","2992","809","2877","1645","970","1000","1298","785","4542","1641","1012","999","1694","13316","0","13316"
"20214","11410615","연희동","36200","17437","18763","4151","7591","5620","5114","5256","8468","2102","3871","2818","2446","2492","3708","2049","3720","2802","2668","2764","4760","18862","0","18862"
"20214","11410620","홍제1동","24329","11424","12905","3451","3166","3452","3793","4088","6379","1705","1557","1666","1825","1898","2773","1746","1609","1786","1968","2190","3606","10489","0","10489"
"20214","11410640","홍제3동","15810","7661","8149","1897","2120","1969","2206","2714","4904","990","1065","1027","1100","1370","2109","907","1055","942","1106","1344","2795","7117","0","7117"
"20214","11410655","홍제2동","14233","6779","7454","1910","1857","1925","2050","2570","3921","991","926","960","974","1225","1703","919","931","965","1076","1345","2218","5908","0","5908"
"20214","11410660","홍은1동","22956","11085","11871","3264","2921","2994","3450","3966","6361","1647","1466","1519","1687","1950","2816","1617","1455","1475","1763","2016","3545","9716","0","9716"
"20214","11410685","홍은2동","26960","13019","13941","3464","4245","3479","3999","4588","7185","1763","2139","1822","1971","2192","3132","1701","2106","1657","2028","2396","4053","12304","0","12304"
"20214","11410690","남가좌1동","15900","7657","8243","3606","1553","2487","3089","2130","3035","1774","753","1104","1630","1043","1353","1832","800","1383","1459","1087","1682","5889","0","5889"
"20214","11410700","남가좌2동","30036","14498","15538","5089","4293","4609","4921","4409","6715","2535","2087","2273","2490","2177","2936","2554","2206","2336","2431","2232","3779","13308","0","13308"
"20214","11410710","북가좌1동","18445","8896","9549","3394","2173","2402","3277","3020","4179","1769","1051","1125","1637","1447","1867","1625","1122","1277","1640","1573","2312","6990","0","6990"
"20214","11410720","북가좌2동","32607","15868","16739","4116","4817","4306","5035","5442","8891","2121","2443","2225","2462","2627","3990","1995","2374","2081","2573","2815","4901","14785","0","14785"
"20214","11440555","아현동","25772","12061","13711","4469","3208","5156","4239","3878","4822","2155","1421","2382","2127","1859","2117","2314","1787","2774","2112","2019","2705","10610","0","10610"
"20214","11440565","공덕동","37964","17907","20057","4584","6428","6526","5543","6396","8487","2344","2820","3154","2748","3136","3705","2240","3608","3372","2795","3260","4782","18628","0","18628"
"20214","11440585","도화동","21763","10454","11309","3114","3007","3633","3231","3484","5294","1671","1449","1758","1549","1679","2348","1443","1558","1875","1682","1805","2946","9539","0","9539"
"20214","11440590","용강동","21842","10278","11564","4294","2232","3775","4430","2940","4171","2082","1027","1722","2136","1469","1842","2212","1205","2053","2294","1471","2329","9300","0","9300"
"20214","11440600","대흥동","14388","6943","7445","1565","3355","2375","2090","2036","2967","830","1511","1201","1045","1069","1287","735","1844","1174","1045","967","1680","8385","0","8385"
"20214","11440610","염리동","12125","5839","6286","2088","1801","1869","2190","1765","2412","1045","869","901","1107","886","1031","1043","932","968","1083","879","1381","5677","0","5677"
"20214","11440630","신수동","23146","11271","11875","3604","3477","3770","3911","3566","4818","1913","1749","1834","1839","1785","2151","1691","1728","1936","2072","1781","2667","10213","0","10213"
"20214","11440655","서강동","24664","11742","12922","3605","4648","4109","4000","3678","4624","1832","2224","1937","1920","1751","2078","1773","2424","2172","2080","1927","2546","11619","0","11619"
"20214","11440660","서교동","23682","10810","12872","1830","5964","5177","3499","2754","4458","914","2494","2421","1719","1338","1924","916","3470","2756","1780","1416","2534","14891","0","14891"
"20214","11440680","합정동","19846","9219","10627","2303","3878","3956","2888","2722","4099","1149","1722","1882","1381","1299","1786","1154","2156","2074","1507","1423","2313","10285","0","10285"
"20214","11440690","망원1동","20802","9777","11025","2377","3494","3922","3265","2974","4770","1185","1626","1868","1584","1468","2046","1192","1868","2054","1681","1506","2724","10513","0","10513"
"20214","11440700","망원2동","19023","8954","10069","2766","2909","2976","3266","2821","4285","1375","1343","1408","1605","1387","1836","1391","1566","1568","1661","1434","2449","8571","0","8571"
"20214","11440710","연남동","15575","7355","8220","1429","3229","3101","2336","2033","3447","743","1496","1506","1172","958","1480","686","1733","1595","1164","1075","1967","8854","0","8854"
"20214","11440720","성산1동","19357","9097","10260","2453","3135","3401","3329","2884","4155","1204","1473","1643","1593","1367","1817","1249","1662","1758","1736","1517","2338","9419","0","9419"
"20214","11440730","성산2동","40394","18378","22016","6010","6782","6742","6586","5765","8509","3097","2723","3065","3170","2809","3514","2913","4059","3677","3416","2956","4995","19041","0","19041"
"20214","11440740","상암동","31404","14976","16428","6769","4296","4026","6183","4503","5627","3459","1944","1836","2951","2341","2445","3310","2352","2190","3232","2162","3182","12766","0","12766"
"20214","11470510","목1동","31563","15159","16404","8109","3423","3302","6956","5008","4765","4075","1669","1392","3172","2622","2229","4034","1754","1910","3784","2386","2536","10556","0","10556"
"20214","11470520","목2동","30445","14797","15648","4279","5011","5248","4629","4952","6326","2227","2449","2685","2219","2342","2875","2052","2562","2563","2410","2610","3451","13239","0","13239"
"20214","11470530","목3동","22470","10726","11744","2922","3560","4033","3216","3652","5087","1564","1729","1974","1542","1653","2264","1358","1831","2059","1674","1999","2823","10117","0","10117"
"20214","11470540","목4동","25946","12676","13270","4779","4172","2819","4581","4843","4752","2501","2196","1397","2031","2401","2150","2278","1976","1422","2550","2442","2602","10128","0","10128"
"20214","11470550","목5동","42205","20895","21310","11030","4518","4004","9236","6680","6737","5957","2345","1744","4130","3455","3264","5073","2173","2260","5106","3225","3473","13578","0","13578"
"20214","11470560","신월1동","20959","10757","10202","2336","2696","2770","3113","3915","6129","1198","1430","1526","1624","2051","2928","1138","1266","1244","1489","1864","3201","10203","0","10203"
"20214","11470570","신월2동","21351","10461","10890","3225","2709","3045","3335","3356","5681","1617","1401","1550","1692","1627","2574","1608","1308","1495","1643","1729","3107","8607","0","8607"
"20214","11470580","신월3동","15749","8297","7452","2039","2040","2036","2245","2962","4427","1075","1066","1110","1256","1628","2162","964","974","926","989","1334","2265","8040","0","8040"
"20214","11470590","신월4동","18411","9050","9361","3120","2186","2512","3051","2841","4701","1617","1137","1244","1550","1376","2126","1503","1049","1268","1501","1465","2575","6961","0","6961"
"20214","11470600","신월5동","15055","7459","7596","2281","2154","2110","2308","2549","3653","1195","1094","1114","1145","1215","1696","1086","1060","996","1163","1334","1957","6487","0","6487"
"20214","11470610","신월6동","13741","6769","6972","2688","1606","2583","2159","2032","2673","1365","816","1294","1081","978","1235","1323","790","1289","1078","1054","1438","5226","0","5226"
"20214","11470611","신월7동","20514","10068","10446","2446","2659","2642","2986","3601","6180","1259","1407","1392","1549","1759","2702","1187","1252","1250","1437","1842","3478","9234","0","9234"
"20214","11470620","신정1동","20964","10227","10737","4914","2473","2078","4116","3542","3841","2536","1254","908","1933","1817","1779","2378","1219","1170","2183","1725","2062","7213","0","7213"
"20214","11470630","신정2동","20051","9822","10229","4278","2592","1811","3814","3625","3931","2208","1334","845","1760","1857","1818","2070","1258","966","2054","1768","2113","7141","0","7141"
"20214","11470640","신정3동","46374","22599","23775","8701","5912","5752","8007","7827","10175","4478","3059","2826","3872","3820","4544","4223","2853","2926","4135","4007","5631","17831","0","17831"
"20214","11470650","신정4동","33533","16434","17099","4030","5286","5095","5263","5421","8438","2089","2536","2705","2624","2606","3874","1941","2750","2390","2639","2815","4564","16066","0","16066"
"20214","11470670","신정6동","25017","12160","12857","5769","3198","2749","4744","4416","4141","2975","1640","1222","2137","2199","1987","2794","1558","1527","2607","2217","2154","8300","0","8300"
"20214","11470680","신정7동","29891","14452","15439","5458","3604","3231","5210","5281","7107","2815","1880","1541","2501","2615","3100","2643","1724","1690","2709","2666","4007","11604","0","11604"
"20214","11500510","염창동","41853","20346","21507","8696","5432","7332","7676","5956","6761","4472","2518","3483","3759","2925","3189","4224","2914","3849","3917","3031","3572","15820","0","15820"
"20214","11500520","등촌1동","24118","11283","12835","2654","4989","6008","3255","3033","4179","1455","1994","2894","1605","1474","1861","1199","2995","3114","1650","1559","2318","13153","0","13153"
"20214","11500530","등촌2동","21104","10340","10764","2962","3315","3540","3071","3453","4763","1604","1658","1791","1495","1601","2191","1358","1657","1749","1576","1852","2572","8766","0","8766"
"20214","11500535","등촌3동","31490","15009","16481","3782","4182","4663","3927","5370","9566","1969","2152","2403","1873","2461","4151","1813","2030","2260","2054","2909","5415","15067","0","15067"
"20214","11500540","화곡1동","51115","24830","26285","5142","9133","10320","7382","7240","11898","2596","4115","5477","3856","3406","5380","2546","5018","4843","3526","3834","6518","26338","0","26338"
"20214","11500550","화곡2동","17836","8686","9150","2559","2533","2796","3000","2785","4163","1290","1276","1471","1516","1307","1826","1269","1257","1325","1484","1478","2337","7957","0","7957"
"20214","11500560","화곡3동","21443","10303","11140","2897","3086","3161","3180","3268","5851","1501","1468","1580","1522","1547","2685","1396","1618","1581","1658","1721","3166","9239","0","9239"
"20214","11500570","화곡4동","20867","10214","10653","2499","2942","3333","3221","3401","5471","1296","1520","1731","1661","1616","2390","1203","1422","1602","1560","1785","3081","9638","0","9638"
"20214","11500590","화곡본동","38372","18719","19653","5238","6547","7107","6129","5477","7874","2753","3077","3808","3121","2574","3386","2485","3470","3299","3008","2903","4488","18579","0","18579"
"20214","11500591","화곡6동","24230","11844","12386","2858","4152","4039","3536","3860","5785","1539","1967","2075","1787","1837","2639","1319","2185","1964","1749","2023","3146","11873","0","11873"
"20214","11500593","화곡8동","24746","11897","12849","2940","3770","4188","3938","3696","6214","1476","1845","2187","2001","1658","2730","1464","1925","2001","1937","2038","3484","11583","0","11583"
"20214","11500603","가양1동","34206","15801","18405","3618","8428","8327","4599","4299","4935","1870","2872","4201","2404","2066","2388","1748","5556","4126","2195","2233","2547","20072","0","20072"
"20214","11500604","가양2동","14520","6884","7636","1002","1712","2413","1504","2215","5674","515","768","1249","770","1034","2548","487","944","1164","734","1181","3126","8052","0","8052"
"20214","11500605","가양3동","15544","7269","8275","1344","1846","3144","1929","2277","5004","691","885","1578","1018","1069","2028","653","961","1566","911","1208","2976","7912","0","7912"
"20214","11500611","발산1동","37403","17751","19652","8455","4620","4428","7260","5715","6925","4173","2271","2104","3445","2759","2999","4282","2349","2324","3815","2956","3926","13523","0","13523"
"20214","11500615","우장산동","43678","20888","22790","9278","5266","5575","8655","6506","8398","4537","2517","2657","4051","3239","3887","4741","2749","2918","4604","3267","4511","16129","0","16129"
"20214","11500620","공항동","26929","13662","13267","4329","3789","5023","4292","3815","5681","2235","1907","2615","2307","1938","2660","2094","1882","2408","1985","1877","3021","12784","0","12784"
"20214","11500630","방화1동","44340","21631","22709","8542","5323","6504","7719","6535","9717","4264","2565","3196","3916","3186","4504","4278","2758","3308","3803","3349","5213","17489","0","17489"
"20214","11500640","방화2동","23107","11401","11706","2617","3321","3480","3188","3709","6792","1375","1594","1877","1690","1845","3020","1242","1727","1603","1498","1864","3772","11644","0","11644"
"20214","11500641","방화3동","23471","11391","12080","2893","2599","3732","3470","3614","7163","1488","1349","1923","1768","1741","3122","1405","1250","1809","1702","1873","4041","11330","0","11330"
"20214","11530510","신도림동","36197","17684","18513","7148","4343","6241","6543","5098","6824","3622","2102","2985","3216","2514","3245","3526","2241","3256","3327","2584","3579","13483","0","13483"
"20214","11530520","구로1동","21220","10412","10808","3848","2824","3884","3634","3012","4018","2016","1343","1949","1829","1433","1842","1832","1481","1935","1805","1579","2176","8364","0","8364"
"20214","11530530","구로2동","24606","12419","12187","2338","3251","2934","3507","4720","7856","1232","1697","1620","1857","2466","3547","1106","1554","1314","1650","2254","4309","12794","0","12794"
"20214","11530540","구로3동","23853","12153","11700","2782","4134","5016","4016","3059","4846","1440","2015","2716","2213","1608","2161","1342","2119","2300","1803","1451","2685","13227","0","13227"
"20214","11530550","구로4동","20378","9883","10495","1962","2826","2934","2972","3533","6151","994","1340","1521","1510","1779","2739","968","1486","1413","1462","1754","3412","10711","0","10711"
"20214","11530560","구로5동","29372","14272","15100","3455","5067","5452","4126","4556","6716","1764","2225","2725","2110","2303","3145","1691","2842","2727","2016","2253","3571","14707","0","14707"
"20214","11530595","가리봉동","9271","5026","4245","523","1489","1256","1183","1866","2954","287","781","728","670","1107","1453","236","708","528","513","759","1501","6040","0","6040"
"20214","11530720","고척1동","23146","11542","11604","3293","3293","2908","3512","3936","6204","1708","1726","1514","1778","1922","2894","1585","1567","1394","1734","2014","3310","9619","0","9619"
"20214","11530730","고척2동","27366","13549","13817","4073","3615","3326","4289","4791","7272","2075","1861","1677","2166","2368","3402","1998","1754","1649","2123","2423","3870","11610","0","11610"
"20214","11530740","개봉1동","34336","17169","17167","4655","4632","5074","4975","5860","9140","2348","2370","2651","2570","2913","4317","2307","2262","2423","2405","2947","4823","14937","0","14937"
"20214","11530750","개봉2동","31775","15502","16273","4516","3870","4570","4857","4978","8984","2301","1947","2289","2488","2344","4133","2215","1923","2281","2369","2634","4851","12605","0","12605"
"20214","11530760","개봉3동","20845","10201","10644","2668","2612","2786","3224","3495","6060","1373","1339","1442","1654","1643","2750","1295","1273","1344","1570","1852","3310","8842","0","8842"
"20214","11530770","오류1동","22669","11102","11567","2472","3979","4361","3183","3057","5617","1247","1777","2260","1660","1539","2619","1225","2202","2101","1523","1518","2998","11785","0","11785"
"20214","11530780","오류2동","39127","18870","20257","7244","4661","5182","6707","5695","9638","3694","2271","2548","3375","2716","4266","3550","2390","2634","3332","2979","5372","15629","0","15629"
"20214","11530790","수궁동","23972","11848","12124","3493","3088","3317","3833","3932","6309","1869","1608","1699","1902","1866","2904","1624","1480","1618","1931","2066","3405","9967","0","9967"
"20214","11530800","항동","16279","8030","8249","3918","1720","3914","2663","1745","2319","2034","808","1894","1419","801","1074","1884","912","2020","1244","944","1245","6135","0","6135"
"20214","11545510","가산동","23050","12608","10442","1401","6523","5434","2749","2970","3973","677","3035","3382","1711","1740","2063","724","3488","2052","1038","1230","1910","15924","0","15924"
"20214","11545610","독산1동","42270","21748","20522","5535","7328","8449","6238","6244","8476","2809","3664","4707","3402","3148","4018","2726","3664","3742","2836","3096","4458","21131","0","21131"
"20214","11545620","독산2동","19016","9631","9385","2117","2842","2493","2608","3813","5143","1101","1488","1352","1324","1918","2448","1016","1354","1141","1284","1895","2695","9436","0","9436"
"20214","11545630","독산3동","24503","12308","12195","2380","3852","3545","3276","4761","6689","1212","1917","1979","1708","2361","3131","1168","1935","1566","1568","2400","3558","12553","0","12553"
"20214","11545640","독산4동","15537","7838","7699","1633","2287","1980","2113","3248","4276","826","1163","1097","1053","1661","2038","807","1124","883","1060","1587","2238","7657","0","7657"
"20214","11545670","시흥1동","33778","16865","16913","4166","5050","4789","5006","5947","8820","2187","2577","2554","2554","2915","4078","1979","2473","2235","2452","3032","4742","16124","0","16124"
"20214","11545680","시흥2동","21962","10590","11372","3715","2495","2481","3497","3808","5966","1841","1292","1215","1719","1794","2729","1874","1203","1266","1778","2014","3237","8474","0","8474"
"20214","11545690","시흥3동","11130","5525","5605","1259","1445","1431","1564","2015","3416","624","772","763","811","974","1581","635","673","668","753","1041","1835","4771","0","4771"
"20214","11545700","시흥4동","20791","10307","10484","2627","2732","2585","2974","3923","5950","1333","1430","1373","1495","1880","2796","1294","1302","1212","1479","2043","3154","9154","0","9154"
"20214","11545710","시흥5동","19686","9806","9880","2392","2548","2284","2890","3563","6009","1205","1368","1229","1502","1823","2679","1187","1180","1055","1388","1740","3330","9414","0","9414"
"20214","11560515","영등포본동","21466","11010","10456","2702","2850","3306","3147","3652","5809","1396","1535","1733","1658","1906","2782","1306","1315","1573","1489","1746","3027","10338","0","10338"
"20214","11560535","영등포동","28026","15044","12982","2095","6712","6875","3512","3593","5239","1066","2922","3839","2082","2232","2903","1029","3790","3036","1430","1361","2336","18953","0","18953"
"20214","11560540","여의동","34156","16052","18104","5856","3872","5277","5485","5170","8496","2924","1791","2411","2587","2511","3828","2932","2081","2866","2898","2659","4668","13784","0","13784"
"20214","11560550","당산1동","20750","10190","10560","2137","3542","4245","2927","3064","4835","1067","1602","2227","1521","1543","2230","1070","1940","2018","1406","1521","2605","10797","0","10797"
"20214","11560560","당산2동","37551","17619","19932","5102","7320","8220","5249","4820","6840","2561","3028","3962","2584","2310","3174","2541","4292","4258","2665","2510","3666","18478","0","18478"
"20214","11560585","도림동","18248","9159","9089","1948","2777","3231","2742","3001","4549","1022","1303","1708","1461","1577","2088","926","1474","1523","1281","1424","2461","9436","0","9436"
"20214","11560605","문래동","33159","16250","16909","6315","3845","6194","5984","4184","6637","3259","1830","2974","3018","2104","3065","3056","2015","3220","2966","2080","3572","13355","0","13355"
"20214","11560610","양평1동","17384","8564","8820","2234","2734","4319","2766","2051","3280","1176","1174","2251","1463","1053","1447","1058","1560","2068","1303","998","1833","9134","0","9134"
"20214","11560620","양평2동","22389","11124","11265","3257","3686","5186","3358","3054","3848","1686","1688","2679","1689","1591","1791","1571","1998","2507","1669","1463","2057","10325","0","10325"
"20214","11560630","신길1동","17447","8874","8573","1483","3387","2981","2441","2551","4604","752","1672","1710","1339","1335","2066","731","1715","1271","1102","1216","2538","10413","0","10413"
"20214","11560650","신길3동","16891","8320","8571","2331","2166","2546","2490","2900","4458","1212","1070","1311","1284","1442","2001","1119","1096","1235","1206","1458","2457","7653","0","7653"
"20214","11560660","신길4동","10489","5201","5288","1221","1420","1452","1496","1851","3049","620","752","774","758","927","1370","601","668","678","738","924","1679","5042","0","5042"
"20214","11560670","신길5동","11179","5420","5759","1586","1391","1637","1647","1942","2976","791","695","866","830","941","1297","795","696","771","817","1001","1679","4997","0","4997"
"20214","11560680","신길6동","19624","9600","10024","2527","3210","3293","2849","2953","4792","1374","1515","1653","1464","1427","2167","1153","1695","1640","1385","1526","2625","9247","0","9247"
"20214","11560690","신길7동","20286","10120","10166","3830","2814","3497","3315","3101","3729","2047","1424","1728","1667","1541","1713","1783","1390","1769","1648","1560","2016","7911","0","7911"
"20214","11560700","대림1동","14842","7366","7476","1761","2165","1995","2123","2533","4265","963","1073","1044","1134","1239","1913","798","1092","951","989","1294","2352","7219","0","7219"
"20214","11560710","대림2동","12409","6100","6309","1050","1896","1704","1695","2198","3866","528","973","925","883","1071","1720","522","923","779","812","1127","2146","6977","0","6977"
"20214","11560720","대림3동","22896","11479","11417","2642","3167","3292","3186","4257","6352","1368","1652","1778","1590","2128","2963","1274","1515","1514","1596","2129","3389","10429","0","10429"
"20214","11590510","노량진1동","32054","15972","16082","3941","5592","5423","4353","4703","8042","2017","2937","2923","2265","2275","3555","1924","2655","2500","2088","2428","4487","15709","0","15709"
"20214","11590520","노량진2동","12664","6491","6173","913","2337","1917","1552","2144","3801","477","1211","1127","853","1091","1732","436","1126","790","699","1053","2069","7466","0","7466"
"20214","11590530","상도1동","45153","21834","23319","6123","9857","6311","6578","6345","9939","3111","4984","3119","3261","2960","4399","3012","4873","3192","3317","3385","5540","21584","0","21584"
"20214","11590540","상도2동","27835","13383","14452","4175","4297","4679","4310","4116","6258","2137","2046","2276","2160","1975","2789","2038","2251","2403","2150","2141","3469","12575","0","12575"
"20214","11590550","상도3동","25071","11976","13095","2902","4223","4208","3690","3881","6167","1480","1952","2186","1817","1849","2692","1422","2271","2022","1873","2032","3475","12051","0","12051"
"20214","11590560","상도4동","28885","14018","14867","3599","4580","4840","4380","4403","7083","1897","2185","2522","2215","2092","3107","1702","2395","2318","2165","2311","3976","13804","0","13804"
"20214","11590605","흑석동","32306","15694","16612","4521","5138","4548","4891","5216","7992","2321","2681","2248","2501","2478","3465","2200","2457","2300","2390","2738","4527","14266","0","14266"
"20214","11590620","사당1동","23072","10944","12128","1730","5253","4655","2944","3088","5402","899","2260","2433","1510","1404","2438","831","2993","2222","1434","1684","2964","13289","0","13289"
"20214","11590630","사당2동","27227","13111","14116","3452","3684","4489","4047","4186","7369","1852","1759","2225","1987","1994","3294","1600","1925","2264","2060","2192","4075","11947","0","11947"
"20214","11590640","사당3동","25027","12119","12908","3769","3398","4133","3830","3640","6257","1968","1584","1974","1963","1721","2909","1801","1814","2159","1867","1919","3348","10564","0","10564"
"20214","11590650","사당4동","14426","6900","7526","1501","2526","2494","2072","2102","3731","789","1168","1267","1076","967","1633","712","1358","1227","996","1135","2098","7154","0","7154"
"20214","11590651","사당5동","14690","7131","7559","2065","2219","2597","2336","2184","3289","1067","1084","1321","1162","1031","1466","998","1135","1276","1174","1153","1823","6600","0","6600"
"20214","11590660","대방동","38781","18450","20331","6483","6483","5434","6622","5833","7926","3192","3069","2662","3199","2929","3399","3291","3414","2772","3423","2904","4527","17282","0","17282"
"20214","11590670","신대방1동","23662","11391","12271","4053","3406","3095","4027","3728","5353","2017","1635","1525","1917","1864","2433","2036","1771","1570","2110","1864","2920","10234","0","10234"
"20214","11590680","신대방2동","20916","9943","10973","3271","3590","3408","3367","2789","4491","1652","1582","1665","1667","1341","2036","1619","2008","1743","1700","1448","2455","9769","0","9769"
"20214","11620525","보라매동","23236","11427","11809","2448","4518","3839","3217","3219","5995","1286","2178","2100","1657","1518","2688","1162","2340","1739","1560","1701","3307","12009","0","12009"
"20214","11620545","청림동","15551","7619","7932","2441","1851","2604","2481","2323","3851","1269","981","1307","1259","1142","1661","1172","870","1297","1222","1181","2190","6553","0","6553"
"20214","11620565","성현동","33366","16092","17274","5398","4672","4512","5523","5221","8040","2827","2292","2250","2746","2528","3449","2571","2380","2262","2777","2693","4591","14122","0","14122"
"20214","11620575","행운동","28912","14070","14842","2547","7342","5965","3654","3417","5987","1292","3311","3182","1915","1676","2694","1255","4031","2783","1739","1741","3293","17137","0","17137"
"20214","11620585","낙성대동","15664","7865","7799","1312","5066","3223","1829","1583","2651","640","2416","1813","963","827","1206","672","2650","1410","866","756","1445","10254","0","10254"
"20214","11620595","청룡동","34681","16671","18010","2915","11004","6667","4022","3847","6226","1431","4833","3542","2086","1942","2837","1484","6171","3125","1936","1905","3389","22229","0","22229"
"20214","11620605","은천동","33720","16494","17226","4752","5449","5331","5238","4853","8097","2471","2592","2762","2702","2376","3591","2281","2857","2569","2536","2477","4506","15937","0","15937"
"20214","11620615","중앙동","15166","7234","7932","1001","4394","2978","1720","1798","3275","507","1802","1624","936","899","1466","494","2592","1354","784","899","1809","9605","0","9605"
"20214","11620625","인헌동","25460","12424","13036","2650","5694","4837","3503","3379","5397","1372","2688","2523","1778","1650","2413","1278","3006","2314","1725","1729","2984","13908","0","13908"
"20214","11620630","남현동","18396","8882","9514","1833","3952","3720","2307","2559","4025","922","1783","1974","1198","1165","1840","911","2169","1746","1109","1394","2185","9538","0","9538"
"20214","11620645","서원동","22343","11505","10838","1495","6371","4452","2707","2732","4586","770","3244","2599","1489","1305","2098","725","3127","1853","1218","1427","2488","13823","0","13823"
"20214","11620655","신원동","18098","9066","9032","1459","4347","3218","2251","2420","4403","712","2194","1849","1221","1197","1893","747","2153","1369","1030","1223","2510","10797","0","10797"
"20214","11620665","서림동","25506","13917","11589","2099","6035","5061","3556","3385","5370","1080","3335","3097","2132","1784","2489","1019","2700","1964","1424","1601","2881","15523","0","15523"
"20214","11620685","신사동","22688","11352","11336","1931","5761","3910","2995","3223","4868","1039","2713","2213","1551","1600","2236","892","3048","1697","1444","1623","2632","13680","0","13680"
"20214","11620695","신림동","21839","11395","10444","839","8411","5604","2485","1751","2749","416","4061","3225","1428","983","1282","423","4350","2379","1057","768","1467","17289","0","17289"
"20214","11620715","난향동","15780","7777","8003","2670","1723","1904","2973","2567","3943","1355","886","944","1501","1293","1798","1315","837","960","1472","1274","2145","6422","0","6422"
"20214","11620725","조원동","17480","8832","8648","1515","4082","3265","2234","2393","3991","759","1858","1834","1189","1265","1927","756","2224","1431","1045","1128","2064","10649","0","10649"
"20214","11620735","대학동","24481","14713","9768","1847","6547","4989","3662","3212","4224","955","3889","3323","2473","2007","2066","892","2658","1666","1189","1205","2158","16777","0","16777"
"20214","11620745","삼성동","23760","11871","11889","2455","2905","2688","3408","4238","8066","1308","1551","1525","1819","2119","3549","1147","1354","1163","1589","2119","4517","11204","0","11204"
"20214","11620765","미성동","30979","15172","15807","4055","4797","4264","4700","4963","8200","2026","2369","2225","2407","2380","3765","2029","2428","2039","2293","2583","4435","14102","0","14102"
"20214","11620775","난곡동","27330","13700","13630","3204","4102","3697","3921","4891","7515","1666","2135","2017","2058","2377","3447","1538","1967","1680","1863","2514","4068","12972","0","12972"
"20214","11650510","서초1동","21009","10095","10914","3483","2834","3598","3801","2998","4295","1805","1355","1646","1827","1453","2009","1678","1479","1952","1974","1545","2286","9350","0","9350"
"20214","11650520","서초2동","21404","10200","11204","3682","3055","4227","3838","2854","3748","1894","1368","1938","1830","1427","1743","1788","1687","2289","2008","1427","2005","9671","0","9671"
"20214","11650530","서초3동","31930","15560","16370","4574","5251","5390","5052","4888","6775","2553","2465","2562","2392","2409","3179","2021","2786","2828","2660","2479","3596","14565","0","14565"
"20214","11650531","서초4동","31457","15285","16172","7211","3587","3731","6395","4772","5761","3761","1736","1601","2974","2491","2722","3450","1851","2130","3421","2281","3039","11005","0","11005"
"20214","11650540","잠원동","28349","13589","14760","5634","3683","3857","5551","4624","5000","2905","1773","1764","2544","2319","2284","2729","1910","2093","3007","2305","2716","11449","0","11449"
"20214","11650550","반포본동","11947","5637","6310","2490","1494","892","2258","2175","2638","1277","719","401","924","1105","1211","1213","775","491","1334","1070","1427","4107","0","4107"
"20214","11650560","반포1동","32298","15597","16701","6603","4226","5496","6623","4116","5234","3348","1923","2493","3327","2130","2376","3255","2303","3003","3296","1986","2858","14274","0","14274"
"20214","11650570","반포2동","16079","7668","8411","4625","1360","1541","3721","2142","2690","2335","665","610","1697","1152","1209","2290","695","931","2024","990","1481","5109","0","5109"
"20214","11650580","반포3동","22333","10576","11757","4968","2497","2613","4569","3491","4195","2554","1232","1151","2045","1768","1826","2414","1265","1462","2524","1723","2369","7739","0","7739"
"20214","11650581","반포4동","19377","9164","10213","3854","2328","2649","3579","2865","4102","2017","1114","1171","1625","1372","1865","1837","1214","1478","1954","1493","2237","7275","0","7275"
"20214","11650590","방배본동","21099","9797","11302","4277","2681","2432","3961","3423","4325","2062","1252","1077","1755","1706","1945","2215","1429","1355","2206","1717","2380","7997","0","7997"
"20214","11650600","방배1동","17245","8086","9159","2512","2499","2969","2797","2455","4013","1311","1188","1346","1291","1144","1806","1201","1311","1623","1506","1311","2207","7644","0","7644"
"20214","11650610","방배2동","20247","9493","10754","2819","2861","3177","3080","3164","5146","1434","1420","1474","1436","1433","2296","1385","1441","1703","1644","1731","2850","8671","0","8671"
"20214","11650620","방배3동","21283","10278","11005","3322","2781","2942","3220","3528","5490","1710","1453","1406","1479","1644","2586","1612","1328","1536","1741","1884","2904","8284","0","8284"
"20214","11650621","방배4동","23722","10840","12882","4290","3204","3625","4292","3525","4786","2036","1410","1603","1921","1708","2162","2254","1794","2022","2371","1817","2624","9812","0","9812"
"20214","11650651","양재1동","44542","21287","23255","8390","5396","6773","7771","6302","9910","4300","2637","3243","3789","3000","4318","4090","2759","3530","3982","3302","5592","18222","0","18222"
"20214","11650652","양재2동","22452","11264","11188","3064","3369","4543","3733","3340","4403","1606","1705","2366","1912","1643","2032","1458","1664","2177","1821","1697","2371","10829","0","10829"
"20214","11650660","내곡동","17915","8715","9200","3318","1925","2725","3049","2476","4422","1677","1006","1269","1547","1161","2055","1641","919","1456","1502","1315","2367","7209","0","7209"
"20214","11680510","신사동","16672","7731","8941","2650","2279","2384","2954","2499","3906","1354","1044","1054","1294","1235","1750","1296","1235","1330","1660","1264","2156","7323","0","7323"
"20214","11680521","논현1동","22994","10809","12185","1589","4626","5821","3871","2821","4266","767","2092","2774","1866","1410","1900","822","2534","3047","2005","1411","2366","14400","0","14400"
"20214","11680531","논현2동","21740","10121","11619","2445","3552","4562","3824","2978","4379","1264","1589","2048","1838","1458","1924","1181","1963","2514","1986","1520","2455","11676","0","11676"
"20214","11680545","압구정동","27248","12572","14676","4957","3193","3377","4883","4104","6734","2375","1503","1445","2226","2016","3007","2582","1690","1932","2657","2088","3727","10622","0","10622"
"20214","11680565","청담동","27014","12627","14387","4437","3801","4440","4805","3989","5542","2374","1718","1922","2212","1865","2536","2063","2083","2518","2593","2124","3006","11801","0","11801"
"20214","11680580","삼성1동","13407","6623","6784","2141","1913","1955","2183","2170","3045","1205","1031","910","1005","1046","1426","936","882","1045","1178","1124","1619","5675","0","5675"
"20214","11680590","삼성2동","30115","14342","15773","5917","3889","4981","6443","4143","4742","3215","1842","2094","2957","2115","2119","2702","2047","2887","3486","2028","2623","13439","0","13439"
"20214","11680600","대치1동","24900","12528","12372","7507","2475","1568","6133","3814","3403","4189","1266","610","2705","2126","1632","3318","1209","958","3428","1688","1771","7380","0","7380"
"20214","11680610","대치2동","37565","19103","18462","8358","4959","3268","7283","6730","6967","4874","2688","1512","3105","3518","3406","3484","2271","1756","4178","3212","3561","12986","0","12986"
"20214","11680630","대치4동","20478","9657","10821","3322","3441","3367","4104","3213","3031","1758","1649","1508","1761","1619","1362","1564","1792","1859","2343","1594","1669","10328","0","10328"
"20214","11680640","역삼1동","35804","17333","18471","2485","7528","10082","6058","4240","5411","1252","3206","5008","3103","2235","2529","1233","4322","5074","2955","2005","2882","23983","0","23983"
"20214","11680650","역삼2동","36944","17309","19635","8499","4687","5243","8651","4847","5017","4158","2022","2250","3998","2632","2249","4341","2665","2993","4653","2215","2768","15675","0","15675"
"20214","11680655","도곡1동","22087","10464","11623","4120","2986","3231","3872","3516","4362","1947","1400","1450","1848","1708","2111","2173","1586","1781","2024","1808","2251","8661","0","8661"
"20214","11680656","도곡2동","33941","15779","18162","7711","4013","3590","6550","5477","6600","3594","1857","1463","2932","2746","3187","4117","2156","2127","3618","2731","3413","11792","0","11792"
"20214","11680660","개포1동","6408","3121","3287","969","734","663","915","1044","2083","493","377","307","436","523","985","476","357","356","479","521","1098","2465","0","2465"
"20214","11680670","개포2동","22211","10732","11479","4194","2920","2791","3692","3834","4780","2084","1508","1314","1689","1847","2290","2110","1412","1477","2003","1987","2490","8033","0","8033"
"20214","11680690","개포4동","22529","10991","11538","3691","3161","3468","3759","3781","4669","1898","1599","1709","1775","1869","2141","1793","1562","1759","1984","1912","2528","9499","0","9499"
"20214","11680700","세곡동","44314","21044","23270","9067","5380","6879","7809","6014","9165","4496","2594","3149","3846","2925","4034","4571","2786","3730","3963","3089","5131","17965","0","17965"
"20214","11680720","일원본동","23927","11793","12134","5606","2620","2981","4542","3720","4458","3159","1363","1362","2093","1808","2008","2447","1257","1619","2449","1912","2450","8146","0","8146"
"20214","11680730","일원1동","15672","7693","7979","1950","2208","2268","2145","2515","4586","1060","1150","1195","1092","1205","1991","890","1058","1073","1053","1310","2595","7465","0","7465"
"20214","11680740","일원2동","17642","8556","9086","3007","1940","2579","3044","2602","4470","1748","1044","1243","1464","1255","1802","1259","896","1336","1580","1347","2668","7357","0","7357"
"20214","11680750","수서동","15241","6919","8322","1214","1614","2318","1654","2259","6182","611","827","1166","871","1011","2433","603","787","1152","783","1248","3749","7876","0","7876"
"20214","11710510","풍납1동","13896","6829","7067","1591","1720","1943","1993","2447","4202","854","906","1010","988","1184","1887","737","814","933","1005","1263","2315","6377","0","6377"
"20214","11710520","풍납2동","25501","12123","13378","4043","3836","4296","4061","3703","5562","2066","1685","2035","1964","1800","2573","1977","2151","2261","2097","1903","2989","11071","0","11071"
"20214","11710531","거여1동","12616","6407","6209","1624","1796","1715","1883","2273","3325","864","952","908","946","1149","1588","760","844","807","937","1124","1737","5510","0","5510"
"20214","11710532","거여2동","19174","9408","9766","2911","2233","2678","3028","3315","5009","1544","1149","1362","1477","1614","2262","1367","1084","1316","1551","1701","2747","8170","0","8170"
"20214","11710540","마천1동","19745","10078","9667","2616","2382","2237","2864","3618","6028","1349","1239","1240","1474","1930","2846","1267","1143","997","1390","1688","3182","8972","0","8972"
"20214","11710550","마천2동","19564","9919","9645","2299","2476","2292","2772","3724","6001","1169","1327","1268","1459","1893","2803","1130","1149","1024","1313","1831","3198","8886","0","8886"
"20214","11710561","방이1동","16193","7804","8389","2786","2490","2282","2697","2698","3240","1415","1272","1089","1237","1272","1519","1371","1218","1193","1460","1426","1721","6317","0","6317"
"20214","11710562","방이2동","26148","12310","13838","2469","5177","5982","3661","3645","5214","1325","2194","2922","1790","1703","2376","1144","2983","3060","1871","1942","2838","14550","0","14550"
"20214","11710566","오륜동","18483","9090","9393","4132","2182","1719","3403","3135","3912","2270","1153","720","1504","1557","1886","1862","1029","999","1899","1578","2026","5956","0","5956"
"20214","11710570","오금동","39515","19163","20352","6095","5603","5699","5845","6883","9390","3194","2896","2797","2740","3225","4311","2901","2707","2902","3105","3658","5079","15693","0","15693"
"20214","11710580","송파1동","24810","11632","13178","2634","4604","5425","3506","3518","5123","1313","2067","2648","1636","1622","2346","1321","2537","2777","1870","1896","2777","12434","0","12434"
"20214","11710590","송파2동","20645","9906","10739","3578","2924","3076","3185","3366","4516","1804","1372","1460","1526","1606","2138","1774","1552","1616","1659","1760","2378","7647","0","7647"
"20214","11710600","석촌동","32530","15505","17025","3554","5621","7052","4925","4728","6650","1809","2555","3402","2431","2280","3028","1745","3066","3650","2494","2448","3622","17072","0","17072"
"20214","11710610","삼전동","31448","14829","16619","3634","5375","6677","5192","4518","6052","1877","2401","3288","2482","2104","2677","1757","2974","3389","2710","2414","3375","16326","0","16326"
"20214","11710620","가락본동","27076","13418","13658","3532","4197","4793","3897","4753","5904","1836","2052","2439","1916","2319","2856","1696","2145","2354","1981","2434","3048","12010","0","12010"
"20214","11710631","가락1동","27823","13521","14302","5459","3556","5350","4458","4032","4968","2829","1755","2531","2168","1896","2342","2630","1801","2819","2290","2136","2626","9908","0","9908"
"20214","11710632","가락2동","33013","16237","16776","6137","4580","4836","5658","5272","6530","3225","2307","2343","2727","2549","3086","2912","2273","2493","2931","2723","3444","12379","0","12379"
"20214","11710641","문정1동","20369","10050","10319","2824","3252","3529","2842","3347","4575","1468","1612","1813","1383","1571","2203","1356","1640","1716","1459","1776","2372","8431","0","8431"
"20214","11710642","문정2동","29877","13858","16019","3239","5334","7644","4400","3626","5634","1659","2074","3549","2134","1773","2669","1580","3260","4095","2266","1853","2965","15761","0","15761"
"20214","11710646","장지동","30000","14522","15478","5192","4094","4784","4776","4875","6279","2658","2056","2409","2337","2279","2783","2534","2038","2375","2439","2596","3496","12080","0","12080"
"20214","11710647","위례동","30548","14863","15685","8837","2965","5317","6212","3558","3659","4431","1484","2420","3148","1765","1615","4406","1481","2897","3064","1793","2044","9900","0","9900"
"20214","11710650","잠실본동","28558","13478","15080","3080","5101","6179","4452","4131","5615","1544","2252","3021","2143","1953","2565","1536","2849","3158","2309","2178","3050","15419","0","15419"
"20214","11710670","잠실2동","36151","17260","18891","10069","3308","4094","8723","4853","5104","5081","1556","1644","4059","2641","2279","4988","1752","2450","4664","2212","2825","11899","0","11899"
"20214","11710680","잠실3동","35314","16819","18495","7348","3923","4489","6295","5306","7953","3776","1876","1922","2920","2599","3726","3572","2047","2567","3375","2707","4227","12130","0","12130"
"20214","11710690","잠실4동","21711","10433","11278","5208","2036","3121","4381","2899","4066","2682","1004","1302","2126","1436","1883","2526","1032","1819","2255","1463","2183","7418","0","7418"
"20214","11710710","잠실6동","17212","8128","9084","3242","2014","2372","2779","2661","4144","1632","956","1051","1293","1232","1964","1610","1058","1321","1486","1429","2180","5983","0","5983"
"20214","11710720","잠실7동","9882","4607","5275","1631","1286","1024","1402","1672","2867","733","615","466","621","813","1359","898","671","558","781","859","1508","3465","0","3465"
"20214","11740515","강일동","35390","17082","18308","7624","4276","4332","5989","5365","7804","3929","2126","2040","2881","2636","3470","3695","2150","2292","3108","2729","4334","12960","0","12960"
"20214","11740520","상일동","33197","16367","16830","7513","3597","5313","5919","4811","6044","3853","1862","2450","2986","2287","2929","3660","1735","2863","2933","2524","3115","11601","0","11601"
"20214","11740530","명일1동","26280","12827","13453","4659","3266","4153","4261","4065","5876","2431","1635","2082","2044","1941","2694","2228","1631","2071","2217","2124","3182","10105","0","10105"
"20214","11740540","명일2동","17494","8654","8840","3702","2192","1882","3116","2750","3852","1985","1129","937","1397","1358","1848","1717","1063","945","1719","1392","2004","6115","0","6115"
"20214","11740550","고덕1동","25955","13187","12768","6578","2474","3548","5474","3467","4414","3612","1324","1661","2745","1769","2076","2966","1150","1887","2729","1698","2338","8800","0","8800"
"20214","11740560","고덕2동","22444","11355","11089","4516","2448","3993","3796","3301","4390","2357","1289","1957","1975","1660","2117","2159","1159","2036","1821","1641","2273","8705","0","8705"
"20214","11740570","암사1동","35440","17548","17892","4836","4853","5290","5602","6013","8846","2458","2531","2738","2867","2944","4010","2378","2322","2552","2735","3069","4836","16172","0","16172"
"20214","11740580","암사2동","15439","7481","7958","2450","2002","2920","2411","2241","3415","1230","967","1444","1210","1072","1558","1220","1035","1476","1201","1169","1857","6352","0","6352"
"20214","11740590","암사3동","18359","8985","9374","3974","1970","2617","3282","2693","3823","2051","976","1202","1630","1298","1828","1923","994","1415","1652","1395","1995","6369","0","6369"
"20214","11740600","천호1동","27485","13505","13980","3234","3850","4108","4108","4623","7562","1642","1932","2155","2155","2190","3431","1592","1918","1953","1953","2433","4131","12913","0","12913"
"20214","11740610","천호2동","34494","17015","17479","3607","4975","6295","5026","5716","8875","1868","2349","3246","2600","2851","4101","1739","2626","3049","2426","2865","4774","17730","0","17730"
"20214","11740620","천호3동","26573","12981","13592","2625","4225","4803","3788","4258","6874","1357","1864","2403","1968","2204","3185","1268","2361","2400","1820","2054","3689","13901","0","13901"
"20214","11740640","성내1동","20230","9815","10415","3333","2716","3393","3322","3043","4423","1742","1345","1649","1613","1440","2026","1591","1371","1744","1709","1603","2397","8258","0","8258"
"20214","11740650","성내2동","24318","11935","12383","2332","3995","4327","3504","3832","6328","1187","1811","2265","1813","1900","2959","1145","2184","2062","1691","1932","3369","12909","0","12909"
"20214","11740660","성내3동","23440","11544","11896","3073","3628","3584","3615","3975","5565","1725","1882","1823","1766","1892","2456","1348","1746","1761","1849","2083","3109","10606","0","10606"
"20214","11740685","길동","46576","22715","23861","5584","7189","7606","6859","7605","11733","2907","3400","3893","3508","3615","5392","2677","3789","3713","3351","3990","6341","21589","0","21589"
"20214","11740690","둔촌1동","24","17","7","4","3","4","0","3","10","4","3","2","0","1","7","0","0","2","0","2","3","14","0","14"
"20214","11740700","둔촌2동","26347","12961","13386","4011","3746","3861","3901","4390","6438","2095","1883","1967","1950","2073","2993","1916","1863","1894","1951","2317","3445","11040","0","11040"
"20221","11110515","청운효자동","12434","5780","6654","1993","1594","1697","2148","1979","3023","1046","793","780","967","919","1275","947","801","917","1181","1060","1748","5352","0","5352"
"20221","11110530","사직동","9524","4267","5257","1267","1238","1443","1476","1562","2538","601","568","619","659","700","1120","666","670","824","817","862","1418","4758","0","4758"
"20221","11110540","삼청동","2635","1271","1364","295","320","360","369","413","878","157","171","177","178","205","383","138","149","183","191","208","495","1340","0","1340"
"20221","11110550","부암동","10015","4765","5250","1479","1340","1236","1628","1723","2609","778","689","588","755","782","1173","701","651","648","873","941","1436","4389","0","4389"
"20221","11110560","평창동","18390","8553","9837","2815","2450","2233","2767","3266","4859","1428","1248","1032","1222","1474","2149","1387","1202","1201","1545","1792","2710","7519","0","7519"
"20221","11110570","무악동","8541","3977","4564","1707","935","941","1505","1419","2034","779","431","427","709","744","887","928","504","514","796","675","1147","3189","0","3189"
"20221","11110580","교남동","10466","4838","5628","1725","1272","1709","1852","1615","2293","844","603","790","873","776","952","881","669","919","979","839","1341","4594","0","4594"
"20221","11110600","가회동","4325","2003","2322","544","493","573","767","685","1263","289","232","266","363","315","538","255","261","307","404","370","725","2075","0","2075"
"20221","11110615","종로1?2?3?4가동","7242","4344","2898","394","878","939","959","1338","2734","208","460","528","598","942","1608","186","418","411","361","396","1126","5274","0","5274"
"20221","11110630","종로5?6가동","5219","2821","2398","348","1066","704","586","977","1538","171","543","407","350","554","796","177","523","297","236","423","742","3392","0","3392"
"20221","11110640","이화동","7603","3575","4028","664","1686","1243","974","1107","1929","323","780","606","489","545","832","341","906","637","485","562","1097","4433","0","4433"
"20221","11110650","혜화동","16799","8091","8708","2001","4486","2077","2295","2302","3638","989","2213","1103","1098","1110","1578","1012","2273","974","1197","1192","2060","9367","0","9367"
"20221","11110670","창신1동","5129","2771","2358","372","612","538","637","1112","1858","195","334","311","327","622","982","177","278","227","310","490","876","2960","0","2960"
"20221","11110680","창신2동","8326","4290","4036","754","1169","895","1105","1832","2571","403","631","520","572","978","1186","351","538","375","533","854","1385","4184","0","4184"
"20221","11110690","창신3동","6921","3393","3528","907","966","962","956","1290","1840","460","522","466","462","630","853","447","444","496","494","660","987","2911","0","2911"
"20221","11110700","숭인1동","6080","2963","3117","648","807","829","943","1147","1706","312","420","428","494","565","744","336","387","401","449","582","962","3038","0","3038"
"20221","11110710","숭인2동","9700","4913","4787","621","2093","1564","1262","1677","2483","312","864","859","712","913","1253","309","1229","705","550","764","1230","6160","0","6160"
"20221","11140520","소공동","2073","1027","1046","280","219","421","449","307","397","126","90","206","241","158","206","154","129","215","208","149","191","1130","0","1130"
"20221","11140540","회현동","5124","2713","2411","393","509","537","665","968","2052","191","226","253","365","569","1109","202","283","284","300","399","943","3014","0","3014"
"20221","11140550","명동","2766","1177","1589","205","279","339","418","494","1031","108","130","164","182","206","387","97","149","175","236","288","644","1414","0","1414"
"20221","11140570","필동","4038","2083","1955","361","727","624","493","611","1222","194","369","345","274","347","554","167","358","279","219","264","668","2408","0","2408"
"20221","11140580","장충동","4665","2358","2307","472","1255","665","562","595","1116","239","672","349","300","300","498","233","583","316","262","295","618","2753","0","2753"
"20221","11140590","광희동","5204","2697","2507","330","890","815","636","874","1659","171","381","454","355","497","839","159","509","361","281","377","820","3279","0","3279"
"20221","11140605","을지로동","1959","1159","800","94","266","350","208","326","715","39","113","208","134","229","436","55","153","142","74","97","279","1504","0","1504"
"20221","11140615","신당동","7698","3852","3846","564","1368","1310","1054","1396","2006","270","654","666","572","744","946","294","714","644","482","652","1060","4635","0","4635"
"20221","11140625","다산동","14154","6850","7304","1392","2367","2249","2054","2295","3797","735","1146","1173","1037","1088","1671","657","1221","1076","1017","1207","2126","6915","0","6915"
"20221","11140635","약수동","17127","8063","9064","2082","2019","2422","2464","2844","5296","1035","1013","1142","1226","1352","2295","1047","1006","1280","1238","1492","3001","7802","0","7802"
"20221","11140645","청구동","14045","6664","7381","1656","2015","2203","1950","2371","3850","828","980","1101","953","1145","1657","828","1035","1102","997","1226","2193","6400","0","6400"
"20221","11140650","신당5동","10518","5116","5402","1127","1672","1748","1550","1869","2552","566","773","883","787","982","1125","561","899","865","763","887","1427","5386","0","5386"
"20221","11140665","동화동","10659","5140","5519","1596","1436","1344","1595","1957","2731","837","708","621","779","942","1253","759","728","723","816","1015","1478","4170","0","4170"
"20221","11140670","황학동","12570","5998","6572","1255","2086","2794","1829","1784","2822","639","874","1376","899","909","1301","616","1212","1418","930","875","1521","6918","0","6918"
"20221","11140680","중림동","12288","6125","6163","1794","1453","2254","2037","1944","2806","924","711","1073","1080","1004","1333","870","742","1181","957","940","1473","5647","0","5647"
"20221","11170510","후암동","17736","8616","9120","2243","2606","2834","2810","2871","4372","1206","1315","1477","1347","1399","1872","1037","1291","1357","1463","1472","2500","8724","0","8724"
"20221","11170520","용산2가동","9925","4771","5154","890","1548","1728","1381","1447","2931","458","805","893","707","670","1238","432","743","835","674","777","1693","5384","0","5384"
"20221","11170530","남영동","7618","4636","2982","452","957","1041","1101","1625","2442","238","455","555","710","1144","1534","214","502","486","391","481","908","5384","0","5384"
"20221","11170555","청파동","19837","9323","10514","1842","4244","3115","2758","3135","4743","954","1696","1686","1393","1553","2041","888","2548","1429","1365","1582","2702","11102","0","11102"
"20221","11170560","원효로1동","16085","7749","8336","2188","2447","3698","2630","2210","2912","1121","1036","1809","1356","1093","1334","1067","1411","1889","1274","1117","1578","8035","0","8035"
"20221","11170570","원효로2동","14197","6674","7523","2193","1857","2069","2306","2349","3423","968","872","1048","1127","1161","1498","1225","985","1021","1179","1188","1925","6038","0","6038"
"20221","11170580","효창동","10191","4829","5362","1535","1574","1858","1571","1559","2094","792","733","902","744","749","909","743","841","956","827","810","1185","4373","0","4373"
"20221","11170590","용문동","12297","5862","6435","1600","1849","2023","1852","1974","2999","818","885","989","912","975","1283","782","964","1034","940","999","1716","5438","0","5438"
"20221","11170625","한강로동","19846","9585","10261","2117","3124","4016","2797","3365","4427","1107","1404","1912","1367","1665","2130","1010","1720","2104","1430","1700","2297","10405","0","10405"
"20221","11170630","이촌1동","28160","13165","14995","5655","3004","3670","4920","4593","6318","2902","1468","1637","2205","2205","2748","2753","1536","2033","2715","2388","3570","10344","0","10344"
"20221","11170640","이촌2동","8729","4103","4626","1077","965","1469","1258","1406","2554","552","476","745","620","652","1058","525","489","724","638","754","1496","3847","0","3847"
"20221","11170650","이태원1동","6926","3294","3632","516","1054","1152","884","1130","2190","259","544","635","431","527","898","257","510","517","453","603","1292","3935","0","3935"
"20221","11170660","이태원2동","9269","4266","5003","924","1400","1658","1420","1298","2569","459","686","825","674","583","1039","465","714","833","746","715","1530","5025","0","5025"
"20221","11170685","한남동","21151","10175","10976","2336","2782","4033","3373","3289","5338","1216","1398","1985","1674","1573","2329","1120","1384","2048","1699","1716","3009","11412","0","11412"
"20221","11170690","서빙고동","13196","6333","6863","2260","1801","1525","2470","2221","2919","1147","890","741","1166","1113","1276","1113","911","784","1304","1108","1643","5326","0","5326"
"20221","11170700","보광동","14218","7045","7173","1259","2232","2158","2093","2490","3986","700","1252","1191","1051","1220","1631","559","980","967","1042","1270","2355","7784","0","7784"
"20221","11200520","왕십리2동","17081","8307","8774","2432","2503","2939","2650","2746","3811","1247","1195","1474","1325","1327","1739","1185","1308","1465","1325","1419","2072","7629","0","7629"
"20221","11200535","왕십리도선동","27086","12915","14171","3947","4406","4765","4037","4411","5520","2018","2036","2224","2026","2092","2519","1929","2370","2541","2011","2319","3001","12023","0","12023"
"20221","11200540","마장동","22773","11240","11533","2826","4369","3275","3017","3712","5574","1427","2179","1689","1533","1816","2596","1399","2190","1586","1484","1896","2978","10912","0","10912"
"20221","11200550","사근동","11920","6090","5830","1201","4632","1592","1152","1286","2057","564","2509","889","601","633","894","637","2123","703","551","653","1163","7801","0","7801"
"20221","11200560","행당1동","14071","6791","7280","2003","2218","2282","2168","2273","3127","986","1081","1120","1048","1107","1449","1017","1137","1162","1120","1166","1678","6455","0","6455"
"20221","11200570","행당2동","24054","11286","12768","3931","3028","3708","4081","3923","5383","1875","1425","1760","1971","1919","2336","2056","1603","1948","2110","2004","3047","9483","0","9483"
"20221","11200580","응봉동","15758","7475","8283","2869","1754","2248","2936","2483","3468","1427","868","1094","1400","1209","1477","1442","886","1154","1536","1274","1991","6128","0","6128"
"20221","11200590","금호1가동","15703","7515","8188","2366","1819","2758","2549","2383","3828","1219","909","1282","1304","1146","1655","1147","910","1476","1245","1237","2173","6713","0","6713"
"20221","11200615","금호2?3가동","23406","11157","12249","3246","2931","4172","3755","3692","5610","1657","1483","1996","1844","1765","2412","1589","1448","2176","1911","1927","3198","10318","0","10318"
"20221","11200620","금호4가동","14708","7034","7674","2349","1510","2808","2574","2119","3348","1212","769","1316","1279","1037","1421","1137","741","1492","1295","1082","1927","6460","0","6460"
"20221","11200645","옥수동","26675","12414","14261","4247","3013","5092","4504","3943","5876","2150","1377","2265","2223","1827","2572","2097","1636","2827","2281","2116","3304","11091","0","11091"
"20221","11200650","성수1가1동","16575","8293","8282","2156","2555","2909","2406","3050","3499","1134","1335","1452","1163","1548","1661","1022","1220","1457","1243","1502","1838","7671","0","7671"
"20221","11200660","성수1가2동","13438","6602","6836","1677","2149","2476","2094","2055","2987","848","1052","1204","1019","1068","1411","829","1097","1272","1075","987","1576","6504","0","6504"
"20221","11200670","성수2가1동","16593","8680","7913","1727","2345","2616","2324","3148","4433","895","1253","1423","1226","1713","2170","832","1092","1193","1098","1435","2263","8455","0","8455"
"20221","11200690","성수2가3동","11147","5651","5496","1109","2015","1961","1458","1845","2759","563","936","1041","746","987","1378","546","1079","920","712","858","1381","5700","0","5700"
"20221","11200720","송정동","10729","5665","5064","1133","1712","1647","1557","1963","2717","602","888","897","856","1075","1347","531","824","750","701","888","1370","5572","0","5572"
"20221","11200790","용답동","11806","6233","5573","1041","2074","1656","1752","2196","3087","534","965","898","1008","1298","1530","507","1109","758","744","898","1557","6872","0","6872"
"20221","11215710","화양동","22632","10720","11912","1087","9645","4383","2184","2090","3243","508","4133","2295","1217","1105","1462","579","5512","2088","967","985","1781","17039","0","17039"
"20221","11215730","군자동","19923","9831","10092","1936","4484","3639","2628","2895","4341","1006","2121","1868","1376","1458","2002","930","2363","1771","1252","1437","2339","11155","0","11155"
"20221","11215740","중곡1동","16176","7887","8289","1601","2880","3068","2253","2606","3768","833","1317","1558","1163","1279","1737","768","1563","1510","1090","1327","2031","8508","0","8508"
"20221","11215750","중곡2동","21787","10306","11481","2595","3874","3899","2982","3549","4888","1317","1730","1890","1472","1666","2231","1278","2144","2009","1510","1883","2657","10545","0","10545"
"20221","11215760","중곡3동","16644","8257","8387","1716","2705","2744","2320","2910","4249","898","1343","1436","1184","1434","1962","818","1362","1308","1136","1476","2287","8551","0","8551"
"20221","11215770","중곡4동","29181","14304","14877","3400","4472","4348","4146","5276","7539","1807","2245","2176","2108","2509","3459","1593","2227","2172","2038","2767","4080","13163","0","13163"
"20221","11215780","능동","11615","5328","6287","1133","2404","2672","1643","1413","2350","586","1010","1195","829","652","1056","547","1394","1477","814","761","1294","6510","0","6510"
"20221","11215810","광장동","35430","17108","18322","8824","4147","3834","7693","5468","5464","4537","2056","1650","3547","2785","2533","4287","2091","2184","4146","2683","2931","12065","0","12065"
"20221","11215820","자양1동","22775","10942","11833","2529","4391","3787","3382","3627","5059","1286","2068","1901","1692","1749","2246","1243","2323","1886","1690","1878","2813","11855","0","11855"
"20221","11215830","자양2동","25646","12492","13154","3521","3864","3931","4043","4283","6004","1842","1919","1942","2003","2004","2782","1679","1945","1989","2040","2279","3222","11214","0","11214"
"20221","11215840","자양3동","28690","13776","14914","4975","3957","4335","4594","4673","6156","2475","1946","2052","2154","2253","2896","2500","2011","2283","2440","2420","3260","11170","0","11170"
"20221","11215847","자양4동","17745","8826","8919","1591","2702","2606","2453","3099","5294","778","1318","1404","1283","1625","2418","813","1384","1202","1170","1474","2876","9474","0","9474"
"20221","11215850","구의1동","22038","10524","11514","2045","4832","4230","3213","3188","4530","1031","2215","2122","1605","1546","2005","1014","2617","2108","1608","1642","2525","12108","0","12108"
"20221","11215860","구의2동","26958","12964","13994","4138","3771","3883","4354","4526","6286","2097","1851","1942","2110","2165","2799","2041","1920","1941","2244","2361","3487","11685","0","11685"
"20221","11215870","구의3동","29306","13933","15373","4413","4769","4624","4570","4898","6032","2193","2235","2247","2122","2339","2797","2220","2534","2377","2448","2559","3235","12201","0","12201"
"20221","11230536","용신동","31118","15778","15340","2704","6129","5357","4225","4670","8033","1414","2903","2806","2318","2502","3835","1290","3226","2551","1907","2168","4198","18390","0","18390"
"20221","11230545","제기동","24935","12789","12146","2428","4415","3263","3125","3836","7868","1253","2406","1820","1709","2020","3581","1175","2009","1443","1416","1816","4287","13286","0","13286"
"20221","11230560","전농1동","30150","15129","15021","3806","4675","4382","4328","4909","8050","1928","2377","2263","2273","2519","3769","1878","2298","2119","2055","2390","4281","15185","0","15185"
"20221","11230570","전농2동","19195","9231","9964","2975","2383","2304","3059","3296","5178","1480","1200","1161","1479","1613","2298","1495","1183","1143","1580","1683","2880","7805","0","7805"
"20221","11230600","답십리1동","29090","14088","15002","4716","4011","5271","4716","4287","6089","2398","1865","2506","2451","2089","2779","2318","2146","2765","2265","2198","3310","12898","0","12898"
"20221","11230610","답십리2동","29220","14189","15031","3839","3839","4490","4234","4976","7842","1921","1922","2288","2131","2430","3497","1918","1917","2202","2103","2546","4345","12848","0","12848"
"20221","11230650","장안1동","38693","19230","19463","5173","5285","6342","6384","6071","9438","2659","2517","3272","3325","3000","4457","2514","2768","3070","3059","3071","4981","18258","0","18258"
"20221","11230660","장안2동","33005","16505","16500","5728","3880","5160","5777","4941","7519","3020","2014","2570","2951","2476","3474","2708","1866","2590","2826","2465","4045","14016","0","14016"
"20221","11230705","청량리동","19830","9886","9944","1906","2316","2220","2536","3474","7378","987","1232","1196","1336","1766","3369","919","1084","1024","1200","1708","4009","10036","0","10036"
"20221","11230710","회기동","10447","5009","5438","1150","3163","1480","1327","1232","2095","573","1490","795","651","623","877","577","1673","685","676","609","1218","6296","0","6296"
"20221","11230720","휘경1동","13616","6578","7038","1569","3278","2177","1698","1933","2961","793","1452","1131","876","961","1365","776","1826","1046","822","972","1596","7186","0","7186"
"20221","11230730","휘경2동","24296","12051","12245","3314","5327","3015","3532","3537","5571","1618","2840","1606","1741","1741","2505","1696","2487","1409","1791","1796","3066","11851","0","11851"
"20221","11230740","이문1동","18532","9220","9312","1993","4775","2170","2439","2613","4542","1009","2386","1233","1245","1348","1999","984","2389","937","1194","1265","2543","10572","0","10572"
"20221","11230750","이문2동","20461","9917","10544","3111","2843","2518","3208","3420","5361","1559","1373","1262","1605","1709","2409","1552","1470","1256","1603","1711","2952","8712","0","8712"
"20221","11260520","면목2동","24773","12340","12433","2884","3381","3293","3687","4931","6597","1440","1677","1740","1950","2517","3016","1444","1704","1553","1737","2414","3581","12298","0","12298"
"20221","11260540","면목4동","18750","9350","9400","2207","2472","2623","2927","3238","5283","1158","1283","1376","1564","1612","2357","1049","1189","1247","1363","1626","2926","8959","0","8959"
"20221","11260550","면목5동","15170","7642","7528","2296","1864","2772","2316","2575","3347","1164","953","1399","1253","1307","1566","1132","911","1373","1063","1268","1781","6602","0","6602"
"20221","11260565","면목본동","34313","17041","17272","3553","5321","5289","5041","6298","8811","1792","2699","2779","2642","3102","4027","1761","2622","2510","2399","3196","4784","17765","0","17765"
"20221","11260570","면목7동","22366","11210","11156","2455","3128","3426","3182","3927","6248","1318","1596","1763","1693","1906","2934","1137","1532","1663","1489","2021","3314","10708","0","10708"
"20221","11260575","면목3?8동","25508","12676","12832","2598","3810","3613","3513","4721","7253","1334","1920","1926","1840","2301","3355","1264","1890","1687","1673","2420","3898","12759","0","12759"
"20221","11260580","상봉1동","24775","12114","12661","3851","3574","3649","3602","4416","5683","2032","1762","1843","1764","2121","2592","1819","1812","1806","1838","2295","3091","10297","0","10297"
"20221","11260590","상봉2동","19882","9674","10208","1606","4048","4117","2622","3103","4386","839","1702","2111","1380","1564","2078","767","2346","2006","1242","1539","2308","11702","0","11702"
"20221","11260600","중화1동","20232","9911","10321","2627","2925","3217","2837","3381","5245","1333","1436","1670","1488","1575","2409","1294","1489","1547","1349","1806","2836","9121","0","9121"
"20221","11260610","중화2동","25562","13123","12439","2236","3772","3694","3501","4968","7391","1192","1871","1974","1887","2635","3564","1044","1901","1720","1614","2333","3827","13880","0","13880"
"20221","11260620","묵1동","35402","17135","18267","5518","4995","4950","5894","5553","8492","2814","2401","2449","2911","2669","3891","2704","2594","2501","2983","2884","4601","14972","0","14972"
"20221","11260630","묵2동","19446","9570","9876","2330","2728","3123","2907","3245","5113","1208","1330","1630","1468","1588","2346","1122","1398","1493","1439","1657","2767","9338","0","9338"
"20221","11260655","망우본동","30392","15262","15130","3381","4214","4110","4126","5693","8868","1713","2136","2142","2232","2865","4174","1668","2078","1968","1894","2828","4694","15073","0","15073"
"20221","11260660","망우3동","17107","8588","8519","1962","2336","2149","2440","3321","4899","948","1191","1169","1254","1694","2332","1014","1145","980","1186","1627","2567","8431","0","8431"
"20221","11260680","신내1동","39688","19315","20373","7169","4931","5130","6037","6572","9849","3676","2503","2528","3029","3110","4469","3493","2428","2602","3008","3462","5380","14806","0","14806"
"20221","11260690","신내2동","21208","10115","11093","3132","2583","2946","3221","3559","5767","1600","1316","1446","1569","1674","2510","1532","1267","1500","1652","1885","3257","9076","0","9076"
"20221","11290525","성북동","16832","7862","8970","1967","2808","2518","2545","2762","4232","1011","1287","1198","1210","1306","1850","956","1521","1320","1335","1456","2382","8225","0","8225"
"20221","11290555","삼선동","23545","11221","12324","3053","4275","3339","3694","3674","5510","1597","1907","1646","1807","1847","2417","1456","2368","1693","1887","1827","3093","11689","0","11689"
"20221","11290575","동선동","15583","6532","9051","1529","4477","2508","2036","1930","3103","712","1421","1154","973","958","1314","817","3056","1354","1063","972","1789","9347","0","9347"
"20221","11290580","돈암1동","15288","7144","8144","2174","2082","1981","2215","2719","4117","1053","964","979","1037","1300","1811","1121","1118","1002","1178","1419","2306","6236","0","6236"
"20221","11290590","돈암2동","24591","11692","12899","4892","3025","3040","4516","4079","5039","2475","1488","1421","2127","1965","2216","2417","1537","1619","2389","2114","2823","8735","0","8735"
"20221","11290600","안암동","14908","7511","7397","1279","5070","2002","1660","2004","2893","660","2643","1121","851","990","1246","619","2427","881","809","1014","1647","9202","0","9202"
"20221","11290610","보문동","15749","7608","8141","1933","2707","2624","2415","2553","3517","952","1335","1332","1227","1219","1543","981","1372","1292","1188","1334","1974","7827","0","7827"
"20221","11290620","정릉1동","18647","9008","9639","3231","2318","2650","3258","2855","4335","1648","1159","1295","1589","1411","1906","1583","1159","1355","1669","1444","2429","7502","0","7502"
"20221","11290630","정릉2동","23495","11368","12127","3412","3249","3158","3632","3747","6297","1740","1643","1612","1793","1808","2772","1672","1606","1546","1839","1939","3525","9882","0","9882"
"20221","11290640","정릉3동","15532","7689","7843","1596","3171","1909","1949","2386","4521","817","1745","1074","958","1167","1928","779","1426","835","991","1219","2593","8011","0","8011"
"20221","11290650","정릉4동","25601","12380","13221","3856","3267","3292","4220","4171","6795","2019","1691","1590","2086","2015","2979","1837","1576","1702","2134","2156","3816","10979","0","10979"
"20221","11290660","길음1동","36397","17304","19093","8899","3486","4714","7942","4966","6390","4450","1667","2121","3814","2536","2716","4449","1819","2593","4128","2430","3674","12775","0","12775"
"20221","11290685","길음2동","17041","8242","8799","2879","2126","2532","2956","2771","3777","1526","1016","1235","1410","1368","1687","1353","1110","1297","1546","1403","2090","7118","0","7118"
"20221","11290705","종암동","39773","19588","20185","6415","5839","5234","6460","6365","9460","3409","3066","2603","3187","3172","4151","3006","2773","2631","3273","3193","5309","17435","0","17435"
"20221","11290715","월곡1동","26920","13023","13897","4720","3043","3598","4607","4260","6692","2330","1462","1765","2323","2105","3038","2390","1581","1833","2284","2155","3654","10916","0","10916"
"20221","11290725","월곡2동","19925","9584","10341","2596","3584","2738","2870","3042","5095","1341","1527","1415","1452","1549","2300","1255","2057","1323","1418","1493","2795","9615","0","9615"
"20221","11290760","장위1동","20207","9845","10362","2501","3027","2472","2908","3818","5481","1259","1553","1355","1404","1833","2441","1242","1474","1117","1504","1985","3040","9162","0","9162"
"20221","11290770","장위2동","13848","6857","6991","1506","1925","1701","1967","2454","4295","755","964","906","1057","1255","1920","751","961","795","910","1199","2375","6593","0","6593"
"20221","11290780","장위3동","17221","8518","8703","3194","2227","2772","2748","2712","3568","1632","1082","1354","1393","1384","1673","1562","1145","1418","1355","1328","1895","7094","0","7094"
"20221","11290810","석관동","35589","17616","17973","4272","5198","5027","5177","6014","9901","2230","2573","2584","2693","2957","4579","2042","2625","2443","2484","3057","5322","16697","0","16697"
"20221","11305534","삼양동","24555","12239","12316","3286","3153","3031","3666","4374","7045","1720","1627","1609","1868","2210","3205","1566","1526","1422","1798","2164","3840","11377","0","11377"
"20221","11305535","미아동","22217","10700","11517","2132","3868","2899","3093","3846","6379","1135","1674","1533","1614","1861","2883","997","2194","1366","1479","1985","3496","11775","0","11775"
"20221","11305545","송중동","30349","14594","15755","3618","4271","4115","4607","5199","8539","1809","2091","2072","2347","2453","3822","1809","2180","2043","2260","2746","4717","14073","0","14073"
"20221","11305555","송천동","27466","13641","13825","2718","3703","3290","3934","5055","8766","1375","1888","1760","2072","2547","3999","1343","1815","1530","1862","2508","4767","13795","0","13795"
"20221","11305575","삼각산동","31996","15394","16602","7015","3387","3850","6493","4975","6276","3608","1678","1804","3139","2475","2690","3407","1709","2046","3354","2500","3586","11742","0","11742"
"20221","11305595","번1동","19057","9573","9484","1792","3283","2816","2946","3130","5090","948","1587","1524","1560","1627","2327","844","1696","1292","1386","1503","2763","10476","0","10476"
"20221","11305603","번2동","16440","7977","8463","1781","2212","1808","2427","2776","5436","941","1153","1005","1234","1352","2292","840","1059","803","1193","1424","3144","7659","0","7659"
"20221","11305608","번3동","17545","8257","9288","2317","1943","1748","2673","2831","6033","1179","991","904","1367","1362","2454","1138","952","844","1306","1469","3579","7579","0","7579"
"20221","11305615","수유1동","21236","10516","10720","2420","3068","2789","3014","3628","6317","1237","1558","1504","1620","1757","2840","1183","1510","1285","1394","1871","3477","10452","0","10452"
"20221","11305625","수유2동","21476","10289","11187","2498","2993","2581","3060","3784","6560","1316","1436","1372","1523","1793","2849","1182","1557","1209","1537","1991","3711","9731","0","9731"
"20221","11305635","수유3동","23512","11646","11866","1962","4305","3385","3309","4036","6515","1021","2065","1846","1748","2040","2926","941","2240","1539","1561","1996","3589","12998","0","12998"
"20221","11305645","우이동","20955","10206","10749","2501","2678","2592","3005","3588","6591","1333","1253","1397","1543","1730","2950","1168","1425","1195","1462","1858","3641","9647","0","9647"
"20221","11305660","인수동","31311","15131","16180","3707","4100","3842","4506","5425","9731","1862","2053","2026","2304","2587","4299","1845","2047","1816","2202","2838","5432","14563","0","14563"
"20221","11320511","창1동","25241","12027","13214","3749","3307","3413","4121","4181","6470","1899","1643","1707","1996","1944","2838","1850","1664","1706","2125","2237","3632","10877","0","10877"
"20221","11320512","창2동","29648","14474","15174","4104","4143","4145","4588","5178","7490","2143","2064","2079","2327","2465","3396","1961","2079","2066","2261","2713","4094","12458","0","12458"
"20221","11320513","창3동","14305","7124","7181","1863","1828","1710","2167","2621","4116","972","951","913","1114","1297","1877","891","877","797","1053","1324","2239","6654","0","6654"
"20221","11320514","창4동","27197","13076","14121","4413","3735","3420","4429","4919","6281","2270","1895","1656","2085","2324","2846","2143","1840","1764","2344","2595","3435","10753","0","10753"
"20221","11320515","창5동","25203","12123","13080","3530","3726","3560","3569","4456","6362","1829","1824","1829","1689","2050","2902","1701","1902","1731","1880","2406","3460","10266","0","10266"
"20221","11320521","도봉1동","21653","10950","10703","2080","2634","2404","2927","3810","7798","1080","1409","1328","1589","1903","3641","1000","1225","1076","1338","1907","4157","10426","0","10426"
"20221","11320522","도봉2동","27800","13600","14200","3388","3341","3654","3809","4506","9102","1749","1687","1858","1932","2193","4181","1639","1654","1796","1877","2313","4921","12123","0","12123"
"20221","11320660","쌍문1동","21794","10500","11294","2809","3096","2598","3250","3692","6349","1395","1467","1335","1653","1769","2881","1414","1629","1263","1597","1923","3468","9441","0","9441"
"20221","11320670","쌍문2동","19253","9269","9984","2422","2545","2624","2799","3329","5534","1274","1299","1355","1408","1499","2434","1148","1246","1269","1391","1830","3100","8673","0","8673"
"20221","11320680","쌍문3동","16762","8136","8626","1819","2499","2380","2433","2846","4785","938","1227","1233","1259","1319","2160","881","1272","1147","1174","1527","2625","7896","0","7896"
"20221","11320681","쌍문4동","19259","9090","10169","3249","2568","2322","3007","3437","4676","1648","1290","1120","1366","1548","2118","1601","1278","1202","1641","1889","2558","7196","0","7196"
"20221","11320690","방학1동","28975","14420","14555","3761","3904","3352","4238","5428","8292","1893","2031","1733","2100","2731","3932","1868","1873","1619","2138","2697","4360","12737","0","12737"
"20221","11320700","방학2동","20278","10245","10033","2435","2723","2210","2949","3774","6187","1269","1488","1213","1526","1867","2882","1166","1235","997","1423","1907","3305","9509","0","9509"
"20221","11320710","방학3동","27895","13583","14312","4769","3369","3212","4256","4835","7454","2561","1841","1613","1998","2244","3326","2208","1528","1599","2258","2591","4128","10068","0","10068"
"20221","11350560","월계1동","22454","11554","10900","2925","3873","2717","3440","3569","5930","1545","2226","1478","1774","1796","2735","1380","1647","1239","1666","1773","3195","10472","0","10472"
"20221","11350570","월계2동","27466","13247","14219","3943","3244","3238","4338","4625","8078","2022","1726","1633","2197","2212","3457","1921","1518","1605","2141","2413","4621","12063","0","12063"
"20221","11350580","월계3동","30593","14662","15931","4410","3601","4627","4676","4803","8476","2277","1801","2329","2358","2243","3654","2133","1800","2298","2318","2560","4822","13009","0","13009"
"20221","11350595","공릉1동","37700","18335","19365","4795","6830","5406","5406","5849","9414","2423","3395","2741","2754","2813","4209","2372","3435","2665","2652","3036","5205","18300","0","18300"
"20221","11350600","공릉2동","39784","19394","20390","7324","6721","5226","6584","6121","7808","3763","3325","2611","3110","3009","3576","3561","3396","2615","3474","3112","4232","16502","0","16502"
"20221","11350611","하계1동","27479","13234","14245","4354","4696","2748","4237","4977","6467","2399","2514","1385","1874","2411","2651","1955","2182","1363","2363","2566","3816","11662","0","11662"
"20221","11350612","하계2동","22673","10808","11865","4351","3096","2556","4071","3921","4678","2243","1577","1212","1896","1889","1991","2108","1519","1344","2175","2032","2687","8303","0","8303"
"20221","11350619","중계본동","24840","12174","12666","6075","3245","1908","5083","4554","3975","3112","1709","900","2222","2366","1865","2963","1536","1008","2861","2188","2110","8624","0","8624"
"20221","11350621","중계1동","27473","13374","14099","7750","2973","2006","6627","4469","3648","4106","1542","854","2884","2391","1597","3644","1431","1152","3743","2078","2051","9073","0","9073"
"20221","11350624","중계4동","20700","9999","10701","3504","2613","1993","3542","3612","5436","1885","1369","1010","1643","1814","2278","1619","1244","983","1899","1798","3158","8476","0","8476"
"20221","11350625","중계2?3동","35461","16354","19107","5317","4341","4303","5926","5653","9921","2597","2229","2087","2909","2654","3878","2720","2112","2216","3017","2999","6043","15408","0","15408"
"20221","11350630","상계1동","39064","18975","20089","5741","5302","4946","5735","7015","10325","2980","2717","2468","2753","3308","4749","2761","2585","2478","2982","3707","5576","15655","0","15655"
"20221","11350640","상계2동","20557","10167","10390","2880","3323","2335","3102","3944","4973","1464","1667","1226","1491","1981","2338","1416","1656","1109","1611","1963","2635","8798","0","8798"
"20221","11350665","상계3?4동","27081","13471","13610","3538","3256","2965","4002","4808","8512","1869","1757","1560","2016","2435","3834","1669","1499","1405","1986","2373","4678","12221","0","12221"
"20221","11350670","상계5동","24691","11998","12693","3176","3492","2631","3739","4552","7101","1613","1839","1383","1831","2219","3113","1563","1653","1248","1908","2333","3988","11023","0","11023"
"20221","11350695","상계6?7동","33550","15577","17973","5569","4630","4941","5572","5658","7180","2892","2225","2320","2562","2580","2998","2677","2405","2621","3010","3078","4182","13946","0","13946"
"20221","11350700","상계8동","22935","11020","11915","4551","2687","4732","3919","3012","4034","2318","1324","2326","1956","1418","1678","2233","1363","2406","1963","1594","2356","9169","0","9169"
"20221","11350710","상계9동","21136","10040","11096","3541","2753","2810","3507","3620","4905","1828","1434","1422","1589","1683","2084","1713","1319","1388","1918","1937","2821","8424","0","8424"
"20221","11350720","상계10동","17437","8034","9403","2668","2543","2640","2729","3073","3784","1325","1204","1293","1215","1381","1616","1343","1339","1347","1514","1692","2168","7083","0","7083"
"20221","11380510","녹번동","37380","17807","19573","4821","5070","6066","5831","5883","9709","2410","2384","3031","2940","2805","4237","2411","2686","3035","2891","3078","5472","17479","0","17479"
"20221","11380520","불광1동","39732","18809","20923","5092","5477","5445","6021","6771","10926","2665","2663","2665","2910","3167","4739","2427","2814","2780","3111","3604","6187","17969","0","17969"
"20221","11380530","불광2동","28437","13802","14635","2952","4339","3867","3953","4928","8398","1488","2181","2035","2040","2285","3773","1464","2158","1832","1913","2643","4625","13956","0","13956"
"20221","11380551","갈현1동","23146","11280","11866","2591","3751","3056","3331","4008","6409","1351","1910","1617","1671","1856","2875","1240","1841","1439","1660","2152","3534","11152","0","11152"
"20221","11380552","갈현2동","28872","13674","15198","4039","4370","3917","4715","4798","7033","2045","2101","1928","2263","2245","3092","1994","2269","1989","2452","2553","3941","12643","0","12643"
"20221","11380560","구산동","32750","16287","16463","4675","4439","4119","5130","5670","8717","2300","2191","2118","2577","2856","4245","2375","2248","2001","2553","2814","4472","13401","0","13401"
"20221","11380570","대조동","27235","12691","14544","2851","4889","4193","4105","4138","7059","1396","2140","2083","2018","2001","3053","1455","2749","2110","2087","2137","4006","14312","0","14312"
"20221","11380580","응암1동","30938","14680","16258","4886","4201","5148","5227","4581","6895","2518","1922","2524","2564","2234","2918","2368","2279","2624","2663","2347","3977","14058","0","14058"
"20221","11380590","응암2동","27580","13401","14179","5535","2765","5059","5193","3605","5423","2864","1395","2388","2662","1763","2329","2671","1370","2671","2531","1842","3094","11005","0","11005"
"20221","11380600","응암3동","25229","12332","12897","2631","3648","3379","3615","4242","7714","1371","1853","1784","1854","2130","3340","1260","1795","1595","1761","2112","4374","12765","0","12765"
"20221","11380625","역촌동","46566","22003","24563","6216","6530","6700","7609","7651","11860","3133","3114","3252","3792","3591","5121","3083","3416","3448","3817","4060","6739","20857","0","20857"
"20221","11380631","신사1동","27543","13312","14231","3745","3920","4102","4204","4492","7080","1902","2004","2079","2072","2096","3159","1843","1916","2023","2132","2396","3921","11838","0","11838"
"20221","11380632","신사2동","20812","10392","10420","2782","2938","2797","3166","3509","5620","1503","1523","1475","1616","1682","2593","1279","1415","1322","1550","1827","3027","9044","0","9044"
"20221","11380640","증산동","15338","7474","7864","1940","2110","2024","2248","2579","4437","988","1044","1038","1104","1261","2039","952","1066","986","1144","1318","2398","6891","0","6891"
"20221","11380650","수색동","11132","5498","5634","1442","1485","1729","1505","1965","3006","766","761","880","750","991","1350","676","724","849","755","974","1656","4737","0","4737"
"20221","11380690","진관동","57020","26773","30247","12180","7112","6887","10773","8409","11659","6267","3087","3005","5018","4217","5179","5913","4025","3882","5755","4192","6480","21642","0","21642"
"20221","11410520","천연동","17742","8412","9330","2727","2276","2419","2808","3004","4508","1362","1109","1178","1362","1485","1916","1365","1167","1241","1446","1519","2592","8016","0","8016"
"20221","11410555","북아현동","16643","7949","8694","2524","2381","2894","2685","2778","3381","1279","1079","1417","1351","1375","1448","1245","1302","1477","1334","1403","1933","7469","0","7469"
"20221","11410565","충현동","20756","9990","10766","2595","3434","3262","3046","3349","5070","1289","1650","1614","1535","1658","2244","1306","1784","1648","1511","1691","2826","10379","0","10379"
"20221","11410585","신촌동","19272","8599","10673","1594","7419","3286","1982","1999","2992","809","2877","1645","970","1000","1298","785","4542","1641","1012","999","1694","13316","0","13316"
"20221","11410615","연희동","36200","17437","18763","4151","7591","5620","5114","5256","8468","2102","3871","2818","2446","2492","3708","2049","3720","2802","2668","2764","4760","18862","0","18862"
"20221","11410620","홍제1동","24329","11424","12905","3451","3166","3452","3793","4088","6379","1705","1557","1666","1825","1898","2773","1746","1609","1786","1968","2190","3606","10489","0","10489"
"20221","11410640","홍제3동","15810","7661","8149","1897","2120","1969","2206","2714","4904","990","1065","1027","1100","1370","2109","907","1055","942","1106","1344","2795","7117","0","7117"
"20221","11410655","홍제2동","14233","6779","7454","1910","1857","1925","2050","2570","3921","991","926","960","974","1225","1703","919","931","965","1076","1345","2218","5908","0","5908"
"20221","11410660","홍은1동","22956","11085","11871","3264","2921","2994","3450","3966","6361","1647","1466","1519","1687","1950","2816","1617","1455","1475","1763","2016","3545","9716","0","9716"
"20221","11410685","홍은2동","26960","13019","13941","3464","4245","3479","3999","4588","7185","1763","2139","1822","1971","2192","3132","1701","2106","1657","2028","2396","4053","12304","0","12304"
"20221","11410690","남가좌1동","15900","7657","8243","3606","1553","2487","3089","2130","3035","1774","753","1104","1630","1043","1353","1832","800","1383","1459","1087","1682","5889","0","5889"
"20221","11410700","남가좌2동","30036","14498","15538","5089","4293","4609","4921","4409","6715","2535","2087","2273","2490","2177","2936","2554","2206","2336","2431","2232","3779","13308","0","13308"
"20221","11410710","북가좌1동","18445","8896","9549","3394","2173","2402","3277","3020","4179","1769","1051","1125","1637","1447","1867","1625","1122","1277","1640","1573","2312","6990","0","6990"
"20221","11410720","북가좌2동","32607","15868","16739","4116","4817","4306","5035","5442","8891","2121","2443","2225","2462","2627","3990","1995","2374","2081","2573","2815","4901","14785","0","14785"
"20221","11440555","아현동","25772","12061","13711","4469","3208","5156","4239","3878","4822","2155","1421","2382","2127","1859","2117","2314","1787","2774","2112","2019","2705","10610","0","10610"
"20221","11440565","공덕동","37964","17907","20057","4584","6428","6526","5543","6396","8487","2344","2820","3154","2748","3136","3705","2240","3608","3372","2795","3260","4782","18628","0","18628"
"20221","11440585","도화동","21763","10454","11309","3114","3007","3633","3231","3484","5294","1671","1449","1758","1549","1679","2348","1443","1558","1875","1682","1805","2946","9539","0","9539"
"20221","11440590","용강동","21842","10278","11564","4294","2232","3775","4430","2940","4171","2082","1027","1722","2136","1469","1842","2212","1205","2053","2294","1471","2329","9300","0","9300"
"20221","11440600","대흥동","14388","6943","7445","1565","3355","2375","2090","2036","2967","830","1511","1201","1045","1069","1287","735","1844","1174","1045","967","1680","8385","0","8385"
"20221","11440610","염리동","12125","5839","6286","2088","1801","1869","2190","1765","2412","1045","869","901","1107","886","1031","1043","932","968","1083","879","1381","5677","0","5677"
"20221","11440630","신수동","23146","11271","11875","3604","3477","3770","3911","3566","4818","1913","1749","1834","1839","1785","2151","1691","1728","1936","2072","1781","2667","10213","0","10213"
"20221","11440655","서강동","24664","11742","12922","3605","4648","4109","4000","3678","4624","1832","2224","1937","1920","1751","2078","1773","2424","2172","2080","1927","2546","11619","0","11619"
"20221","11440660","서교동","23682","10810","12872","1830","5964","5177","3499","2754","4458","914","2494","2421","1719","1338","1924","916","3470","2756","1780","1416","2534","14891","0","14891"
"20221","11440680","합정동","19846","9219","10627","2303","3878","3956","2888","2722","4099","1149","1722","1882","1381","1299","1786","1154","2156","2074","1507","1423","2313","10285","0","10285"
"20221","11440690","망원1동","20802","9777","11025","2377","3494","3922","3265","2974","4770","1185","1626","1868","1584","1468","2046","1192","1868","2054","1681","1506","2724","10513","0","10513"
"20221","11440700","망원2동","19023","8954","10069","2766","2909","2976","3266","2821","4285","1375","1343","1408","1605","1387","1836","1391","1566","1568","1661","1434","2449","8571","0","8571"
"20221","11440710","연남동","15575","7355","8220","1429","3229","3101","2336","2033","3447","743","1496","1506","1172","958","1480","686","1733","1595","1164","1075","1967","8854","0","8854"
"20221","11440720","성산1동","19357","9097","10260","2453","3135","3401","3329","2884","4155","1204","1473","1643","1593","1367","1817","1249","1662","1758","1736","1517","2338","9419","0","9419"
"20221","11440730","성산2동","40394","18378","22016","6010","6782","6742","6586","5765","8509","3097","2723","3065","3170","2809","3514","2913","4059","3677","3416","2956","4995","19041","0","19041"
"20221","11440740","상암동","31404","14976","16428","6769","4296","4026","6183","4503","5627","3459","1944","1836","2951","2341","2445","3310","2352","2190","3232","2162","3182","12766","0","12766"
"20221","11470510","목1동","31563","15159","16404","8109","3423","3302","6956","5008","4765","4075","1669","1392","3172","2622","2229","4034","1754","1910","3784","2386","2536","10556","0","10556"
"20221","11470520","목2동","30445","14797","15648","4279","5011","5248","4629","4952","6326","2227","2449","2685","2219","2342","2875","2052","2562","2563","2410","2610","3451","13239","0","13239"
"20221","11470530","목3동","22470","10726","11744","2922","3560","4033","3216","3652","5087","1564","1729","1974","1542","1653","2264","1358","1831","2059","1674","1999","2823","10117","0","10117"
"20221","11470540","목4동","25946","12676","13270","4779","4172","2819","4581","4843","4752","2501","2196","1397","2031","2401","2150","2278","1976","1422","2550","2442","2602","10128","0","10128"
"20221","11470550","목5동","42205","20895","21310","11030","4518","4004","9236","6680","6737","5957","2345","1744","4130","3455","3264","5073","2173","2260","5106","3225","3473","13578","0","13578"
"20221","11470560","신월1동","20959","10757","10202","2336","2696","2770","3113","3915","6129","1198","1430","1526","1624","2051","2928","1138","1266","1244","1489","1864","3201","10203","0","10203"
"20221","11470570","신월2동","21351","10461","10890","3225","2709","3045","3335","3356","5681","1617","1401","1550","1692","1627","2574","1608","1308","1495","1643","1729","3107","8607","0","8607"
"20221","11470580","신월3동","15749","8297","7452","2039","2040","2036","2245","2962","4427","1075","1066","1110","1256","1628","2162","964","974","926","989","1334","2265","8040","0","8040"
"20221","11470590","신월4동","18411","9050","9361","3120","2186","2512","3051","2841","4701","1617","1137","1244","1550","1376","2126","1503","1049","1268","1501","1465","2575","6961","0","6961"
"20221","11470600","신월5동","15055","7459","7596","2281","2154","2110","2308","2549","3653","1195","1094","1114","1145","1215","1696","1086","1060","996","1163","1334","1957","6487","0","6487"
"20221","11470610","신월6동","13741","6769","6972","2688","1606","2583","2159","2032","2673","1365","816","1294","1081","978","1235","1323","790","1289","1078","1054","1438","5226","0","5226"
"20221","11470611","신월7동","20514","10068","10446","2446","2659","2642","2986","3601","6180","1259","1407","1392","1549","1759","2702","1187","1252","1250","1437","1842","3478","9234","0","9234"
"20221","11470620","신정1동","20964","10227","10737","4914","2473","2078","4116","3542","3841","2536","1254","908","1933","1817","1779","2378","1219","1170","2183","1725","2062","7213","0","7213"
"20221","11470630","신정2동","20051","9822","10229","4278","2592","1811","3814","3625","3931","2208","1334","845","1760","1857","1818","2070","1258","966","2054","1768","2113","7141","0","7141"
"20221","11470640","신정3동","46374","22599","23775","8701","5912","5752","8007","7827","10175","4478","3059","2826","3872","3820","4544","4223","2853","2926","4135","4007","5631","17831","0","17831"
"20221","11470650","신정4동","33533","16434","17099","4030","5286","5095","5263","5421","8438","2089","2536","2705","2624","2606","3874","1941","2750","2390","2639","2815","4564","16066","0","16066"
"20221","11470670","신정6동","25017","12160","12857","5769","3198","2749","4744","4416","4141","2975","1640","1222","2137","2199","1987","2794","1558","1527","2607","2217","2154","8300","0","8300"
"20221","11470680","신정7동","29891","14452","15439","5458","3604","3231","5210","5281","7107","2815","1880","1541","2501","2615","3100","2643","1724","1690","2709","2666","4007","11604","0","11604"
"20221","11500510","염창동","41853","20346","21507","8696","5432","7332","7676","5956","6761","4472","2518","3483","3759","2925","3189","4224","2914","3849","3917","3031","3572","15820","0","15820"
"20221","11500520","등촌1동","24118","11283","12835","2654","4989","6008","3255","3033","4179","1455","1994","2894","1605","1474","1861","1199","2995","3114","1650","1559","2318","13153","0","13153"
"20221","11500530","등촌2동","21104","10340","10764","2962","3315","3540","3071","3453","4763","1604","1658","1791","1495","1601","2191","1358","1657","1749","1576","1852","2572","8766","0","8766"
"20221","11500535","등촌3동","31490","15009","16481","3782","4182","4663","3927","5370","9566","1969","2152","2403","1873","2461","4151","1813","2030","2260","2054","2909","5415","15067","0","15067"
"20221","11500540","화곡1동","51115","24830","26285","5142","9133","10320","7382","7240","11898","2596","4115","5477","3856","3406","5380","2546","5018","4843","3526","3834","6518","26338","0","26338"
"20221","11500550","화곡2동","17836","8686","9150","2559","2533","2796","3000","2785","4163","1290","1276","1471","1516","1307","1826","1269","1257","1325","1484","1478","2337","7957","0","7957"
"20221","11500560","화곡3동","21443","10303","11140","2897","3086","3161","3180","3268","5851","1501","1468","1580","1522","1547","2685","1396","1618","1581","1658","1721","3166","9239","0","9239"
"20221","11500570","화곡4동","20867","10214","10653","2499","2942","3333","3221","3401","5471","1296","1520","1731","1661","1616","2390","1203","1422","1602","1560","1785","3081","9638","0","9638"
"20221","11500590","화곡본동","38372","18719","19653","5238","6547","7107","6129","5477","7874","2753","3077","3808","3121","2574","3386","2485","3470","3299","3008","2903","4488","18579","0","18579"
"20221","11500591","화곡6동","24230","11844","12386","2858","4152","4039","3536","3860","5785","1539","1967","2075","1787","1837","2639","1319","2185","1964","1749","2023","3146","11873","0","11873"
"20221","11500593","화곡8동","24746","11897","12849","2940","3770","4188","3938","3696","6214","1476","1845","2187","2001","1658","2730","1464","1925","2001","1937","2038","3484","11583","0","11583"
"20221","11500603","가양1동","34206","15801","18405","3618","8428","8327","4599","4299","4935","1870","2872","4201","2404","2066","2388","1748","5556","4126","2195","2233","2547","20072","0","20072"
"20221","11500604","가양2동","14520","6884","7636","1002","1712","2413","1504","2215","5674","515","768","1249","770","1034","2548","487","944","1164","734","1181","3126","8052","0","8052"
"20221","11500605","가양3동","15544","7269","8275","1344","1846","3144","1929","2277","5004","691","885","1578","1018","1069","2028","653","961","1566","911","1208","2976","7912","0","7912"
"20221","11500611","발산1동","37403","17751","19652","8455","4620","4428","7260","5715","6925","4173","2271","2104","3445","2759","2999","4282","2349","2324","3815","2956","3926","13523","0","13523"
"20221","11500615","우장산동","43678","20888","22790","9278","5266","5575","8655","6506","8398","4537","2517","2657","4051","3239","3887","4741","2749","2918","4604","3267","4511","16129","0","16129"
"20221","11500620","공항동","26929","13662","13267","4329","3789","5023","4292","3815","5681","2235","1907","2615","2307","1938","2660","2094","1882","2408","1985","1877","3021","12784","0","12784"
"20221","11500630","방화1동","44340","21631","22709","8542","5323","6504","7719","6535","9717","4264","2565","3196","3916","3186","4504","4278","2758","3308","3803","3349","5213","17489","0","17489"
"20221","11500640","방화2동","23107","11401","11706","2617","3321","3480","3188","3709","6792","1375","1594","1877","1690","1845","3020","1242","1727","1603","1498","1864","3772","11644","0","11644"
"20221","11500641","방화3동","23471","11391","12080","2893","2599","3732","3470","3614","7163","1488","1349","1923","1768","1741","3122","1405","1250","1809","1702","1873","4041","11330","0","11330"
"20221","11530510","신도림동","36197","17684","18513","7148","4343","6241","6543","5098","6824","3622","2102","2985","3216","2514","3245","3526","2241","3256","3327","2584","3579","13483","0","13483"
"20221","11530520","구로1동","21220","10412","10808","3848","2824","3884","3634","3012","4018","2016","1343","1949","1829","1433","1842","1832","1481","1935","1805","1579","2176","8364","0","8364"
"20221","11530530","구로2동","24606","12419","12187","2338","3251","2934","3507","4720","7856","1232","1697","1620","1857","2466","3547","1106","1554","1314","1650","2254","4309","12794","0","12794"
"20221","11530540","구로3동","23853","12153","11700","2782","4134","5016","4016","3059","4846","1440","2015","2716","2213","1608","2161","1342","2119","2300","1803","1451","2685","13227","0","13227"
"20221","11530550","구로4동","20378","9883","10495","1962","2826","2934","2972","3533","6151","994","1340","1521","1510","1779","2739","968","1486","1413","1462","1754","3412","10711","0","10711"
"20221","11530560","구로5동","29372","14272","15100","3455","5067","5452","4126","4556","6716","1764","2225","2725","2110","2303","3145","1691","2842","2727","2016","2253","3571","14707","0","14707"
"20221","11530595","가리봉동","9271","5026","4245","523","1489","1256","1183","1866","2954","287","781","728","670","1107","1453","236","708","528","513","759","1501","6040","0","6040"
"20221","11530720","고척1동","23146","11542","11604","3293","3293","2908","3512","3936","6204","1708","1726","1514","1778","1922","2894","1585","1567","1394","1734","2014","3310","9619","0","9619"
"20221","11530730","고척2동","27366","13549","13817","4073","3615","3326","4289","4791","7272","2075","1861","1677","2166","2368","3402","1998","1754","1649","2123","2423","3870","11610","0","11610"
"20221","11530740","개봉1동","34336","17169","17167","4655","4632","5074","4975","5860","9140","2348","2370","2651","2570","2913","4317","2307","2262","2423","2405","2947","4823","14937","0","14937"
"20221","11530750","개봉2동","31775","15502","16273","4516","3870","4570","4857","4978","8984","2301","1947","2289","2488","2344","4133","2215","1923","2281","2369","2634","4851","12605","0","12605"
"20221","11530760","개봉3동","20845","10201","10644","2668","2612","2786","3224","3495","6060","1373","1339","1442","1654","1643","2750","1295","1273","1344","1570","1852","3310","8842","0","8842"
"20221","11530770","오류1동","22669","11102","11567","2472","3979","4361","3183","3057","5617","1247","1777","2260","1660","1539","2619","1225","2202","2101","1523","1518","2998","11785","0","11785"
"20221","11530780","오류2동","39127","18870","20257","7244","4661","5182","6707","5695","9638","3694","2271","2548","3375","2716","4266","3550","2390","2634","3332","2979","5372","15629","0","15629"
"20221","11530790","수궁동","23972","11848","12124","3493","3088","3317","3833","3932","6309","1869","1608","1699","1902","1866","2904","1624","1480","1618","1931","2066","3405","9967","0","9967"
"20221","11530800","항동","16279","8030","8249","3918","1720","3914","2663","1745","2319","2034","808","1894","1419","801","1074","1884","912","2020","1244","944","1245","6135","0","6135"
"20221","11545510","가산동","23050","12608","10442","1401","6523","5434","2749","2970","3973","677","3035","3382","1711","1740","2063","724","3488","2052","1038","1230","1910","15924","0","15924"
"20221","11545610","독산1동","42270","21748","20522","5535","7328","8449","6238","6244","8476","2809","3664","4707","3402","3148","4018","2726","3664","3742","2836","3096","4458","21131","0","21131"
"20221","11545620","독산2동","19016","9631","9385","2117","2842","2493","2608","3813","5143","1101","1488","1352","1324","1918","2448","1016","1354","1141","1284","1895","2695","9436","0","9436"
"20221","11545630","독산3동","24503","12308","12195","2380","3852","3545","3276","4761","6689","1212","1917","1979","1708","2361","3131","1168","1935","1566","1568","2400","3558","12553","0","12553"
"20221","11545640","독산4동","15537","7838","7699","1633","2287","1980","2113","3248","4276","826","1163","1097","1053","1661","2038","807","1124","883","1060","1587","2238","7657","0","7657"
"20221","11545670","시흥1동","33778","16865","16913","4166","5050","4789","5006","5947","8820","2187","2577","2554","2554","2915","4078","1979","2473","2235","2452","3032","4742","16124","0","16124"
"20221","11545680","시흥2동","21962","10590","11372","3715","2495","2481","3497","3808","5966","1841","1292","1215","1719","1794","2729","1874","1203","1266","1778","2014","3237","8474","0","8474"
"20221","11545690","시흥3동","11130","5525","5605","1259","1445","1431","1564","2015","3416","624","772","763","811","974","1581","635","673","668","753","1041","1835","4771","0","4771"
"20221","11545700","시흥4동","20791","10307","10484","2627","2732","2585","2974","3923","5950","1333","1430","1373","1495","1880","2796","1294","1302","1212","1479","2043","3154","9154","0","9154"
"20221","11545710","시흥5동","19686","9806","9880","2392","2548","2284","2890","3563","6009","1205","1368","1229","1502","1823","2679","1187","1180","1055","1388","1740","3330","9414","0","9414"
"20221","11560515","영등포본동","21466","11010","10456","2702","2850","3306","3147","3652","5809","1396","1535","1733","1658","1906","2782","1306","1315","1573","1489","1746","3027","10338","0","10338"
"20221","11560535","영등포동","28026","15044","12982","2095","6712","6875","3512","3593","5239","1066","2922","3839","2082","2232","2903","1029","3790","3036","1430","1361","2336","18953","0","18953"
"20221","11560540","여의동","34156","16052","18104","5856","3872","5277","5485","5170","8496","2924","1791","2411","2587","2511","3828","2932","2081","2866","2898","2659","4668","13784","0","13784"
"20221","11560550","당산1동","20750","10190","10560","2137","3542","4245","2927","3064","4835","1067","1602","2227","1521","1543","2230","1070","1940","2018","1406","1521","2605","10797","0","10797"
"20221","11560560","당산2동","37551","17619","19932","5102","7320","8220","5249","4820","6840","2561","3028","3962","2584","2310","3174","2541","4292","4258","2665","2510","3666","18478","0","18478"
"20221","11560585","도림동","18248","9159","9089","1948","2777","3231","2742","3001","4549","1022","1303","1708","1461","1577","2088","926","1474","1523","1281","1424","2461","9436","0","9436"
"20221","11560605","문래동","33159","16250","16909","6315","3845","6194","5984","4184","6637","3259","1830","2974","3018","2104","3065","3056","2015","3220","2966","2080","3572","13355","0","13355"
"20221","11560610","양평1동","17384","8564","8820","2234","2734","4319","2766","2051","3280","1176","1174","2251","1463","1053","1447","1058","1560","2068","1303","998","1833","9134","0","9134"
"20221","11560620","양평2동","22389","11124","11265","3257","3686","5186","3358","3054","3848","1686","1688","2679","1689","1591","1791","1571","1998","2507","1669","1463","2057","10325","0","10325"
"20221","11560630","신길1동","17447","8874","8573","1483","3387","2981","2441","2551","4604","752","1672","1710","1339","1335","2066","731","1715","1271","1102","1216","2538","10413","0","10413"
"20221","11560650","신길3동","16891","8320","8571","2331","2166","2546","2490","2900","4458","1212","1070","1311","1284","1442","2001","1119","1096","1235","1206","1458","2457","7653","0","7653"
"20221","11560660","신길4동","10489","5201","5288","1221","1420","1452","1496","1851","3049","620","752","774","758","927","1370","601","668","678","738","924","1679","5042","0","5042"
"20221","11560670","신길5동","11179","5420","5759","1586","1391","1637","1647","1942","2976","791","695","866","830","941","1297","795","696","771","817","1001","1679","4997","0","4997"
"20221","11560680","신길6동","19624","9600","10024","2527","3210","3293","2849","2953","4792","1374","1515","1653","1464","1427","2167","1153","1695","1640","1385","1526","2625","9247","0","9247"
"20221","11560690","신길7동","20286","10120","10166","3830","2814","3497","3315","3101","3729","2047","1424","1728","1667","1541","1713","1783","1390","1769","1648","1560","2016","7911","0","7911"
"20221","11560700","대림1동","14842","7366","7476","1761","2165","1995","2123","2533","4265","963","1073","1044","1134","1239","1913","798","1092","951","989","1294","2352","7219","0","7219"
"20221","11560710","대림2동","12409","6100","6309","1050","1896","1704","1695","2198","3866","528","973","925","883","1071","1720","522","923","779","812","1127","2146","6977","0","6977"
"20221","11560720","대림3동","22896","11479","11417","2642","3167","3292","3186","4257","6352","1368","1652","1778","1590","2128","2963","1274","1515","1514","1596","2129","3389","10429","0","10429"
"20221","11590510","노량진1동","32054","15972","16082","3941","5592","5423","4353","4703","8042","2017","2937","2923","2265","2275","3555","1924","2655","2500","2088","2428","4487","15709","0","15709"
"20221","11590520","노량진2동","12664","6491","6173","913","2337","1917","1552","2144","3801","477","1211","1127","853","1091","1732","436","1126","790","699","1053","2069","7466","0","7466"
"20221","11590530","상도1동","45153","21834","23319","6123","9857","6311","6578","6345","9939","3111","4984","3119","3261","2960","4399","3012","4873","3192","3317","3385","5540","21584","0","21584"
"20221","11590540","상도2동","27835","13383","14452","4175","4297","4679","4310","4116","6258","2137","2046","2276","2160","1975","2789","2038","2251","2403","2150","2141","3469","12575","0","12575"
"20221","11590550","상도3동","25071","11976","13095","2902","4223","4208","3690","3881","6167","1480","1952","2186","1817","1849","2692","1422","2271","2022","1873","2032","3475","12051","0","12051"
"20221","11590560","상도4동","28885","14018","14867","3599","4580","4840","4380","4403","7083","1897","2185","2522","2215","2092","3107","1702","2395","2318","2165","2311","3976","13804","0","13804"
"20221","11590605","흑석동","32306","15694","16612","4521","5138","4548","4891","5216","7992","2321","2681","2248","2501","2478","3465","2200","2457","2300","2390","2738","4527","14266","0","14266"
"20221","11590620","사당1동","23072","10944","12128","1730","5253","4655","2944","3088","5402","899","2260","2433","1510","1404","2438","831","2993","2222","1434","1684","2964","13289","0","13289"
"20221","11590630","사당2동","27227","13111","14116","3452","3684","4489","4047","4186","7369","1852","1759","2225","1987","1994","3294","1600","1925","2264","2060","2192","4075","11947","0","11947"
"20221","11590640","사당3동","25027","12119","12908","3769","3398","4133","3830","3640","6257","1968","1584","1974","1963","1721","2909","1801","1814","2159","1867","1919","3348","10564","0","10564"
"20221","11590650","사당4동","14426","6900","7526","1501","2526","2494","2072","2102","3731","789","1168","1267","1076","967","1633","712","1358","1227","996","1135","2098","7154","0","7154"
"20221","11590651","사당5동","14690","7131","7559","2065","2219","2597","2336","2184","3289","1067","1084","1321","1162","1031","1466","998","1135","1276","1174","1153","1823","6600","0","6600"
"20221","11590660","대방동","38781","18450","20331","6483","6483","5434","6622","5833","7926","3192","3069","2662","3199","2929","3399","3291","3414","2772","3423","2904","4527","17282","0","17282"
"20221","11590670","신대방1동","23662","11391","12271","4053","3406","3095","4027","3728","5353","2017","1635","1525","1917","1864","2433","2036","1771","1570","2110","1864","2920","10234","0","10234"
"20221","11590680","신대방2동","20916","9943","10973","3271","3590","3408","3367","2789","4491","1652","1582","1665","1667","1341","2036","1619","2008","1743","1700","1448","2455","9769","0","9769"
"20221","11620525","보라매동","23236","11427","11809","2448","4518","3839","3217","3219","5995","1286","2178","2100","1657","1518","2688","1162","2340","1739","1560","1701","3307","12009","0","12009"
"20221","11620545","청림동","15551","7619","7932","2441","1851","2604","2481","2323","3851","1269","981","1307","1259","1142","1661","1172","870","1297","1222","1181","2190","6553","0","6553"
"20221","11620565","성현동","33366","16092","17274","5398","4672","4512","5523","5221","8040","2827","2292","2250","2746","2528","3449","2571","2380","2262","2777","2693","4591","14122","0","14122"
"20221","11620575","행운동","28912","14070","14842","2547","7342","5965","3654","3417","5987","1292","3311","3182","1915","1676","2694","1255","4031","2783","1739","1741","3293","17137","0","17137"
"20221","11620585","낙성대동","15664","7865","7799","1312","5066","3223","1829","1583","2651","640","2416","1813","963","827","1206","672","2650","1410","866","756","1445","10254","0","10254"
"20221","11620595","청룡동","34681","16671","18010","2915","11004","6667","4022","3847","6226","1431","4833","3542","2086","1942","2837","1484","6171","3125","1936","1905","3389","22229","0","22229"
"20221","11620605","은천동","33720","16494","17226","4752","5449","5331","5238","4853","8097","2471","2592","2762","2702","2376","3591","2281","2857","2569","2536","2477","4506","15937","0","15937"
"20221","11620615","중앙동","15166","7234","7932","1001","4394","2978","1720","1798","3275","507","1802","1624","936","899","1466","494","2592","1354","784","899","1809","9605","0","9605"
"20221","11620625","인헌동","25460","12424","13036","2650","5694","4837","3503","3379","5397","1372","2688","2523","1778","1650","2413","1278","3006","2314","1725","1729","2984","13908","0","13908"
"20221","11620630","남현동","18396","8882","9514","1833","3952","3720","2307","2559","4025","922","1783","1974","1198","1165","1840","911","2169","1746","1109","1394","2185","9538","0","9538"
"20221","11620645","서원동","22343","11505","10838","1495","6371","4452","2707","2732","4586","770","3244","2599","1489","1305","2098","725","3127","1853","1218","1427","2488","13823","0","13823"
"20221","11620655","신원동","18098","9066","9032","1459","4347","3218","2251","2420","4403","712","2194","1849","1221","1197","1893","747","2153","1369","1030","1223","2510","10797","0","10797"
"20221","11620665","서림동","25506","13917","11589","2099","6035","5061","3556","3385","5370","1080","3335","3097","2132","1784","2489","1019","2700","1964","1424","1601","2881","15523","0","15523"
"20221","11620685","신사동","22688","11352","11336","1931","5761","3910","2995","3223","4868","1039","2713","2213","1551","1600","2236","892","3048","1697","1444","1623","2632","13680","0","13680"
"20221","11620695","신림동","21839","11395","10444","839","8411","5604","2485","1751","2749","416","4061","3225","1428","983","1282","423","4350","2379","1057","768","1467","17289","0","17289"
"20221","11620715","난향동","15780","7777","8003","2670","1723","1904","2973","2567","3943","1355","886","944","1501","1293","1798","1315","837","960","1472","1274","2145","6422","0","6422"
"20221","11620725","조원동","17480","8832","8648","1515","4082","3265","2234","2393","3991","759","1858","1834","1189","1265","1927","756","2224","1431","1045","1128","2064","10649","0","10649"
"20221","11620735","대학동","24481","14713","9768","1847","6547","4989","3662","3212","4224","955","3889","3323","2473","2007","2066","892","2658","1666","1189","1205","2158","16777","0","16777"
"20221","11620745","삼성동","23760","11871","11889","2455","2905","2688","3408","4238","8066","1308","1551","1525","1819","2119","3549","1147","1354","1163","1589","2119","4517","11204","0","11204"
"20221","11620765","미성동","30979","15172","15807","4055","4797","4264","4700","4963","8200","2026","2369","2225","2407","2380","3765","2029","2428","2039","2293","2583","4435","14102","0","14102"
"20221","11620775","난곡동","27330","13700","13630","3204","4102","3697","3921","4891","7515","1666","2135","2017","2058","2377","3447","1538","1967","1680","1863","2514","4068","12972","0","12972"
"20221","11650510","서초1동","21009","10095","10914","3483","2834","3598","3801","2998","4295","1805","1355","1646","1827","1453","2009","1678","1479","1952","1974","1545","2286","9350","0","9350"
"20221","11650520","서초2동","21404","10200","11204","3682","3055","4227","3838","2854","3748","1894","1368","1938","1830","1427","1743","1788","1687","2289","2008","1427","2005","9671","0","9671"
"20221","11650530","서초3동","31930","15560","16370","4574","5251","5390","5052","4888","6775","2553","2465","2562","2392","2409","3179","2021","2786","2828","2660","2479","3596","14565","0","14565"
"20221","11650531","서초4동","31457","15285","16172","7211","3587","3731","6395","4772","5761","3761","1736","1601","2974","2491","2722","3450","1851","2130","3421","2281","3039","11005","0","11005"
"20221","11650540","잠원동","28349","13589","14760","5634","3683","3857","5551","4624","5000","2905","1773","1764","2544","2319","2284","2729","1910","2093","3007","2305","2716","11449","0","11449"
"20221","11650550","반포본동","11947","5637","6310","2490","1494","892","2258","2175","2638","1277","719","401","924","1105","1211","1213","775","491","1334","1070","1427","4107","0","4107"
"20221","11650560","반포1동","32298","15597","16701","6603","4226","5496","6623","4116","5234","3348","1923","2493","3327","2130","2376","3255","2303","3003","3296","1986","2858","14274","0","14274"
"20221","11650570","반포2동","16079","7668","8411","4625","1360","1541","3721","2142","2690","2335","665","610","1697","1152","1209","2290","695","931","2024","990","1481","5109","0","5109"
"20221","11650580","반포3동","22333","10576","11757","4968","2497","2613","4569","3491","4195","2554","1232","1151","2045","1768","1826","2414","1265","1462","2524","1723","2369","7739","0","7739"
"20221","11650581","반포4동","19377","9164","10213","3854","2328","2649","3579","2865","4102","2017","1114","1171","1625","1372","1865","1837","1214","1478","1954","1493","2237","7275","0","7275"
"20221","11650590","방배본동","21099","9797","11302","4277","2681","2432","3961","3423","4325","2062","1252","1077","1755","1706","1945","2215","1429","1355","2206","1717","2380","7997","0","7997"
"20221","11650600","방배1동","17245","8086","9159","2512","2499","2969","2797","2455","4013","1311","1188","1346","1291","1144","1806","1201","1311","1623","1506","1311","2207","7644","0","7644"
"20221","11650610","방배2동","20247","9493","10754","2819","2861","3177","3080","3164","5146","1434","1420","1474","1436","1433","2296","1385","1441","1703","1644","1731","2850","8671","0","8671"
"20221","11650620","방배3동","21283","10278","11005","3322","2781","2942","3220","3528","5490","1710","1453","1406","1479","1644","2586","1612","1328","1536","1741","1884","2904","8284","0","8284"
"20221","11650621","방배4동","23722","10840","12882","4290","3204","3625","4292","3525","4786","2036","1410","1603","1921","1708","2162","2254","1794","2022","2371","1817","2624","9812","0","9812"
"20221","11650651","양재1동","44542","21287","23255","8390","5396","6773","7771","6302","9910","4300","2637","3243","3789","3000","4318","4090","2759","3530","3982","3302","5592","18222","0","18222"
"20221","11650652","양재2동","22452","11264","11188","3064","3369","4543","3733","3340","4403","1606","1705","2366","1912","1643","2032","1458","1664","2177","1821","1697","2371","10829","0","10829"
"20221","11650660","내곡동","17915","8715","9200","3318","1925","2725","3049","2476","4422","1677","1006","1269","1547","1161","2055","1641","919","1456","1502","1315","2367","7209","0","7209"
"20221","11680510","신사동","16672","7731","8941","2650","2279","2384","2954","2499","3906","1354","1044","1054","1294","1235","1750","1296","1235","1330","1660","1264","2156","7323","0","7323"
"20221","11680521","논현1동","22994","10809","12185","1589","4626","5821","3871","2821","4266","767","2092","2774","1866","1410","1900","822","2534","3047","2005","1411","2366","14400","0","14400"
"20221","11680531","논현2동","21740","10121","11619","2445","3552","4562","3824","2978","4379","1264","1589","2048","1838","1458","1924","1181","1963","2514","1986","1520","2455","11676","0","11676"
"20221","11680545","압구정동","27248","12572","14676","4957","3193","3377","4883","4104","6734","2375","1503","1445","2226","2016","3007","2582","1690","1932","2657","2088","3727","10622","0","10622"
"20221","11680565","청담동","27014","12627","14387","4437","3801","4440","4805","3989","5542","2374","1718","1922","2212","1865","2536","2063","2083","2518","2593","2124","3006","11801","0","11801"
"20221","11680580","삼성1동","13407","6623","6784","2141","1913","1955","2183","2170","3045","1205","1031","910","1005","1046","1426","936","882","1045","1178","1124","1619","5675","0","5675"
"20221","11680590","삼성2동","30115","14342","15773","5917","3889","4981","6443","4143","4742","3215","1842","2094","2957","2115","2119","2702","2047","2887","3486","2028","2623","13439","0","13439"
"20221","11680600","대치1동","24900","12528","12372","7507","2475","1568","6133","3814","3403","4189","1266","610","2705","2126","1632","3318","1209","958","3428","1688","1771","7380","0","7380"
"20221","11680610","대치2동","37565","19103","18462","8358","4959","3268","7283","6730","6967","4874","2688","1512","3105","3518","3406","3484","2271","1756","4178","3212","3561","12986","0","12986"
"20221","11680630","대치4동","20478","9657","10821","3322","3441","3367","4104","3213","3031","1758","1649","1508","1761","1619","1362","1564","1792","1859","2343","1594","1669","10328","0","10328"
"20221","11680640","역삼1동","35804","17333","18471","2485","7528","10082","6058","4240","5411","1252","3206","5008","3103","2235","2529","1233","4322","5074","2955","2005","2882","23983","0","23983"
"20221","11680650","역삼2동","36944","17309","19635","8499","4687","5243","8651","4847","5017","4158","2022","2250","3998","2632","2249","4341","2665","2993","4653","2215","2768","15675","0","15675"
"20221","11680655","도곡1동","22087","10464","11623","4120","2986","3231","3872","3516","4362","1947","1400","1450","1848","1708","2111","2173","1586","1781","2024","1808","2251","8661","0","8661"
"20221","11680656","도곡2동","33941","15779","18162","7711","4013","3590","6550","5477","6600","3594","1857","1463","2932","2746","3187","4117","2156","2127","3618","2731","3413","11792","0","11792"
"20221","11680660","개포1동","6408","3121","3287","969","734","663","915","1044","2083","493","377","307","436","523","985","476","357","356","479","521","1098","2465","0","2465"
"20221","11680670","개포2동","22211","10732","11479","4194","2920","2791","3692","3834","4780","2084","1508","1314","1689","1847","2290","2110","1412","1477","2003","1987","2490","8033","0","8033"
"20221","11680690","개포4동","22529","10991","11538","3691","3161","3468","3759","3781","4669","1898","1599","1709","1775","1869","2141","1793","1562","1759","1984","1912","2528","9499","0","9499"
"20221","11680700","세곡동","44314","21044","23270","9067","5380","6879","7809","6014","9165","4496","2594","3149","3846","2925","4034","4571","2786","3730","3963","3089","5131","17965","0","17965"
"20221","11680720","일원본동","23927","11793","12134","5606","2620","2981","4542","3720","4458","3159","1363","1362","2093","1808","2008","2447","1257","1619","2449","1912","2450","8146","0","8146"
"20221","11680730","일원1동","15672","7693","7979","1950","2208","2268","2145","2515","4586","1060","1150","1195","1092","1205","1991","890","1058","1073","1053","1310","2595","7465","0","7465"
"20221","11680740","일원2동","17642","8556","9086","3007","1940","2579","3044","2602","4470","1748","1044","1243","1464","1255","1802","1259","896","1336","1580","1347","2668","7357","0","7357"
"20221","11680750","수서동","15241","6919","8322","1214","1614","2318","1654","2259","6182","611","827","1166","871","1011","2433","603","787","1152","783","1248","3749","7876","0","7876"
"20221","11710510","풍납1동","13896","6829","7067","1591","1720","1943","1993","2447","4202","854","906","1010","988","1184","1887","737","814","933","1005","1263","2315","6377","0","6377"
"20221","11710520","풍납2동","25501","12123","13378","4043","3836","4296","4061","3703","5562","2066","1685","2035","1964","1800","2573","1977","2151","2261","2097","1903","2989","11071","0","11071"
"20221","11710531","거여1동","12616","6407","6209","1624","1796","1715","1883","2273","3325","864","952","908","946","1149","1588","760","844","807","937","1124","1737","5510","0","5510"
"20221","11710532","거여2동","19174","9408","9766","2911","2233","2678","3028","3315","5009","1544","1149","1362","1477","1614","2262","1367","1084","1316","1551","1701","2747","8170","0","8170"
"20221","11710540","마천1동","19745","10078","9667","2616","2382","2237","2864","3618","6028","1349","1239","1240","1474","1930","2846","1267","1143","997","1390","1688","3182","8972","0","8972"
"20221","11710550","마천2동","19564","9919","9645","2299","2476","2292","2772","3724","6001","1169","1327","1268","1459","1893","2803","1130","1149","1024","1313","1831","3198","8886","0","8886"
"20221","11710561","방이1동","16193","7804","8389","2786","2490","2282","2697","2698","3240","1415","1272","1089","1237","1272","1519","1371","1218","1193","1460","1426","1721","6317","0","6317"
"20221","11710562","방이2동","26148","12310","13838","2469","5177","5982","3661","3645","5214","1325","2194","2922","1790","1703","2376","1144","2983","3060","1871","1942","2838","14550","0","14550"
"20221","11710566","오륜동","18483","9090","9393","4132","2182","1719","3403","3135","3912","2270","1153","720","1504","1557","1886","1862","1029","999","1899","1578","2026","5956","0","5956"
"20221","11710570","오금동","39515","19163","20352","6095","5603","5699","5845","6883","9390","3194","2896","2797","2740","3225","4311","2901","2707","2902","3105","3658","5079","15693","0","15693"
"20221","11710580","송파1동","24810","11632","13178","2634","4604","5425","3506","3518","5123","1313","2067","2648","1636","1622","2346","1321","2537","2777","1870","1896","2777","12434","0","12434"
"20221","11710590","송파2동","20645","9906","10739","3578","2924","3076","3185","3366","4516","1804","1372","1460","1526","1606","2138","1774","1552","1616","1659","1760","2378","7647","0","7647"
"20221","11710600","석촌동","32530","15505","17025","3554","5621","7052","4925","4728","6650","1809","2555","3402","2431","2280","3028","1745","3066","3650","2494","2448","3622","17072","0","17072"
"20221","11710610","삼전동","31448","14829","16619","3634","5375","6677","5192","4518","6052","1877","2401","3288","2482","2104","2677","1757","2974","3389","2710","2414","3375","16326","0","16326"
"20221","11710620","가락본동","27076","13418","13658","3532","4197","4793","3897","4753","5904","1836","2052","2439","1916","2319","2856","1696","2145","2354","1981","2434","3048","12010","0","12010"
"20221","11710631","가락1동","27823","13521","14302","5459","3556","5350","4458","4032","4968","2829","1755","2531","2168","1896","2342","2630","1801","2819","2290","2136","2626","9908","0","9908"
"20221","11710632","가락2동","33013","16237","16776","6137","4580","4836","5658","5272","6530","3225","2307","2343","2727","2549","3086","2912","2273","2493","2931","2723","3444","12379","0","12379"
"20221","11710641","문정1동","20369","10050","10319","2824","3252","3529","2842","3347","4575","1468","1612","1813","1383","1571","2203","1356","1640","1716","1459","1776","2372","8431","0","8431"
"20221","11710642","문정2동","29877","13858","16019","3239","5334","7644","4400","3626","5634","1659","2074","3549","2134","1773","2669","1580","3260","4095","2266","1853","2965","15761","0","15761"
"20221","11710646","장지동","30000","14522","15478","5192","4094","4784","4776","4875","6279","2658","2056","2409","2337","2279","2783","2534","2038","2375","2439","2596","3496","12080","0","12080"
"20221","11710647","위례동","30548","14863","15685","8837","2965","5317","6212","3558","3659","4431","1484","2420","3148","1765","1615","4406","1481","2897","3064","1793","2044","9900","0","9900"
"20221","11710650","잠실본동","28558","13478","15080","3080","5101","6179","4452","4131","5615","1544","2252","3021","2143","1953","2565","1536","2849","3158","2309","2178","3050","15419","0","15419"
"20221","11710670","잠실2동","36151","17260","18891","10069","3308","4094","8723","4853","5104","5081","1556","1644","4059","2641","2279","4988","1752","2450","4664","2212","2825","11899","0","11899"
"20221","11710680","잠실3동","35314","16819","18495","7348","3923","4489","6295","5306","7953","3776","1876","1922","2920","2599","3726","3572","2047","2567","3375","2707","4227","12130","0","12130"
"20221","11710690","잠실4동","21711","10433","11278","5208","2036","3121","4381","2899","4066","2682","1004","1302","2126","1436","1883","2526","1032","1819","2255","1463","2183","7418","0","7418"
"20221","11710710","잠실6동","17212","8128","9084","3242","2014","2372","2779","2661","4144","1632","956","1051","1293","1232","1964","1610","1058","1321","1486","1429","2180","5983","0","5983"
"20221","11710720","잠실7동","9882","4607","5275","1631","1286","1024","1402","1672","2867","733","615","466","621","813","1359","898","671","558","781","859","1508","3465","0","3465"
"20221","11740515","강일동","35390","17082","18308","7624","4276","4332","5989","5365","7804","3929","2126","2040","2881","2636","3470","3695","2150","2292","3108","2729","4334","12960","0","12960"
"20221","11740520","상일동","33197","16367","16830","7513","3597","5313","5919","4811","6044","3853","1862","2450","2986","2287","2929","3660","1735","2863","2933","2524","3115","11601","0","11601"
"20221","11740530","명일1동","26280","12827","13453","4659","3266","4153","4261","4065","5876","2431","1635","2082","2044","1941","2694","2228","1631","2071","2217","2124","3182","10105","0","10105"
"20221","11740540","명일2동","17494","8654","8840","3702","2192","1882","3116","2750","3852","1985","1129","937","1397","1358","1848","1717","1063","945","1719","1392","2004","6115","0","6115"
"20221","11740550","고덕1동","25955","13187","12768","6578","2474","3548","5474","3467","4414","3612","1324","1661","2745","1769","2076","2966","1150","1887","2729","1698","2338","8800","0","8800"
"20221","11740560","고덕2동","22444","11355","11089","4516","2448","3993","3796","3301","4390","2357","1289","1957","1975","1660","2117","2159","1159","2036","1821","1641","2273","8705","0","8705"
"20221","11740570","암사1동","35440","17548","17892","4836","4853","5290","5602","6013","8846","2458","2531","2738","2867","2944","4010","2378","2322","2552","2735","3069","4836","16172","0","16172"
"20221","11740580","암사2동","15439","7481","7958","2450","2002","2920","2411","2241","3415","1230","967","1444","1210","1072","1558","1220","1035","1476","1201","1169","1857","6352","0","6352"
"20221","11740590","암사3동","18359","8985","9374","3974","1970","2617","3282","2693","3823","2051","976","1202","1630","1298","1828","1923","994","1415","1652","1395","1995","6369","0","6369"
"20221","11740600","천호1동","27485","13505","13980","3234","3850","4108","4108","4623","7562","1642","1932","2155","2155","2190","3431","1592","1918","1953","1953","2433","4131","12913","0","12913"
"20221","11740610","천호2동","34494","17015","17479","3607","4975","6295","5026","5716","8875","1868","2349","3246","2600","2851","4101","1739","2626","3049","2426","2865","4774","17730","0","17730"
"20221","11740620","천호3동","26573","12981","13592","2625","4225","4803","3788","4258","6874","1357","1864","2403","1968","2204","3185","1268","2361","2400","1820","2054","3689","13901","0","13901"
"20221","11740640","성내1동","20230","9815","10415","3333","2716","3393","3322","3043","4423","1742","1345","1649","1613","1440","2026","1591","1371","1744","1709","1603","2397","8258","0","8258"
"20221","11740650","성내2동","24318","11935","12383","2332","3995","4327","3504","3832","6328","1187","1811","2265","1813","1900","2959","1145","2184","2062","1691","1932","3369","12909","0","12909"
"20221","11740660","성내3동","23440","11544","11896","3073","3628","3584","3615","3975","5565","1725","1882","1823","1766","1892","2456","1348","1746","1761","1849","2083","3109","10606","0","10606"
"20221","11740685","길동","46576","22715","23861","5584","7189","7606","6859","7605","11733","2907","3400","3893","3508","3615","5392","2677","3789","3713","3351","3990","6341","21589","0","21589"
"20221","11740690","둔촌1동","24","17","7","4","3","4","0","3","10","4","3","2","0","1","7","0","0","2","0","2","3","14","0","14"
"20221","11740700","둔촌2동","26347","12961","13386","4011","3746","3861","3901","4390","6438","2095","1883","1967","1950","2073","2993","1916","1863","1894","1951","2317","3445","11040","0","11040"
"20222","11110515","청운효자동","12434","5780","6654","1993","1594","1697","2148","1979","3023","1046","793","780","967","919","1275","947","801","917","1181","1060","1748","5352","0","5352"
"20222","11110530","사직동","9524","4267","5257","1267","1238","1443","1476","1562","2538","601","568","619","659","700","1120","666","670","824","817","862","1418","4758","0","4758"
"20222","11110540","삼청동","2635","1271","1364","295","320","360","369","413","878","157","171","177","178","205","383","138","149","183","191","208","495","1340","0","1340"
"20222","11110550","부암동","10015","4765","5250","1479","1340","1236","1628","1723","2609","778","689","588","755","782","1173","701","651","648","873","941","1436","4389","0","4389"
"20222","11110560","평창동","18390","8553","9837","2815","2450","2233","2767","3266","4859","1428","1248","1032","1222","1474","2149","1387","1202","1201","1545","1792","2710","7519","0","7519"
"20222","11110570","무악동","8541","3977","4564","1707","935","941","1505","1419","2034","779","431","427","709","744","887","928","504","514","796","675","1147","3189","0","3189"
"20222","11110580","교남동","10466","4838","5628","1725","1272","1709","1852","1615","2293","844","603","790","873","776","952","881","669","919","979","839","1341","4594","0","4594"
"20222","11110600","가회동","4325","2003","2322","544","493","573","767","685","1263","289","232","266","363","315","538","255","261","307","404","370","725","2075","0","2075"
"20222","11110615","종로1?2?3?4가동","7242","4344","2898","394","878","939","959","1338","2734","208","460","528","598","942","1608","186","418","411","361","396","1126","5274","0","5274"
"20222","11110630","종로5?6가동","5219","2821","2398","348","1066","704","586","977","1538","171","543","407","350","554","796","177","523","297","236","423","742","3392","0","3392"
"20222","11110640","이화동","7603","3575","4028","664","1686","1243","974","1107","1929","323","780","606","489","545","832","341","906","637","485","562","1097","4433","0","4433"
"20222","11110650","혜화동","16799","8091","8708","2001","4486","2077","2295","2302","3638","989","2213","1103","1098","1110","1578","1012","2273","974","1197","1192","2060","9367","0","9367"
"20222","11110670","창신1동","5129","2771","2358","372","612","538","637","1112","1858","195","334","311","327","622","982","177","278","227","310","490","876","2960","0","2960"
"20222","11110680","창신2동","8326","4290","4036","754","1169","895","1105","1832","2571","403","631","520","572","978","1186","351","538","375","533","854","1385","4184","0","4184"
"20222","11110690","창신3동","6921","3393","3528","907","966","962","956","1290","1840","460","522","466","462","630","853","447","444","496","494","660","987","2911","0","2911"
"20222","11110700","숭인1동","6080","2963","3117","648","807","829","943","1147","1706","312","420","428","494","565","744","336","387","401","449","582","962","3038","0","3038"
"20222","11110710","숭인2동","9700","4913","4787","621","2093","1564","1262","1677","2483","312","864","859","712","913","1253","309","1229","705","550","764","1230","6160","0","6160"
"20222","11140520","소공동","2073","1027","1046","280","219","421","449","307","397","126","90","206","241","158","206","154","129","215","208","149","191","1130","0","1130"
"20222","11140540","회현동","5124","2713","2411","393","509","537","665","968","2052","191","226","253","365","569","1109","202","283","284","300","399","943","3014","0","3014"
"20222","11140550","명동","2766","1177","1589","205","279","339","418","494","1031","108","130","164","182","206","387","97","149","175","236","288","644","1414","0","1414"
"20222","11140570","필동","4038","2083","1955","361","727","624","493","611","1222","194","369","345","274","347","554","167","358","279","219","264","668","2408","0","2408"
"20222","11140580","장충동","4665","2358","2307","472","1255","665","562","595","1116","239","672","349","300","300","498","233","583","316","262","295","618","2753","0","2753"
"20222","11140590","광희동","5204","2697","2507","330","890","815","636","874","1659","171","381","454","355","497","839","159","509","361","281","377","820","3279","0","3279"
"20222","11140605","을지로동","1959","1159","800","94","266","350","208","326","715","39","113","208","134","229","436","55","153","142","74","97","279","1504","0","1504"
"20222","11140615","신당동","7698","3852","3846","564","1368","1310","1054","1396","2006","270","654","666","572","744","946","294","714","644","482","652","1060","4635","0","4635"
"20222","11140625","다산동","14154","6850","7304","1392","2367","2249","2054","2295","3797","735","1146","1173","1037","1088","1671","657","1221","1076","1017","1207","2126","6915","0","6915"
"20222","11140635","약수동","17127","8063","9064","2082","2019","2422","2464","2844","5296","1035","1013","1142","1226","1352","2295","1047","1006","1280","1238","1492","3001","7802","0","7802"
"20222","11140645","청구동","14045","6664","7381","1656","2015","2203","1950","2371","3850","828","980","1101","953","1145","1657","828","1035","1102","997","1226","2193","6400","0","6400"
"20222","11140650","신당5동","10518","5116","5402","1127","1672","1748","1550","1869","2552","566","773","883","787","982","1125","561","899","865","763","887","1427","5386","0","5386"
"20222","11140665","동화동","10659","5140","5519","1596","1436","1344","1595","1957","2731","837","708","621","779","942","1253","759","728","723","816","1015","1478","4170","0","4170"
"20222","11140670","황학동","12570","5998","6572","1255","2086","2794","1829","1784","2822","639","874","1376","899","909","1301","616","1212","1418","930","875","1521","6918","0","6918"
"20222","11140680","중림동","12288","6125","6163","1794","1453","2254","2037","1944","2806","924","711","1073","1080","1004","1333","870","742","1181","957","940","1473","5647","0","5647"
"20222","11170510","후암동","17736","8616","9120","2243","2606","2834","2810","2871","4372","1206","1315","1477","1347","1399","1872","1037","1291","1357","1463","1472","2500","8724","0","8724"
"20222","11170520","용산2가동","9925","4771","5154","890","1548","1728","1381","1447","2931","458","805","893","707","670","1238","432","743","835","674","777","1693","5384","0","5384"
"20222","11170530","남영동","7618","4636","2982","452","957","1041","1101","1625","2442","238","455","555","710","1144","1534","214","502","486","391","481","908","5384","0","5384"
"20222","11170555","청파동","19837","9323","10514","1842","4244","3115","2758","3135","4743","954","1696","1686","1393","1553","2041","888","2548","1429","1365","1582","2702","11102","0","11102"
"20222","11170560","원효로1동","16085","7749","8336","2188","2447","3698","2630","2210","2912","1121","1036","1809","1356","1093","1334","1067","1411","1889","1274","1117","1578","8035","0","8035"
"20222","11170570","원효로2동","14197","6674","7523","2193","1857","2069","2306","2349","3423","968","872","1048","1127","1161","1498","1225","985","1021","1179","1188","1925","6038","0","6038"
"20222","11170580","효창동","10191","4829","5362","1535","1574","1858","1571","1559","2094","792","733","902","744","749","909","743","841","956","827","810","1185","4373","0","4373"
"20222","11170590","용문동","12297","5862","6435","1600","1849","2023","1852","1974","2999","818","885","989","912","975","1283","782","964","1034","940","999","1716","5438","0","5438"
"20222","11170625","한강로동","19846","9585","10261","2117","3124","4016","2797","3365","4427","1107","1404","1912","1367","1665","2130","1010","1720","2104","1430","1700","2297","10405","0","10405"
"20222","11170630","이촌1동","28160","13165","14995","5655","3004","3670","4920","4593","6318","2902","1468","1637","2205","2205","2748","2753","1536","2033","2715","2388","3570","10344","0","10344"
"20222","11170640","이촌2동","8729","4103","4626","1077","965","1469","1258","1406","2554","552","476","745","620","652","1058","525","489","724","638","754","1496","3847","0","3847"
"20222","11170650","이태원1동","6926","3294","3632","516","1054","1152","884","1130","2190","259","544","635","431","527","898","257","510","517","453","603","1292","3935","0","3935"
"20222","11170660","이태원2동","9269","4266","5003","924","1400","1658","1420","1298","2569","459","686","825","674","583","1039","465","714","833","746","715","1530","5025","0","5025"
"20222","11170685","한남동","21151","10175","10976","2336","2782","4033","3373","3289","5338","1216","1398","1985","1674","1573","2329","1120","1384","2048","1699","1716","3009","11412","0","11412"
"20222","11170690","서빙고동","13196","6333","6863","2260","1801","1525","2470","2221","2919","1147","890","741","1166","1113","1276","1113","911","784","1304","1108","1643","5326","0","5326"
"20222","11170700","보광동","14218","7045","7173","1259","2232","2158","2093","2490","3986","700","1252","1191","1051","1220","1631","559","980","967","1042","1270","2355","7784","0","7784"
"20222","11200520","왕십리2동","17081","8307","8774","2432","2503","2939","2650","2746","3811","1247","1195","1474","1325","1327","1739","1185","1308","1465","1325","1419","2072","7629","0","7629"
"20222","11200535","왕십리도선동","27086","12915","14171","3947","4406","4765","4037","4411","5520","2018","2036","2224","2026","2092","2519","1929","2370","2541","2011","2319","3001","12023","0","12023"
"20222","11200540","마장동","22773","11240","11533","2826","4369","3275","3017","3712","5574","1427","2179","1689","1533","1816","2596","1399","2190","1586","1484","1896","2978","10912","0","10912"
"20222","11200550","사근동","11920","6090","5830","1201","4632","1592","1152","1286","2057","564","2509","889","601","633","894","637","2123","703","551","653","1163","7801","0","7801"
"20222","11200560","행당1동","14071","6791","7280","2003","2218","2282","2168","2273","3127","986","1081","1120","1048","1107","1449","1017","1137","1162","1120","1166","1678","6455","0","6455"
"20222","11200570","행당2동","24054","11286","12768","3931","3028","3708","4081","3923","5383","1875","1425","1760","1971","1919","2336","2056","1603","1948","2110","2004","3047","9483","0","9483"
"20222","11200580","응봉동","15758","7475","8283","2869","1754","2248","2936","2483","3468","1427","868","1094","1400","1209","1477","1442","886","1154","1536","1274","1991","6128","0","6128"
"20222","11200590","금호1가동","15703","7515","8188","2366","1819","2758","2549","2383","3828","1219","909","1282","1304","1146","1655","1147","910","1476","1245","1237","2173","6713","0","6713"
"20222","11200615","금호2?3가동","23406","11157","12249","3246","2931","4172","3755","3692","5610","1657","1483","1996","1844","1765","2412","1589","1448","2176","1911","1927","3198","10318","0","10318"
"20222","11200620","금호4가동","14708","7034","7674","2349","1510","2808","2574","2119","3348","1212","769","1316","1279","1037","1421","1137","741","1492","1295","1082","1927","6460","0","6460"
"20222","11200645","옥수동","26675","12414","14261","4247","3013","5092","4504","3943","5876","2150","1377","2265","2223","1827","2572","2097","1636","2827","2281","2116","3304","11091","0","11091"
"20222","11200650","성수1가1동","16575","8293","8282","2156","2555","2909","2406","3050","3499","1134","1335","1452","1163","1548","1661","1022","1220","1457","1243","1502","1838","7671","0","7671"
"20222","11200660","성수1가2동","13438","6602","6836","1677","2149","2476","2094","2055","2987","848","1052","1204","1019","1068","1411","829","1097","1272","1075","987","1576","6504","0","6504"
"20222","11200670","성수2가1동","16593","8680","7913","1727","2345","2616","2324","3148","4433","895","1253","1423","1226","1713","2170","832","1092","1193","1098","1435","2263","8455","0","8455"
"20222","11200690","성수2가3동","11147","5651","5496","1109","2015","1961","1458","1845","2759","563","936","1041","746","987","1378","546","1079","920","712","858","1381","5700","0","5700"
"20222","11200720","송정동","10729","5665","5064","1133","1712","1647","1557","1963","2717","602","888","897","856","1075","1347","531","824","750","701","888","1370","5572","0","5572"
"20222","11200790","용답동","11806","6233","5573","1041","2074","1656","1752","2196","3087","534","965","898","1008","1298","1530","507","1109","758","744","898","1557","6872","0","6872"
"20222","11215710","화양동","22632","10720","11912","1087","9645","4383","2184","2090","3243","508","4133","2295","1217","1105","1462","579","5512","2088","967","985","1781","17039","0","17039"
"20222","11215730","군자동","19923","9831","10092","1936","4484","3639","2628","2895","4341","1006","2121","1868","1376","1458","2002","930","2363","1771","1252","1437","2339","11155","0","11155"
"20222","11215740","중곡1동","16176","7887","8289","1601","2880","3068","2253","2606","3768","833","1317","1558","1163","1279","1737","768","1563","1510","1090","1327","2031","8508","0","8508"
"20222","11215750","중곡2동","21787","10306","11481","2595","3874","3899","2982","3549","4888","1317","1730","1890","1472","1666","2231","1278","2144","2009","1510","1883","2657","10545","0","10545"
"20222","11215760","중곡3동","16644","8257","8387","1716","2705","2744","2320","2910","4249","898","1343","1436","1184","1434","1962","818","1362","1308","1136","1476","2287","8551","0","8551"
"20222","11215770","중곡4동","29181","14304","14877","3400","4472","4348","4146","5276","7539","1807","2245","2176","2108","2509","3459","1593","2227","2172","2038","2767","4080","13163","0","13163"
"20222","11215780","능동","11615","5328","6287","1133","2404","2672","1643","1413","2350","586","1010","1195","829","652","1056","547","1394","1477","814","761","1294","6510","0","6510"
"20222","11215810","광장동","35430","17108","18322","8824","4147","3834","7693","5468","5464","4537","2056","1650","3547","2785","2533","4287","2091","2184","4146","2683","2931","12065","0","12065"
"20222","11215820","자양1동","22775","10942","11833","2529","4391","3787","3382","3627","5059","1286","2068","1901","1692","1749","2246","1243","2323","1886","1690","1878","2813","11855","0","11855"
"20222","11215830","자양2동","25646","12492","13154","3521","3864","3931","4043","4283","6004","1842","1919","1942","2003","2004","2782","1679","1945","1989","2040","2279","3222","11214","0","11214"
"20222","11215840","자양3동","28690","13776","14914","4975","3957","4335","4594","4673","6156","2475","1946","2052","2154","2253","2896","2500","2011","2283","2440","2420","3260","11170","0","11170"
"20222","11215847","자양4동","17745","8826","8919","1591","2702","2606","2453","3099","5294","778","1318","1404","1283","1625","2418","813","1384","1202","1170","1474","2876","9474","0","9474"
"20222","11215850","구의1동","22038","10524","11514","2045","4832","4230","3213","3188","4530","1031","2215","2122","1605","1546","2005","1014","2617","2108","1608","1642","2525","12108","0","12108"
"20222","11215860","구의2동","26958","12964","13994","4138","3771","3883","4354","4526","6286","2097","1851","1942","2110","2165","2799","2041","1920","1941","2244","2361","3487","11685","0","11685"
"20222","11215870","구의3동","29306","13933","15373","4413","4769","4624","4570","4898","6032","2193","2235","2247","2122","2339","2797","2220","2534","2377","2448","2559","3235","12201","0","12201"
"20222","11230536","용신동","31118","15778","15340","2704","6129","5357","4225","4670","8033","1414","2903","2806","2318","2502","3835","1290","3226","2551","1907","2168","4198","18390","0","18390"
"20222","11230545","제기동","24935","12789","12146","2428","4415","3263","3125","3836","7868","1253","2406","1820","1709","2020","3581","1175","2009","1443","1416","1816","4287","13286","0","13286"
"20222","11230560","전농1동","30150","15129","15021","3806","4675","4382","4328","4909","8050","1928","2377","2263","2273","2519","3769","1878","2298","2119","2055","2390","4281","15185","0","15185"
"20222","11230570","전농2동","19195","9231","9964","2975","2383","2304","3059","3296","5178","1480","1200","1161","1479","1613","2298","1495","1183","1143","1580","1683","2880","7805","0","7805"
"20222","11230600","답십리1동","29090","14088","15002","4716","4011","5271","4716","4287","6089","2398","1865","2506","2451","2089","2779","2318","2146","2765","2265","2198","3310","12898","0","12898"
"20222","11230610","답십리2동","29220","14189","15031","3839","3839","4490","4234","4976","7842","1921","1922","2288","2131","2430","3497","1918","1917","2202","2103","2546","4345","12848","0","12848"
"20222","11230650","장안1동","38693","19230","19463","5173","5285","6342","6384","6071","9438","2659","2517","3272","3325","3000","4457","2514","2768","3070","3059","3071","4981","18258","0","18258"
"20222","11230660","장안2동","33005","16505","16500","5728","3880","5160","5777","4941","7519","3020","2014","2570","2951","2476","3474","2708","1866","2590","2826","2465","4045","14016","0","14016"
"20222","11230705","청량리동","19830","9886","9944","1906","2316","2220","2536","3474","7378","987","1232","1196","1336","1766","3369","919","1084","1024","1200","1708","4009","10036","0","10036"
"20222","11230710","회기동","10447","5009","5438","1150","3163","1480","1327","1232","2095","573","1490","795","651","623","877","577","1673","685","676","609","1218","6296","0","6296"
"20222","11230720","휘경1동","13616","6578","7038","1569","3278","2177","1698","1933","2961","793","1452","1131","876","961","1365","776","1826","1046","822","972","1596","7186","0","7186"
"20222","11230730","휘경2동","24296","12051","12245","3314","5327","3015","3532","3537","5571","1618","2840","1606","1741","1741","2505","1696","2487","1409","1791","1796","3066","11851","0","11851"
"20222","11230740","이문1동","18532","9220","9312","1993","4775","2170","2439","2613","4542","1009","2386","1233","1245","1348","1999","984","2389","937","1194","1265","2543","10572","0","10572"
"20222","11230750","이문2동","20461","9917","10544","3111","2843","2518","3208","3420","5361","1559","1373","1262","1605","1709","2409","1552","1470","1256","1603","1711","2952","8712","0","8712"
"20222","11260520","면목2동","24773","12340","12433","2884","3381","3293","3687","4931","6597","1440","1677","1740","1950","2517","3016","1444","1704","1553","1737","2414","3581","12298","0","12298"
"20222","11260540","면목4동","18750","9350","9400","2207","2472","2623","2927","3238","5283","1158","1283","1376","1564","1612","2357","1049","1189","1247","1363","1626","2926","8959","0","8959"
"20222","11260550","면목5동","15170","7642","7528","2296","1864","2772","2316","2575","3347","1164","953","1399","1253","1307","1566","1132","911","1373","1063","1268","1781","6602","0","6602"
"20222","11260565","면목본동","34313","17041","17272","3553","5321","5289","5041","6298","8811","1792","2699","2779","2642","3102","4027","1761","2622","2510","2399","3196","4784","17765","0","17765"
"20222","11260570","면목7동","22366","11210","11156","2455","3128","3426","3182","3927","6248","1318","1596","1763","1693","1906","2934","1137","1532","1663","1489","2021","3314","10708","0","10708"
"20222","11260575","면목3?8동","25508","12676","12832","2598","3810","3613","3513","4721","7253","1334","1920","1926","1840","2301","3355","1264","1890","1687","1673","2420","3898","12759","0","12759"
"20222","11260580","상봉1동","24775","12114","12661","3851","3574","3649","3602","4416","5683","2032","1762","1843","1764","2121","2592","1819","1812","1806","1838","2295","3091","10297","0","10297"
"20222","11260590","상봉2동","19882","9674","10208","1606","4048","4117","2622","3103","4386","839","1702","2111","1380","1564","2078","767","2346","2006","1242","1539","2308","11702","0","11702"
"20222","11260600","중화1동","20232","9911","10321","2627","2925","3217","2837","3381","5245","1333","1436","1670","1488","1575","2409","1294","1489","1547","1349","1806","2836","9121","0","9121"
"20222","11260610","중화2동","25562","13123","12439","2236","3772","3694","3501","4968","7391","1192","1871","1974","1887","2635","3564","1044","1901","1720","1614","2333","3827","13880","0","13880"
"20222","11260620","묵1동","35402","17135","18267","5518","4995","4950","5894","5553","8492","2814","2401","2449","2911","2669","3891","2704","2594","2501","2983","2884","4601","14972","0","14972"
"20222","11260630","묵2동","19446","9570","9876","2330","2728","3123","2907","3245","5113","1208","1330","1630","1468","1588","2346","1122","1398","1493","1439","1657","2767","9338","0","9338"
"20222","11260655","망우본동","30392","15262","15130","3381","4214","4110","4126","5693","8868","1713","2136","2142","2232","2865","4174","1668","2078","1968","1894","2828","4694","15073","0","15073"
"20222","11260660","망우3동","17107","8588","8519","1962","2336","2149","2440","3321","4899","948","1191","1169","1254","1694","2332","1014","1145","980","1186","1627","2567","8431","0","8431"
"20222","11260680","신내1동","39688","19315","20373","7169","4931","5130","6037","6572","9849","3676","2503","2528","3029","3110","4469","3493","2428","2602","3008","3462","5380","14806","0","14806"
"20222","11260690","신내2동","21208","10115","11093","3132","2583","2946","3221","3559","5767","1600","1316","1446","1569","1674","2510","1532","1267","1500","1652","1885","3257","9076","0","9076"
"20222","11290525","성북동","16832","7862","8970","1967","2808","2518","2545","2762","4232","1011","1287","1198","1210","1306","1850","956","1521","1320","1335","1456","2382","8225","0","8225"
"20222","11290555","삼선동","23545","11221","12324","3053","4275","3339","3694","3674","5510","1597","1907","1646","1807","1847","2417","1456","2368","1693","1887","1827","3093","11689","0","11689"
"20222","11290575","동선동","15583","6532","9051","1529","4477","2508","2036","1930","3103","712","1421","1154","973","958","1314","817","3056","1354","1063","972","1789","9347","0","9347"
"20222","11290580","돈암1동","15288","7144","8144","2174","2082","1981","2215","2719","4117","1053","964","979","1037","1300","1811","1121","1118","1002","1178","1419","2306","6236","0","6236"
"20222","11290590","돈암2동","24591","11692","12899","4892","3025","3040","4516","4079","5039","2475","1488","1421","2127","1965","2216","2417","1537","1619","2389","2114","2823","8735","0","8735"
"20222","11290600","안암동","14908","7511","7397","1279","5070","2002","1660","2004","2893","660","2643","1121","851","990","1246","619","2427","881","809","1014","1647","9202","0","9202"
"20222","11290610","보문동","15749","7608","8141","1933","2707","2624","2415","2553","3517","952","1335","1332","1227","1219","1543","981","1372","1292","1188","1334","1974","7827","0","7827"
"20222","11290620","정릉1동","18647","9008","9639","3231","2318","2650","3258","2855","4335","1648","1159","1295","1589","1411","1906","1583","1159","1355","1669","1444","2429","7502","0","7502"
"20222","11290630","정릉2동","23495","11368","12127","3412","3249","3158","3632","3747","6297","1740","1643","1612","1793","1808","2772","1672","1606","1546","1839","1939","3525","9882","0","9882"
"20222","11290640","정릉3동","15532","7689","7843","1596","3171","1909","1949","2386","4521","817","1745","1074","958","1167","1928","779","1426","835","991","1219","2593","8011","0","8011"
"20222","11290650","정릉4동","25601","12380","13221","3856","3267","3292","4220","4171","6795","2019","1691","1590","2086","2015","2979","1837","1576","1702","2134","2156","3816","10979","0","10979"
"20222","11290660","길음1동","36397","17304","19093","8899","3486","4714","7942","4966","6390","4450","1667","2121","3814","2536","2716","4449","1819","2593","4128","2430","3674","12775","0","12775"
"20222","11290685","길음2동","17041","8242","8799","2879","2126","2532","2956","2771","3777","1526","1016","1235","1410","1368","1687","1353","1110","1297","1546","1403","2090","7118","0","7118"
"20222","11290705","종암동","39773","19588","20185","6415","5839","5234","6460","6365","9460","3409","3066","2603","3187","3172","4151","3006","2773","2631","3273","3193","5309","17435","0","17435"
"20222","11290715","월곡1동","26920","13023","13897","4720","3043","3598","4607","4260","6692","2330","1462","1765","2323","2105","3038","2390","1581","1833","2284","2155","3654","10916","0","10916"
"20222","11290725","월곡2동","19925","9584","10341","2596","3584","2738","2870","3042","5095","1341","1527","1415","1452","1549","2300","1255","2057","1323","1418","1493","2795","9615","0","9615"
"20222","11290760","장위1동","20207","9845","10362","2501","3027","2472","2908","3818","5481","1259","1553","1355","1404","1833","2441","1242","1474","1117","1504","1985","3040","9162","0","9162"
"20222","11290770","장위2동","13848","6857","6991","1506","1925","1701","1967","2454","4295","755","964","906","1057","1255","1920","751","961","795","910","1199","2375","6593","0","6593"
"20222","11290780","장위3동","17221","8518","8703","3194","2227","2772","2748","2712","3568","1632","1082","1354","1393","1384","1673","1562","1145","1418","1355","1328","1895","7094","0","7094"
"20222","11290810","석관동","35589","17616","17973","4272","5198","5027","5177","6014","9901","2230","2573","2584","2693","2957","4579","2042","2625","2443","2484","3057","5322","16697","0","16697"
"20222","11305534","삼양동","24555","12239","12316","3286","3153","3031","3666","4374","7045","1720","1627","1609","1868","2210","3205","1566","1526","1422","1798","2164","3840","11377","0","11377"
"20222","11305535","미아동","22217","10700","11517","2132","3868","2899","3093","3846","6379","1135","1674","1533","1614","1861","2883","997","2194","1366","1479","1985","3496","11775","0","11775"
"20222","11305545","송중동","30349","14594","15755","3618","4271","4115","4607","5199","8539","1809","2091","2072","2347","2453","3822","1809","2180","2043","2260","2746","4717","14073","0","14073"
"20222","11305555","송천동","27466","13641","13825","2718","3703","3290","3934","5055","8766","1375","1888","1760","2072","2547","3999","1343","1815","1530","1862","2508","4767","13795","0","13795"
"20222","11305575","삼각산동","31996","15394","16602","7015","3387","3850","6493","4975","6276","3608","1678","1804","3139","2475","2690","3407","1709","2046","3354","2500","3586","11742","0","11742"
"20222","11305595","번1동","19057","9573","9484","1792","3283","2816","2946","3130","5090","948","1587","1524","1560","1627","2327","844","1696","1292","1386","1503","2763","10476","0","10476"
"20222","11305603","번2동","16440","7977","8463","1781","2212","1808","2427","2776","5436","941","1153","1005","1234","1352","2292","840","1059","803","1193","1424","3144","7659","0","7659"
"20222","11305608","번3동","17545","8257","9288","2317","1943","1748","2673","2831","6033","1179","991","904","1367","1362","2454","1138","952","844","1306","1469","3579","7579","0","7579"
"20222","11305615","수유1동","21236","10516","10720","2420","3068","2789","3014","3628","6317","1237","1558","1504","1620","1757","2840","1183","1510","1285","1394","1871","3477","10452","0","10452"
"20222","11305625","수유2동","21476","10289","11187","2498","2993","2581","3060","3784","6560","1316","1436","1372","1523","1793","2849","1182","1557","1209","1537","1991","3711","9731","0","9731"
"20222","11305635","수유3동","23512","11646","11866","1962","4305","3385","3309","4036","6515","1021","2065","1846","1748","2040","2926","941","2240","1539","1561","1996","3589","12998","0","12998"
"20222","11305645","우이동","20955","10206","10749","2501","2678","2592","3005","3588","6591","1333","1253","1397","1543","1730","2950","1168","1425","1195","1462","1858","3641","9647","0","9647"
"20222","11305660","인수동","31311","15131","16180","3707","4100","3842","4506","5425","9731","1862","2053","2026","2304","2587","4299","1845","2047","1816","2202","2838","5432","14563","0","14563"
"20222","11320511","창1동","25241","12027","13214","3749","3307","3413","4121","4181","6470","1899","1643","1707","1996","1944","2838","1850","1664","1706","2125","2237","3632","10877","0","10877"
"20222","11320512","창2동","29648","14474","15174","4104","4143","4145","4588","5178","7490","2143","2064","2079","2327","2465","3396","1961","2079","2066","2261","2713","4094","12458","0","12458"
"20222","11320513","창3동","14305","7124","7181","1863","1828","1710","2167","2621","4116","972","951","913","1114","1297","1877","891","877","797","1053","1324","2239","6654","0","6654"
"20222","11320514","창4동","27197","13076","14121","4413","3735","3420","4429","4919","6281","2270","1895","1656","2085","2324","2846","2143","1840","1764","2344","2595","3435","10753","0","10753"
"20222","11320515","창5동","25203","12123","13080","3530","3726","3560","3569","4456","6362","1829","1824","1829","1689","2050","2902","1701","1902","1731","1880","2406","3460","10266","0","10266"
"20222","11320521","도봉1동","21653","10950","10703","2080","2634","2404","2927","3810","7798","1080","1409","1328","1589","1903","3641","1000","1225","1076","1338","1907","4157","10426","0","10426"
"20222","11320522","도봉2동","27800","13600","14200","3388","3341","3654","3809","4506","9102","1749","1687","1858","1932","2193","4181","1639","1654","1796","1877","2313","4921","12123","0","12123"
"20222","11320660","쌍문1동","21794","10500","11294","2809","3096","2598","3250","3692","6349","1395","1467","1335","1653","1769","2881","1414","1629","1263","1597","1923","3468","9441","0","9441"
"20222","11320670","쌍문2동","19253","9269","9984","2422","2545","2624","2799","3329","5534","1274","1299","1355","1408","1499","2434","1148","1246","1269","1391","1830","3100","8673","0","8673"
"20222","11320680","쌍문3동","16762","8136","8626","1819","2499","2380","2433","2846","4785","938","1227","1233","1259","1319","2160","881","1272","1147","1174","1527","2625","7896","0","7896"
"20222","11320681","쌍문4동","19259","9090","10169","3249","2568","2322","3007","3437","4676","1648","1290","1120","1366","1548","2118","1601","1278","1202","1641","1889","2558","7196","0","7196"
"20222","11320690","방학1동","28975","14420","14555","3761","3904","3352","4238","5428","8292","1893","2031","1733","2100","2731","3932","1868","1873","1619","2138","2697","4360","12737","0","12737"
"20222","11320700","방학2동","20278","10245","10033","2435","2723","2210","2949","3774","6187","1269","1488","1213","1526","1867","2882","1166","1235","997","1423","1907","3305","9509","0","9509"
"20222","11320710","방학3동","27895","13583","14312","4769","3369","3212","4256","4835","7454","2561","1841","1613","1998","2244","3326","2208","1528","1599","2258","2591","4128","10068","0","10068"
"20222","11350560","월계1동","22454","11554","10900","2925","3873","2717","3440","3569","5930","1545","2226","1478","1774","1796","2735","1380","1647","1239","1666","1773","3195","10472","0","10472"
"20222","11350570","월계2동","27466","13247","14219","3943","3244","3238","4338","4625","8078","2022","1726","1633","2197","2212","3457","1921","1518","1605","2141","2413","4621","12063","0","12063"
"20222","11350580","월계3동","30593","14662","15931","4410","3601","4627","4676","4803","8476","2277","1801","2329","2358","2243","3654","2133","1800","2298","2318","2560","4822","13009","0","13009"
"20222","11350595","공릉1동","37700","18335","19365","4795","6830","5406","5406","5849","9414","2423","3395","2741","2754","2813","4209","2372","3435","2665","2652","3036","5205","18300","0","18300"
"20222","11350600","공릉2동","39784","19394","20390","7324","6721","5226","6584","6121","7808","3763","3325","2611","3110","3009","3576","3561","3396","2615","3474","3112","4232","16502","0","16502"
"20222","11350611","하계1동","27479","13234","14245","4354","4696","2748","4237","4977","6467","2399","2514","1385","1874","2411","2651","1955","2182","1363","2363","2566","3816","11662","0","11662"
"20222","11350612","하계2동","22673","10808","11865","4351","3096","2556","4071","3921","4678","2243","1577","1212","1896","1889","1991","2108","1519","1344","2175","2032","2687","8303","0","8303"
"20222","11350619","중계본동","24840","12174","12666","6075","3245","1908","5083","4554","3975","3112","1709","900","2222","2366","1865","2963","1536","1008","2861","2188","2110","8624","0","8624"
"20222","11350621","중계1동","27473","13374","14099","7750","2973","2006","6627","4469","3648","4106","1542","854","2884","2391","1597","3644","1431","1152","3743","2078","2051","9073","0","9073"
"20222","11350624","중계4동","20700","9999","10701","3504","2613","1993","3542","3612","5436","1885","1369","1010","1643","1814","2278","1619","1244","983","1899","1798","3158","8476","0","8476"
"20222","11350625","중계2?3동","35461","16354","19107","5317","4341","4303","5926","5653","9921","2597","2229","2087","2909","2654","3878","2720","2112","2216","3017","2999","6043","15408","0","15408"
"20222","11350630","상계1동","39064","18975","20089","5741","5302","4946","5735","7015","10325","2980","2717","2468","2753","3308","4749","2761","2585","2478","2982","3707","5576","15655","0","15655"
"20222","11350640","상계2동","20557","10167","10390","2880","3323","2335","3102","3944","4973","1464","1667","1226","1491","1981","2338","1416","1656","1109","1611","1963","2635","8798","0","8798"
"20222","11350665","상계3?4동","27081","13471","13610","3538","3256","2965","4002","4808","8512","1869","1757","1560","2016","2435","3834","1669","1499","1405","1986","2373","4678","12221","0","12221"
"20222","11350670","상계5동","24691","11998","12693","3176","3492","2631","3739","4552","7101","1613","1839","1383","1831","2219","3113","1563","1653","1248","1908","2333","3988","11023","0","11023"
"20222","11350695","상계6?7동","33550","15577","17973","5569","4630","4941","5572","5658","7180","2892","2225","2320","2562","2580","2998","2677","2405","2621","3010","3078","4182","13946","0","13946"
"20222","11350700","상계8동","22935","11020","11915","4551","2687","4732","3919","3012","4034","2318","1324","2326","1956","1418","1678","2233","1363","2406","1963","1594","2356","9169","0","9169"
"20222","11350710","상계9동","21136","10040","11096","3541","2753","2810","3507","3620","4905","1828","1434","1422","1589","1683","2084","1713","1319","1388","1918","1937","2821","8424","0","8424"
"20222","11350720","상계10동","17437","8034","9403","2668","2543","2640","2729","3073","3784","1325","1204","1293","1215","1381","1616","1343","1339","1347","1514","1692","2168","7083","0","7083"
"20222","11380510","녹번동","37380","17807","19573","4821","5070","6066","5831","5883","9709","2410","2384","3031","2940","2805","4237","2411","2686","3035","2891","3078","5472","17479","0","17479"
"20222","11380520","불광1동","39732","18809","20923","5092","5477","5445","6021","6771","10926","2665","2663","2665","2910","3167","4739","2427","2814","2780","3111","3604","6187","17969","0","17969"
"20222","11380530","불광2동","28437","13802","14635","2952","4339","3867","3953","4928","8398","1488","2181","2035","2040","2285","3773","1464","2158","1832","1913","2643","4625","13956","0","13956"
"20222","11380551","갈현1동","23146","11280","11866","2591","3751","3056","3331","4008","6409","1351","1910","1617","1671","1856","2875","1240","1841","1439","1660","2152","3534","11152","0","11152"
"20222","11380552","갈현2동","28872","13674","15198","4039","4370","3917","4715","4798","7033","2045","2101","1928","2263","2245","3092","1994","2269","1989","2452","2553","3941","12643","0","12643"
"20222","11380560","구산동","32750","16287","16463","4675","4439","4119","5130","5670","8717","2300","2191","2118","2577","2856","4245","2375","2248","2001","2553","2814","4472","13401","0","13401"
"20222","11380570","대조동","27235","12691","14544","2851","4889","4193","4105","4138","7059","1396","2140","2083","2018","2001","3053","1455","2749","2110","2087","2137","4006","14312","0","14312"
"20222","11380580","응암1동","30938","14680","16258","4886","4201","5148","5227","4581","6895","2518","1922","2524","2564","2234","2918","2368","2279","2624","2663","2347","3977","14058","0","14058"
"20222","11380590","응암2동","27580","13401","14179","5535","2765","5059","5193","3605","5423","2864","1395","2388","2662","1763","2329","2671","1370","2671","2531","1842","3094","11005","0","11005"
"20222","11380600","응암3동","25229","12332","12897","2631","3648","3379","3615","4242","7714","1371","1853","1784","1854","2130","3340","1260","1795","1595","1761","2112","4374","12765","0","12765"
"20222","11380625","역촌동","46566","22003","24563","6216","6530","6700","7609","7651","11860","3133","3114","3252","3792","3591","5121","3083","3416","3448","3817","4060","6739","20857","0","20857"
"20222","11380631","신사1동","27543","13312","14231","3745","3920","4102","4204","4492","7080","1902","2004","2079","2072","2096","3159","1843","1916","2023","2132","2396","3921","11838","0","11838"
"20222","11380632","신사2동","20812","10392","10420","2782","2938","2797","3166","3509","5620","1503","1523","1475","1616","1682","2593","1279","1415","1322","1550","1827","3027","9044","0","9044"
"20222","11380640","증산동","15338","7474","7864","1940","2110","2024","2248","2579","4437","988","1044","1038","1104","1261","2039","952","1066","986","1144","1318","2398","6891","0","6891"
"20222","11380650","수색동","11132","5498","5634","1442","1485","1729","1505","1965","3006","766","761","880","750","991","1350","676","724","849","755","974","1656","4737","0","4737"
"20222","11380690","진관동","57020","26773","30247","12180","7112","6887","10773","8409","11659","6267","3087","3005","5018","4217","5179","5913","4025","3882","5755","4192","6480","21642","0","21642"
"20222","11410520","천연동","17742","8412","9330","2727","2276","2419","2808","3004","4508","1362","1109","1178","1362","1485","1916","1365","1167","1241","1446","1519","2592","8016","0","8016"
"20222","11410555","북아현동","16643","7949","8694","2524","2381","2894","2685","2778","3381","1279","1079","1417","1351","1375","1448","1245","1302","1477","1334","1403","1933","7469","0","7469"
"20222","11410565","충현동","20756","9990","10766","2595","3434","3262","3046","3349","5070","1289","1650","1614","1535","1658","2244","1306","1784","1648","1511","1691","2826","10379","0","10379"
"20222","11410585","신촌동","19272","8599","10673","1594","7419","3286","1982","1999","2992","809","2877","1645","970","1000","1298","785","4542","1641","1012","999","1694","13316","0","13316"
"20222","11410615","연희동","36200","17437","18763","4151","7591","5620","5114","5256","8468","2102","3871","2818","2446","2492","3708","2049","3720","2802","2668","2764","4760","18862","0","18862"
"20222","11410620","홍제1동","24329","11424","12905","3451","3166","3452","3793","4088","6379","1705","1557","1666","1825","1898","2773","1746","1609","1786","1968","2190","3606","10489","0","10489"
"20222","11410640","홍제3동","15810","7661","8149","1897","2120","1969","2206","2714","4904","990","1065","1027","1100","1370","2109","907","1055","942","1106","1344","2795","7117","0","7117"
"20222","11410655","홍제2동","14233","6779","7454","1910","1857","1925","2050","2570","3921","991","926","960","974","1225","1703","919","931","965","1076","1345","2218","5908","0","5908"
"20222","11410660","홍은1동","22956","11085","11871","3264","2921","2994","3450","3966","6361","1647","1466","1519","1687","1950","2816","1617","1455","1475","1763","2016","3545","9716","0","9716"
"20222","11410685","홍은2동","26960","13019","13941","3464","4245","3479","3999","4588","7185","1763","2139","1822","1971","2192","3132","1701","2106","1657","2028","2396","4053","12304","0","12304"
"20222","11410690","남가좌1동","15900","7657","8243","3606","1553","2487","3089","2130","3035","1774","753","1104","1630","1043","1353","1832","800","1383","1459","1087","1682","5889","0","5889"
"20222","11410700","남가좌2동","30036","14498","15538","5089","4293","4609","4921","4409","6715","2535","2087","2273","2490","2177","2936","2554","2206","2336","2431","2232","3779","13308","0","13308"
"20222","11410710","북가좌1동","18445","8896","9549","3394","2173","2402","3277","3020","4179","1769","1051","1125","1637","1447","1867","1625","1122","1277","1640","1573","2312","6990","0","6990"
"20222","11410720","북가좌2동","32607","15868","16739","4116","4817","4306","5035","5442","8891","2121","2443","2225","2462","2627","3990","1995","2374","2081","2573","2815","4901","14785","0","14785"
"20222","11440555","아현동","25772","12061","13711","4469","3208","5156","4239","3878","4822","2155","1421","2382","2127","1859","2117","2314","1787","2774","2112","2019","2705","10610","0","10610"
"20222","11440565","공덕동","37964","17907","20057","4584","6428","6526","5543","6396","8487","2344","2820","3154","2748","3136","3705","2240","3608","3372","2795","3260","4782","18628","0","18628"
"20222","11440585","도화동","21763","10454","11309","3114","3007","3633","3231","3484","5294","1671","1449","1758","1549","1679","2348","1443","1558","1875","1682","1805","2946","9539","0","9539"
"20222","11440590","용강동","21842","10278","11564","4294","2232","3775","4430","2940","4171","2082","1027","1722","2136","1469","1842","2212","1205","2053","2294","1471","2329","9300","0","9300"
"20222","11440600","대흥동","14388","6943","7445","1565","3355","2375","2090","2036","2967","830","1511","1201","1045","1069","1287","735","1844","1174","1045","967","1680","8385","0","8385"
"20222","11440610","염리동","12125","5839","6286","2088","1801","1869","2190","1765","2412","1045","869","901","1107","886","1031","1043","932","968","1083","879","1381","5677","0","5677"
"20222","11440630","신수동","23146","11271","11875","3604","3477","3770","3911","3566","4818","1913","1749","1834","1839","1785","2151","1691","1728","1936","2072","1781","2667","10213","0","10213"
"20222","11440655","서강동","24664","11742","12922","3605","4648","4109","4000","3678","4624","1832","2224","1937","1920","1751","2078","1773","2424","2172","2080","1927","2546","11619","0","11619"
"20222","11440660","서교동","23682","10810","12872","1830","5964","5177","3499","2754","4458","914","2494","2421","1719","1338","1924","916","3470","2756","1780","1416","2534","14891","0","14891"
"20222","11440680","합정동","19846","9219","10627","2303","3878","3956","2888","2722","4099","1149","1722","1882","1381","1299","1786","1154","2156","2074","1507","1423","2313","10285","0","10285"
"20222","11440690","망원1동","20802","9777","11025","2377","3494","3922","3265","2974","4770","1185","1626","1868","1584","1468","2046","1192","1868","2054","1681","1506","2724","10513","0","10513"
"20222","11440700","망원2동","19023","8954","10069","2766","2909","2976","3266","2821","4285","1375","1343","1408","1605","1387","1836","1391","1566","1568","1661","1434","2449","8571","0","8571"
"20222","11440710","연남동","15575","7355","8220","1429","3229","3101","2336","2033","3447","743","1496","1506","1172","958","1480","686","1733","1595","1164","1075","1967","8854","0","8854"
"20222","11440720","성산1동","19357","9097","10260","2453","3135","3401","3329","2884","4155","1204","1473","1643","1593","1367","1817","1249","1662","1758","1736","1517","2338","9419","0","9419"
"20222","11440730","성산2동","40394","18378","22016","6010","6782","6742","6586","5765","8509","3097","2723","3065","3170","2809","3514","2913","4059","3677","3416","2956","4995","19041","0","19041"
"20222","11440740","상암동","31404","14976","16428","6769","4296","4026","6183","4503","5627","3459","1944","1836","2951","2341","2445","3310","2352","2190","3232","2162","3182","12766","0","12766"
"20222","11470510","목1동","31563","15159","16404","8109","3423","3302","6956","5008","4765","4075","1669","1392","3172","2622","2229","4034","1754","1910","3784","2386","2536","10556","0","10556"
"20222","11470520","목2동","30445","14797","15648","4279","5011","5248","4629","4952","6326","2227","2449","2685","2219","2342","2875","2052","2562","2563","2410","2610","3451","13239","0","13239"
"20222","11470530","목3동","22470","10726","11744","2922","3560","4033","3216","3652","5087","1564","1729","1974","1542","1653","2264","1358","1831","2059","1674","1999","2823","10117","0","10117"
"20222","11470540","목4동","25946","12676","13270","4779","4172","2819","4581","4843","4752","2501","2196","1397","2031","2401","2150","2278","1976","1422","2550","2442","2602","10128","0","10128"
"20222","11470550","목5동","42205","20895","21310","11030","4518","4004","9236","6680","6737","5957","2345","1744","4130","3455","3264","5073","2173","2260","5106","3225","3473","13578","0","13578"
"20222","11470560","신월1동","20959","10757","10202","2336","2696","2770","3113","3915","6129","1198","1430","1526","1624","2051","2928","1138","1266","1244","1489","1864","3201","10203","0","10203"
"20222","11470570","신월2동","21351","10461","10890","3225","2709","3045","3335","3356","5681","1617","1401","1550","1692","1627","2574","1608","1308","1495","1643","1729","3107","8607","0","8607"
"20222","11470580","신월3동","15749","8297","7452","2039","2040","2036","2245","2962","4427","1075","1066","1110","1256","1628","2162","964","974","926","989","1334","2265","8040","0","8040"
"20222","11470590","신월4동","18411","9050","9361","3120","2186","2512","3051","2841","4701","1617","1137","1244","1550","1376","2126","1503","1049","1268","1501","1465","2575","6961","0","6961"
"20222","11470600","신월5동","15055","7459","7596","2281","2154","2110","2308","2549","3653","1195","1094","1114","1145","1215","1696","1086","1060","996","1163","1334","1957","6487","0","6487"
"20222","11470610","신월6동","13741","6769","6972","2688","1606","2583","2159","2032","2673","1365","816","1294","1081","978","1235","1323","790","1289","1078","1054","1438","5226","0","5226"
"20222","11470611","신월7동","20514","10068","10446","2446","2659","2642","2986","3601","6180","1259","1407","1392","1549","1759","2702","1187","1252","1250","1437","1842","3478","9234","0","9234"
"20222","11470620","신정1동","20964","10227","10737","4914","2473","2078","4116","3542","3841","2536","1254","908","1933","1817","1779","2378","1219","1170","2183","1725","2062","7213","0","7213"
"20222","11470630","신정2동","20051","9822","10229","4278","2592","1811","3814","3625","3931","2208","1334","845","1760","1857","1818","2070","1258","966","2054","1768","2113","7141","0","7141"
"20222","11470640","신정3동","46374","22599","23775","8701","5912","5752","8007","7827","10175","4478","3059","2826","3872","3820","4544","4223","2853","2926","4135","4007","5631","17831","0","17831"
"20222","11470650","신정4동","33533","16434","17099","4030","5286","5095","5263","5421","8438","2089","2536","2705","2624","2606","3874","1941","2750","2390","2639","2815","4564","16066","0","16066"
"20222","11470670","신정6동","25017","12160","12857","5769","3198","2749","4744","4416","4141","2975","1640","1222","2137","2199","1987","2794","1558","1527","2607","2217","2154","8300","0","8300"
"20222","11470680","신정7동","29891","14452","15439","5458","3604","3231","5210","5281","7107","2815","1880","1541","2501","2615","3100","2643","1724","1690","2709","2666","4007","11604","0","11604"
"20222","11500510","염창동","41853","20346","21507","8696","5432","7332","7676","5956","6761","4472","2518","3483","3759","2925","3189","4224","2914","3849","3917","3031","3572","15820","0","15820"
"20222","11500520","등촌1동","24118","11283","12835","2654","4989","6008","3255","3033","4179","1455","1994","2894","1605","1474","1861","1199","2995","3114","1650","1559","2318","13153","0","13153"
"20222","11500530","등촌2동","21104","10340","10764","2962","3315","3540","3071","3453","4763","1604","1658","1791","1495","1601","2191","1358","1657","1749","1576","1852","2572","8766","0","8766"
"20222","11500535","등촌3동","31490","15009","16481","3782","4182","4663","3927","5370","9566","1969","2152","2403","1873","2461","4151","1813","2030","2260","2054","2909","5415","15067","0","15067"
"20222","11500540","화곡1동","51115","24830","26285","5142","9133","10320","7382","7240","11898","2596","4115","5477","3856","3406","5380","2546","5018","4843","3526","3834","6518","26338","0","26338"
"20222","11500550","화곡2동","17836","8686","9150","2559","2533","2796","3000","2785","4163","1290","1276","1471","1516","1307","1826","1269","1257","1325","1484","1478","2337","7957","0","7957"
"20222","11500560","화곡3동","21443","10303","11140","2897","3086","3161","3180","3268","5851","1501","1468","1580","1522","1547","2685","1396","1618","1581","1658","1721","3166","9239","0","9239"
"20222","11500570","화곡4동","20867","10214","10653","2499","2942","3333","3221","3401","5471","1296","1520","1731","1661","1616","2390","1203","1422","1602","1560","1785","3081","9638","0","9638"
"20222","11500590","화곡본동","38372","18719","19653","5238","6547","7107","6129","5477","7874","2753","3077","3808","3121","2574","3386","2485","3470","3299","3008","2903","4488","18579","0","18579"
"20222","11500591","화곡6동","24230","11844","12386","2858","4152","4039","3536","3860","5785","1539","1967","2075","1787","1837","2639","1319","2185","1964","1749","2023","3146","11873","0","11873"
"20222","11500593","화곡8동","24746","11897","12849","2940","3770","4188","3938","3696","6214","1476","1845","2187","2001","1658","2730","1464","1925","2001","1937","2038","3484","11583","0","11583"
"20222","11500603","가양1동","34206","15801","18405","3618","8428","8327","4599","4299","4935","1870","2872","4201","2404","2066","2388","1748","5556","4126","2195","2233","2547","20072","0","20072"
"20222","11500604","가양2동","14520","6884","7636","1002","1712","2413","1504","2215","5674","515","768","1249","770","1034","2548","487","944","1164","734","1181","3126","8052","0","8052"
"20222","11500605","가양3동","15544","7269","8275","1344","1846","3144","1929","2277","5004","691","885","1578","1018","1069","2028","653","961","1566","911","1208","2976","7912","0","7912"
"20222","11500611","발산1동","37403","17751","19652","8455","4620","4428","7260","5715","6925","4173","2271","2104","3445","2759","2999","4282","2349","2324","3815","2956","3926","13523","0","13523"
"20222","11500615","우장산동","43678","20888","22790","9278","5266","5575","8655","6506","8398","4537","2517","2657","4051","3239","3887","4741","2749","2918","4604","3267","4511","16129","0","16129"
"20222","11500620","공항동","26929","13662","13267","4329","3789","5023","4292","3815","5681","2235","1907","2615","2307","1938","2660","2094","1882","2408","1985","1877","3021","12784","0","12784"
"20222","11500630","방화1동","44340","21631","22709","8542","5323","6504","7719","6535","9717","4264","2565","3196","3916","3186","4504","4278","2758","3308","3803","3349","5213","17489","0","17489"
"20222","11500640","방화2동","23107","11401","11706","2617","3321","3480","3188","3709","6792","1375","1594","1877","1690","1845","3020","1242","1727","1603","1498","1864","3772","11644","0","11644"
"20222","11500641","방화3동","23471","11391","12080","2893","2599","3732","3470","3614","7163","1488","1349","1923","1768","1741","3122","1405","1250","1809","1702","1873","4041","11330","0","11330"
"20222","11530510","신도림동","36197","17684","18513","7148","4343","6241","6543","5098","6824","3622","2102","2985","3216","2514","3245","3526","2241","3256","3327","2584","3579","13483","0","13483"
"20222","11530520","구로1동","21220","10412","10808","3848","2824","3884","3634","3012","4018","2016","1343","1949","1829","1433","1842","1832","1481","1935","1805","1579","2176","8364","0","8364"
"20222","11530530","구로2동","24606","12419","12187","2338","3251","2934","3507","4720","7856","1232","1697","1620","1857","2466","3547","1106","1554","1314","1650","2254","4309","12794","0","12794"
"20222","11530540","구로3동","23853","12153","11700","2782","4134","5016","4016","3059","4846","1440","2015","2716","2213","1608","2161","1342","2119","2300","1803","1451","2685","13227","0","13227"
"20222","11530550","구로4동","20378","9883","10495","1962","2826","2934","2972","3533","6151","994","1340","1521","1510","1779","2739","968","1486","1413","1462","1754","3412","10711","0","10711"
"20222","11530560","구로5동","29372","14272","15100","3455","5067","5452","4126","4556","6716","1764","2225","2725","2110","2303","3145","1691","2842","2727","2016","2253","3571","14707","0","14707"
"20222","11530595","가리봉동","9271","5026","4245","523","1489","1256","1183","1866","2954","287","781","728","670","1107","1453","236","708","528","513","759","1501","6040","0","6040"
"20222","11530720","고척1동","23146","11542","11604","3293","3293","2908","3512","3936","6204","1708","1726","1514","1778","1922","2894","1585","1567","1394","1734","2014","3310","9619","0","9619"
"20222","11530730","고척2동","27366","13549","13817","4073","3615","3326","4289","4791","7272","2075","1861","1677","2166","2368","3402","1998","1754","1649","2123","2423","3870","11610","0","11610"
"20222","11530740","개봉1동","34336","17169","17167","4655","4632","5074","4975","5860","9140","2348","2370","2651","2570","2913","4317","2307","2262","2423","2405","2947","4823","14937","0","14937"
"20222","11530750","개봉2동","31775","15502","16273","4516","3870","4570","4857","4978","8984","2301","1947","2289","2488","2344","4133","2215","1923","2281","2369","2634","4851","12605","0","12605"
"20222","11530760","개봉3동","20845","10201","10644","2668","2612","2786","3224","3495","6060","1373","1339","1442","1654","1643","2750","1295","1273","1344","1570","1852","3310","8842","0","8842"
"20222","11530770","오류1동","22669","11102","11567","2472","3979","4361","3183","3057","5617","1247","1777","2260","1660","1539","2619","1225","2202","2101","1523","1518","2998","11785","0","11785"
"20222","11530780","오류2동","39127","18870","20257","7244","4661","5182","6707","5695","9638","3694","2271","2548","3375","2716","4266","3550","2390","2634","3332","2979","5372","15629","0","15629"
"20222","11530790","수궁동","23972","11848","12124","3493","3088","3317","3833","3932","6309","1869","1608","1699","1902","1866","2904","1624","1480","1618","1931","2066","3405","9967","0","9967"
"20222","11530800","항동","16279","8030","8249","3918","1720","3914","2663","1745","2319","2034","808","1894","1419","801","1074","1884","912","2020","1244","944","1245","6135","0","6135"
"20222","11545510","가산동","23050","12608","10442","1401","6523","5434","2749","2970","3973","677","3035","3382","1711","1740","2063","724","3488","2052","1038","1230","1910","15924","0","15924"
"20222","11545610","독산1동","42270","21748","20522","5535","7328","8449","6238","6244","8476","2809","3664","4707","3402","3148","4018","2726","3664","3742","2836","3096","4458","21131","0","21131"
"20222","11545620","독산2동","19016","9631","9385","2117","2842","2493","2608","3813","5143","1101","1488","1352","1324","1918","2448","1016","1354","1141","1284","1895","2695","9436","0","9436"
"20222","11545630","독산3동","24503","12308","12195","2380","3852","3545","3276","4761","6689","1212","1917","1979","1708","2361","3131","1168","1935","1566","1568","2400","3558","12553","0","12553"
"20222","11545640","독산4동","15537","7838","7699","1633","2287","1980","2113","3248","4276","826","1163","1097","1053","1661","2038","807","1124","883","1060","1587","2238","7657","0","7657"
"20222","11545670","시흥1동","33778","16865","16913","4166","5050","4789","5006","5947","8820","2187","2577","2554","2554","2915","4078","1979","2473","2235","2452","3032","4742","16124","0","16124"
"20222","11545680","시흥2동","21962","10590","11372","3715","2495","2481","3497","3808","5966","1841","1292","1215","1719","1794","2729","1874","1203","1266","1778","2014","3237","8474","0","8474"
"20222","11545690","시흥3동","11130","5525","5605","1259","1445","1431","1564","2015","3416","624","772","763","811","974","1581","635","673","668","753","1041","1835","4771","0","4771"
"20222","11545700","시흥4동","20791","10307","10484","2627","2732","2585","2974","3923","5950","1333","1430","1373","1495","1880","2796","1294","1302","1212","1479","2043","3154","9154","0","9154"
"20222","11545710","시흥5동","19686","9806","9880","2392","2548","2284","2890","3563","6009","1205","1368","1229","1502","1823","2679","1187","1180","1055","1388","1740","3330","9414","0","9414"
"20222","11560515","영등포본동","21466","11010","10456","2702","2850","3306","3147","3652","5809","1396","1535","1733","1658","1906","2782","1306","1315","1573","1489","1746","3027","10338","0","10338"
"20222","11560535","영등포동","28026","15044","12982","2095","6712","6875","3512","3593","5239","1066","2922","3839","2082","2232","2903","1029","3790","3036","1430","1361","2336","18953","0","18953"
"20222","11560540","여의동","34156","16052","18104","5856","3872","5277","5485","5170","8496","2924","1791","2411","2587","2511","3828","2932","2081","2866","2898","2659","4668","13784","0","13784"
"20222","11560550","당산1동","20750","10190","10560","2137","3542","4245","2927","3064","4835","1067","1602","2227","1521","1543","2230","1070","1940","2018","1406","1521","2605","10797","0","10797"
"20222","11560560","당산2동","37551","17619","19932","5102","7320","8220","5249","4820","6840","2561","3028","3962","2584","2310","3174","2541","4292","4258","2665","2510","3666","18478","0","18478"
"20222","11560585","도림동","18248","9159","9089","1948","2777","3231","2742","3001","4549","1022","1303","1708","1461","1577","2088","926","1474","1523","1281","1424","2461","9436","0","9436"
"20222","11560605","문래동","33159","16250","16909","6315","3845","6194","5984","4184","6637","3259","1830","2974","3018","2104","3065","3056","2015","3220","2966","2080","3572","13355","0","13355"
"20222","11560610","양평1동","17384","8564","8820","2234","2734","4319","2766","2051","3280","1176","1174","2251","1463","1053","1447","1058","1560","2068","1303","998","1833","9134","0","9134"
"20222","11560620","양평2동","22389","11124","11265","3257","3686","5186","3358","3054","3848","1686","1688","2679","1689","1591","1791","1571","1998","2507","1669","1463","2057","10325","0","10325"
"20222","11560630","신길1동","17447","8874","8573","1483","3387","2981","2441","2551","4604","752","1672","1710","1339","1335","2066","731","1715","1271","1102","1216","2538","10413","0","10413"
"20222","11560650","신길3동","16891","8320","8571","2331","2166","2546","2490","2900","4458","1212","1070","1311","1284","1442","2001","1119","1096","1235","1206","1458","2457","7653","0","7653"
"20222","11560660","신길4동","10489","5201","5288","1221","1420","1452","1496","1851","3049","620","752","774","758","927","1370","601","668","678","738","924","1679","5042","0","5042"
"20222","11560670","신길5동","11179","5420","5759","1586","1391","1637","1647","1942","2976","791","695","866","830","941","1297","795","696","771","817","1001","1679","4997","0","4997"
"20222","11560680","신길6동","19624","9600","10024","2527","3210","3293","2849","2953","4792","1374","1515","1653","1464","1427","2167","1153","1695","1640","1385","1526","2625","9247","0","9247"
"20222","11560690","신길7동","20286","10120","10166","3830","2814","3497","3315","3101","3729","2047","1424","1728","1667","1541","1713","1783","1390","1769","1648","1560","2016","7911","0","7911"
"20222","11560700","대림1동","14842","7366","7476","1761","2165","1995","2123","2533","4265","963","1073","1044","1134","1239","1913","798","1092","951","989","1294","2352","7219","0","7219"
"20222","11560710","대림2동","12409","6100","6309","1050","1896","1704","1695","2198","3866","528","973","925","883","1071","1720","522","923","779","812","1127","2146","6977","0","6977"
"20222","11560720","대림3동","22896","11479","11417","2642","3167","3292","3186","4257","6352","1368","1652","1778","1590","2128","2963","1274","1515","1514","1596","2129","3389","10429","0","10429"
"20222","11590510","노량진1동","32054","15972","16082","3941","5592","5423","4353","4703","8042","2017","2937","2923","2265","2275","3555","1924","2655","2500","2088","2428","4487","15709","0","15709"
"20222","11590520","노량진2동","12664","6491","6173","913","2337","1917","1552","2144","3801","477","1211","1127","853","1091","1732","436","1126","790","699","1053","2069","7466","0","7466"
"20222","11590530","상도1동","45153","21834","23319","6123","9857","6311","6578","6345","9939","3111","4984","3119","3261","2960","4399","3012","4873","3192","3317","3385","5540","21584","0","21584"
"20222","11590540","상도2동","27835","13383","14452","4175","4297","4679","4310","4116","6258","2137","2046","2276","2160","1975","2789","2038","2251","2403","2150","2141","3469","12575","0","12575"
"20222","11590550","상도3동","25071","11976","13095","2902","4223","4208","3690","3881","6167","1480","1952","2186","1817","1849","2692","1422","2271","2022","1873","2032","3475","12051","0","12051"
"20222","11590560","상도4동","28885","14018","14867","3599","4580","4840","4380","4403","7083","1897","2185","2522","2215","2092","3107","1702","2395","2318","2165","2311","3976","13804","0","13804"
"20222","11590605","흑석동","32306","15694","16612","4521","5138","4548","4891","5216","7992","2321","2681","2248","2501","2478","3465","2200","2457","2300","2390","2738","4527","14266","0","14266"
"20222","11590620","사당1동","23072","10944","12128","1730","5253","4655","2944","3088","5402","899","2260","2433","1510","1404","2438","831","2993","2222","1434","1684","2964","13289","0","13289"
"20222","11590630","사당2동","27227","13111","14116","3452","3684","4489","4047","4186","7369","1852","1759","2225","1987","1994","3294","1600","1925","2264","2060","2192","4075","11947","0","11947"
"20222","11590640","사당3동","25027","12119","12908","3769","3398","4133","3830","3640","6257","1968","1584","1974","1963","1721","2909","1801","1814","2159","1867","1919","3348","10564","0","10564"
"20222","11590650","사당4동","14426","6900","7526","1501","2526","2494","2072","2102","3731","789","1168","1267","1076","967","1633","712","1358","1227","996","1135","2098","7154","0","7154"
"20222","11590651","사당5동","14690","7131","7559","2065","2219","2597","2336","2184","3289","1067","1084","1321","1162","1031","1466","998","1135","1276","1174","1153","1823","6600","0","6600"
"20222","11590660","대방동","38781","18450","20331","6483","6483","5434","6622","5833","7926","3192","3069","2662","3199","2929","3399","3291","3414","2772","3423","2904","4527","17282","0","17282"
"20222","11590670","신대방1동","23662","11391","12271","4053","3406","3095","4027","3728","5353","2017","1635","1525","1917","1864","2433","2036","1771","1570","2110","1864","2920","10234","0","10234"
"20222","11590680","신대방2동","20916","9943","10973","3271","3590","3408","3367","2789","4491","1652","1582","1665","1667","1341","2036","1619","2008","1743","1700","1448","2455","9769","0","9769"
"20222","11620525","보라매동","23236","11427","11809","2448","4518","3839","3217","3219","5995","1286","2178","2100","1657","1518","2688","1162","2340","1739","1560","1701","3307","12009","0","12009"
"20222","11620545","청림동","15551","7619","7932","2441","1851","2604","2481","2323","3851","1269","981","1307","1259","1142","1661","1172","870","1297","1222","1181","2190","6553","0","6553"
"20222","11620565","성현동","33366","16092","17274","5398","4672","4512","5523","5221","8040","2827","2292","2250","2746","2528","3449","2571","2380","2262","2777","2693","4591","14122","0","14122"
"20222","11620575","행운동","28912","14070","14842","2547","7342","5965","3654","3417","5987","1292","3311","3182","1915","1676","2694","1255","4031","2783","1739","1741","3293","17137","0","17137"
"20222","11620585","낙성대동","15664","7865","7799","1312","5066","3223","1829","1583","2651","640","2416","1813","963","827","1206","672","2650","1410","866","756","1445","10254","0","10254"
"20222","11620595","청룡동","34681","16671","18010","2915","11004","6667","4022","3847","6226","1431","4833","3542","2086","1942","2837","1484","6171","3125","1936","1905","3389","22229","0","22229"
"20222","11620605","은천동","33720","16494","17226","4752","5449","5331","5238","4853","8097","2471","2592","2762","2702","2376","3591","2281","2857","2569","2536","2477","4506","15937","0","15937"
"20222","11620615","중앙동","15166","7234","7932","1001","4394","2978","1720","1798","3275","507","1802","1624","936","899","1466","494","2592","1354","784","899","1809","9605","0","9605"
"20222","11620625","인헌동","25460","12424","13036","2650","5694","4837","3503","3379","5397","1372","2688","2523","1778","1650","2413","1278","3006","2314","1725","1729","2984","13908","0","13908"
"20222","11620630","남현동","18396","8882","9514","1833","3952","3720","2307","2559","4025","922","1783","1974","1198","1165","1840","911","2169","1746","1109","1394","2185","9538","0","9538"
"20222","11620645","서원동","22343","11505","10838","1495","6371","4452","2707","2732","4586","770","3244","2599","1489","1305","2098","725","3127","1853","1218","1427","2488","13823","0","13823"
"20222","11620655","신원동","18098","9066","9032","1459","4347","3218","2251","2420","4403","712","2194","1849","1221","1197","1893","747","2153","1369","1030","1223","2510","10797","0","10797"
"20222","11620665","서림동","25506","13917","11589","2099","6035","5061","3556","3385","5370","1080","3335","3097","2132","1784","2489","1019","2700","1964","1424","1601","2881","15523","0","15523"
"20222","11620685","신사동","22688","11352","11336","1931","5761","3910","2995","3223","4868","1039","2713","2213","1551","1600","2236","892","3048","1697","1444","1623","2632","13680","0","13680"
"20222","11620695","신림동","21839","11395","10444","839","8411","5604","2485","1751","2749","416","4061","3225","1428","983","1282","423","4350","2379","1057","768","1467","17289","0","17289"
"20222","11620715","난향동","15780","7777","8003","2670","1723","1904","2973","2567","3943","1355","886","944","1501","1293","1798","1315","837","960","1472","1274","2145","6422","0","6422"
"20222","11620725","조원동","17480","8832","8648","1515","4082","3265","2234","2393","3991","759","1858","1834","1189","1265","1927","756","2224","1431","1045","1128","2064","10649","0","10649"
"20222","11620735","대학동","24481","14713","9768","1847","6547","4989","3662","3212","4224","955","3889","3323","2473","2007","2066","892","2658","1666","1189","1205","2158","16777","0","16777"
"20222","11620745","삼성동","23760","11871","11889","2455","2905","2688","3408","4238","8066","1308","1551","1525","1819","2119","3549","1147","1354","1163","1589","2119","4517","11204","0","11204"
"20222","11620765","미성동","30979","15172","15807","4055","4797","4264","4700","4963","8200","2026","2369","2225","2407","2380","3765","2029","2428","2039","2293","2583","4435","14102","0","14102"
"20222","11620775","난곡동","27330","13700","13630","3204","4102","3697","3921","4891","7515","1666","2135","2017","2058","2377","3447","1538","1967","1680","1863","2514","4068","12972","0","12972"
"20222","11650510","서초1동","21009","10095","10914","3483","2834","3598","3801","2998","4295","1805","1355","1646","1827","1453","2009","1678","1479","1952","1974","1545","2286","9350","0","9350"
"20222","11650520","서초2동","21404","10200","11204","3682","3055","4227","3838","2854","3748","1894","1368","1938","1830","1427","1743","1788","1687","2289","2008","1427","2005","9671","0","9671"
"20222","11650530","서초3동","31930","15560","16370","4574","5251","5390","5052","4888","6775","2553","2465","2562","2392","2409","3179","2021","2786","2828","2660","2479","3596","14565","0","14565"
"20222","11650531","서초4동","31457","15285","16172","7211","3587","3731","6395","4772","5761","3761","1736","1601","2974","2491","2722","3450","1851","2130","3421","2281","3039","11005","0","11005"
"20222","11650540","잠원동","28349","13589","14760","5634","3683","3857","5551","4624","5000","2905","1773","1764","2544","2319","2284","2729","1910","2093","3007","2305","2716","11449","0","11449"
"20222","11650550","반포본동","11947","5637","6310","2490","1494","892","2258","2175","2638","1277","719","401","924","1105","1211","1213","775","491","1334","1070","1427","4107","0","4107"
"20222","11650560","반포1동","32298","15597","16701","6603","4226","5496","6623","4116","5234","3348","1923","2493","3327","2130","2376","3255","2303","3003","3296","1986","2858","14274","0","14274"
"20222","11650570","반포2동","16079","7668","8411","4625","1360","1541","3721","2142","2690","2335","665","610","1697","1152","1209","2290","695","931","2024","990","1481","5109","0","5109"
"20222","11650580","반포3동","22333","10576","11757","4968","2497","2613","4569","3491","4195","2554","1232","1151","2045","1768","1826","2414","1265","1462","2524","1723","2369","7739","0","7739"
"20222","11650581","반포4동","19377","9164","10213","3854","2328","2649","3579","2865","4102","2017","1114","1171","1625","1372","1865","1837","1214","1478","1954","1493","2237","7275","0","7275"
"20222","11650590","방배본동","21099","9797","11302","4277","2681","2432","3961","3423","4325","2062","1252","1077","1755","1706","1945","2215","1429","1355","2206","1717","2380","7997","0","7997"
"20222","11650600","방배1동","17245","8086","9159","2512","2499","2969","2797","2455","4013","1311","1188","1346","1291","1144","1806","1201","1311","1623","1506","1311","2207","7644","0","7644"
"20222","11650610","방배2동","20247","9493","10754","2819","2861","3177","3080","3164","5146","1434","1420","1474","1436","1433","2296","1385","1441","1703","1644","1731","2850","8671","0","8671"
"20222","11650620","방배3동","21283","10278","11005","3322","2781","2942","3220","3528","5490","1710","1453","1406","1479","1644","2586","1612","1328","1536","1741","1884","2904","8284","0","8284"
"20222","11650621","방배4동","23722","10840","12882","4290","3204","3625","4292","3525","4786","2036","1410","1603","1921","1708","2162","2254","1794","2022","2371","1817","2624","9812","0","9812"
"20222","11650651","양재1동","44542","21287","23255","8390","5396","6773","7771","6302","9910","4300","2637","3243","3789","3000","4318","4090","2759","3530","3982","3302","5592","18222","0","18222"
"20222","11650652","양재2동","22452","11264","11188","3064","3369","4543","3733","3340","4403","1606","1705","2366","1912","1643","2032","1458","1664","2177","1821","1697","2371","10829","0","10829"
"20222","11650660","내곡동","17915","8715","9200","3318","1925","2725","3049","2476","4422","1677","1006","1269","1547","1161","2055","1641","919","1456","1502","1315","2367","7209","0","7209"
"20222","11680510","신사동","16672","7731","8941","2650","2279","2384","2954","2499","3906","1354","1044","1054","1294","1235","1750","1296","1235","1330","1660","1264","2156","7323","0","7323"
"20222","11680521","논현1동","22994","10809","12185","1589","4626","5821","3871","2821","4266","767","2092","2774","1866","1410","1900","822","2534","3047","2005","1411","2366","14400","0","14400"
"20222","11680531","논현2동","21740","10121","11619","2445","3552","4562","3824","2978","4379","1264","1589","2048","1838","1458","1924","1181","1963","2514","1986","1520","2455","11676","0","11676"
"20222","11680545","압구정동","27248","12572","14676","4957","3193","3377","4883","4104","6734","2375","1503","1445","2226","2016","3007","2582","1690","1932","2657","2088","3727","10622","0","10622"
"20222","11680565","청담동","27014","12627","14387","4437","3801","4440","4805","3989","5542","2374","1718","1922","2212","1865","2536","2063","2083","2518","2593","2124","3006","11801","0","11801"
"20222","11680580","삼성1동","13407","6623","6784","2141","1913","1955","2183","2170","3045","1205","1031","910","1005","1046","1426","936","882","1045","1178","1124","1619","5675","0","5675"
"20222","11680590","삼성2동","30115","14342","15773","5917","3889","4981","6443","4143","4742","3215","1842","2094","2957","2115","2119","2702","2047","2887","3486","2028","2623","13439","0","13439"
"20222","11680600","대치1동","24900","12528","12372","7507","2475","1568","6133","3814","3403","4189","1266","610","2705","2126","1632","3318","1209","958","3428","1688","1771","7380","0","7380"
"20222","11680610","대치2동","37565","19103","18462","8358","4959","3268","7283","6730","6967","4874","2688","1512","3105","3518","3406","3484","2271","1756","4178","3212","3561","12986","0","12986"
"20222","11680630","대치4동","20478","9657","10821","3322","3441","3367","4104","3213","3031","1758","1649","1508","1761","1619","1362","1564","1792","1859","2343","1594","1669","10328","0","10328"
"20222","11680640","역삼1동","35804","17333","18471","2485","7528","10082","6058","4240","5411","1252","3206","5008","3103","2235","2529","1233","4322","5074","2955","2005","2882","23983","0","23983"
"20222","11680650","역삼2동","36944","17309","19635","8499","4687","5243","8651","4847","5017","4158","2022","2250","3998","2632","2249","4341","2665","2993","4653","2215","2768","15675","0","15675"
"20222","11680655","도곡1동","22087","10464","11623","4120","2986","3231","3872","3516","4362","1947","1400","1450","1848","1708","2111","2173","1586","1781","2024","1808","2251","8661","0","8661"
"20222","11680656","도곡2동","33941","15779","18162","7711","4013","3590","6550","5477","6600","3594","1857","1463","2932","2746","3187","4117","2156","2127","3618","2731","3413","11792","0","11792"
"20222","11680660","개포1동","6408","3121","3287","969","734","663","915","1044","2083","493","377","307","436","523","985","476","357","356","479","521","1098","2465","0","2465"
"20222","11680670","개포2동","22211","10732","11479","4194","2920","2791","3692","3834","4780","2084","1508","1314","1689","1847","2290","2110","1412","1477","2003","1987","2490","8033","0","8033"
"20222","11680690","개포4동","22529","10991","11538","3691","3161","3468","3759","3781","4669","1898","1599","1709","1775","1869","2141","1793","1562","1759","1984","1912","2528","9499","0","9499"
"20222","11680700","세곡동","44314","21044","23270","9067","5380","6879","7809","6014","9165","4496","2594","3149","3846","2925","4034","4571","2786","3730","3963","3089","5131","17965","0","17965"
"20222","11680720","일원본동","23927","11793","12134","5606","2620","2981","4542","3720","4458","3159","1363","1362","2093","1808","2008","2447","1257","1619","2449","1912","2450","8146","0","8146"
"20222","11680730","일원1동","15672","7693","7979","1950","2208","2268","2145","2515","4586","1060","1150","1195","1092","1205","1991","890","1058","1073","1053","1310","2595","7465","0","7465"
"20222","11680740","일원2동","17642","8556","9086","3007","1940","2579","3044","2602","4470","1748","1044","1243","1464","1255","1802","1259","896","1336","1580","1347","2668","7357","0","7357"
"20222","11680750","수서동","15241","6919","8322","1214","1614","2318","1654","2259","6182","611","827","1166","871","1011","2433","603","787","1152","783","1248","3749","7876","0","7876"
"20222","11710510","풍납1동","13896","6829","7067","1591","1720","1943","1993","2447","4202","854","906","1010","988","1184","1887","737","814","933","1005","1263","2315","6377","0","6377"
"20222","11710520","풍납2동","25501","12123","13378","4043","3836","4296","4061","3703","5562","2066","1685","2035","1964","1800","2573","1977","2151","2261","2097","1903","2989","11071","0","11071"
"20222","11710531","거여1동","12616","6407","6209","1624","1796","1715","1883","2273","3325","864","952","908","946","1149","1588","760","844","807","937","1124","1737","5510","0","5510"
"20222","11710532","거여2동","19174","9408","9766","2911","2233","2678","3028","3315","5009","1544","1149","1362","1477","1614","2262","1367","1084","1316","1551","1701","2747","8170","0","8170"
"20222","11710540","마천1동","19745","10078","9667","2616","2382","2237","2864","3618","6028","1349","1239","1240","1474","1930","2846","1267","1143","997","1390","1688","3182","8972","0","8972"
"20222","11710550","마천2동","19564","9919","9645","2299","2476","2292","2772","3724","6001","1169","1327","1268","1459","1893","2803","1130","1149","1024","1313","1831","3198","8886","0","8886"
"20222","11710561","방이1동","16193","7804","8389","2786","2490","2282","2697","2698","3240","1415","1272","1089","1237","1272","1519","1371","1218","1193","1460","1426","1721","6317","0","6317"
"20222","11710562","방이2동","26148","12310","13838","2469","5177","5982","3661","3645","5214","1325","2194","2922","1790","1703","2376","1144","2983","3060","1871","1942","2838","14550","0","14550"
"20222","11710566","오륜동","18483","9090","9393","4132","2182","1719","3403","3135","3912","2270","1153","720","1504","1557","1886","1862","1029","999","1899","1578","2026","5956","0","5956"
"20222","11710570","오금동","39515","19163","20352","6095","5603","5699","5845","6883","9390","3194","2896","2797","2740","3225","4311","2901","2707","2902","3105","3658","5079","15693","0","15693"
"20222","11710580","송파1동","24810","11632","13178","2634","4604","5425","3506","3518","5123","1313","2067","2648","1636","1622","2346","1321","2537","2777","1870","1896","2777","12434","0","12434"
"20222","11710590","송파2동","20645","9906","10739","3578","2924","3076","3185","3366","4516","1804","1372","1460","1526","1606","2138","1774","1552","1616","1659","1760","2378","7647","0","7647"
"20222","11710600","석촌동","32530","15505","17025","3554","5621","7052","4925","4728","6650","1809","2555","3402","2431","2280","3028","1745","3066","3650","2494","2448","3622","17072","0","17072"
"20222","11710610","삼전동","31448","14829","16619","3634","5375","6677","5192","4518","6052","1877","2401","3288","2482","2104","2677","1757","2974","3389","2710","2414","3375","16326","0","16326"
"20222","11710620","가락본동","27076","13418","13658","3532","4197","4793","3897","4753","5904","1836","2052","2439","1916","2319","2856","1696","2145","2354","1981","2434","3048","12010","0","12010"
"20222","11710631","가락1동","27823","13521","14302","5459","3556","5350","4458","4032","4968","2829","1755","2531","2168","1896","2342","2630","1801","2819","2290","2136","2626","9908","0","9908"
"20222","11710632","가락2동","33013","16237","16776","6137","4580","4836","5658","5272","6530","3225","2307","2343","2727","2549","3086","2912","2273","2493","2931","2723","3444","12379","0","12379"
"20222","11710641","문정1동","20369","10050","10319","2824","3252","3529","2842","3347","4575","1468","1612","1813","1383","1571","2203","1356","1640","1716","1459","1776","2372","8431","0","8431"
"20222","11710642","문정2동","29877","13858","16019","3239","5334","7644","4400","3626","5634","1659","2074","3549","2134","1773","2669","1580","3260","4095","2266","1853","2965","15761","0","15761"
"20222","11710646","장지동","30000","14522","15478","5192","4094","4784","4776","4875","6279","2658","2056","2409","2337","2279","2783","2534","2038","2375","2439","2596","3496","12080","0","12080"
"20222","11710647","위례동","30548","14863","15685","8837","2965","5317","6212","3558","3659","4431","1484","2420","3148","1765","1615","4406","1481","2897","3064","1793","2044","9900","0","9900"
"20222","11710650","잠실본동","28558","13478","15080","3080","5101","6179","4452","4131","5615","1544","2252","3021","2143","1953","2565","1536","2849","3158","2309","2178","3050","15419","0","15419"
"20222","11710670","잠실2동","36151","17260","18891","10069","3308","4094","8723","4853","5104","5081","1556","1644","4059","2641","2279","4988","1752","2450","4664","2212","2825","11899","0","11899"
"20222","11710680","잠실3동","35314","16819","18495","7348","3923","4489","6295","5306","7953","3776","1876","1922","2920","2599","3726","3572","2047","2567","3375","2707","4227","12130","0","12130"
"20222","11710690","잠실4동","21711","10433","11278","5208","2036","3121","4381","2899","4066","2682","1004","1302","2126","1436","1883","2526","1032","1819","2255","1463","2183","7418","0","7418"
"20222","11710710","잠실6동","17212","8128","9084","3242","2014","2372","2779","2661","4144","1632","956","1051","1293","1232","1964","1610","1058","1321","1486","1429","2180","5983","0","5983"
"20222","11710720","잠실7동","9882","4607","5275","1631","1286","1024","1402","1672","2867","733","615","466","621","813","1359","898","671","558","781","859","1508","3465","0","3465"
"20222","11740515","강일동","35390","17082","18308","7624","4276","4332","5989","5365","7804","3929","2126","2040","2881","2636","3470","3695","2150","2292","3108","2729","4334","12960","0","12960"
"20222","11740520","상일동","33197","16367","16830","7513","3597","5313","5919","4811","6044","3853","1862","2450","2986","2287","2929","3660","1735","2863","2933","2524","3115","11601","0","11601"
"20222","11740530","명일1동","26280","12827","13453","4659","3266","4153","4261","4065","5876","2431","1635","2082","2044","1941","2694","2228","1631","2071","2217","2124","3182","10105","0","10105"
"20222","11740540","명일2동","17494","8654","8840","3702","2192","1882","3116","2750","3852","1985","1129","937","1397","1358","1848","1717","1063","945","1719","1392","2004","6115","0","6115"
"20222","11740550","고덕1동","25955","13187","12768","6578","2474","3548","5474","3467","4414","3612","1324","1661","2745","1769","2076","2966","1150","1887","2729","1698","2338","8800","0","8800"
"20222","11740560","고덕2동","22444","11355","11089","4516","2448","3993","3796","3301","4390","2357","1289","1957","1975","1660","2117","2159","1159","2036","1821","1641","2273","8705","0","8705"
"20222","11740570","암사1동","35440","17548","17892","4836","4853","5290","5602","6013","8846","2458","2531","2738","2867","2944","4010","2378","2322","2552","2735","3069","4836","16172","0","16172"
"20222","11740580","암사2동","15439","7481","7958","2450","2002","2920","2411","2241","3415","1230","967","1444","1210","1072","1558","1220","1035","1476","1201","1169","1857","6352","0","6352"
"20222","11740590","암사3동","18359","8985","9374","3974","1970","2617","3282","2693","3823","2051","976","1202","1630","1298","1828","1923","994","1415","1652","1395","1995","6369","0","6369"
"20222","11740600","천호1동","27485","13505","13980","3234","3850","4108","4108","4623","7562","1642","1932","2155","2155","2190","3431","1592","1918","1953","1953","2433","4131","12913","0","12913"
"20222","11740610","천호2동","34494","17015","17479","3607","4975","6295","5026","5716","8875","1868","2349","3246","2600","2851","4101","1739","2626","3049","2426","2865","4774","17730","0","17730"
"20222","11740620","천호3동","26573","12981","13592","2625","4225","4803","3788","4258","6874","1357","1864","2403","1968","2204","3185","1268","2361","2400","1820","2054","3689","13901","0","13901"
"20222","11740640","성내1동","20230","9815","10415","3333","2716","3393","3322","3043","4423","1742","1345","1649","1613","1440","2026","1591","1371","1744","1709","1603","2397","8258","0","8258"
"20222","11740650","성내2동","24318","11935","12383","2332","3995","4327","3504","3832","6328","1187","1811","2265","1813","1900","2959","1145","2184","2062","1691","1932","3369","12909","0","12909"
"20222","11740660","성내3동","23440","11544","11896","3073","3628","3584","3615","3975","5565","1725","1882","1823","1766","1892","2456","1348","1746","1761","1849","2083","3109","10606","0","10606"
"20222","11740685","길동","46576","22715","23861","5584","7189","7606","6859","7605","11733","2907","3400","3893","3508","3615","5392","2677","3789","3713","3351","3990","6341","21589","0","21589"
"20222","11740690","둔촌1동","24","17","7","4","3","4","0","3","10","4","3","2","0","1","7","0","0","2","0","2","3","14","0","14"
"20222","11740700","둔촌2동","26347","12961","13386","4011","3746","3861","3901","4390","6438","2095","1883","1967","1950","2073","2993","1916","1863","1894","1951","2317","3445","11040","0","11040"
"20224","11110515","청운효자동","13009","6104","6905","1650","1622","1661","2151","2248","3677","867","844","784","955","1046","1608","783","778","877","1196","1202","2069","5352","0","5352"
"20224","11110530","사직동","8486","3874","4612","1113","786","1169","1409","1384","2625","577","361","520","604","627","1185","536","425","649","805","757","1440","4758","0","4758"
"20224","11110540","삼청동","2597","1223","1374","229","258","281","394","386","1049","120","130","130","193","185","465","109","128","151","201","201","584","1340","0","1340"
"20224","11110550","부암동","9744","4724","5020","1001","1267","1225","1322","1772","3157","543","680","643","592","825","1441","458","587","582","730","947","1716","4389","0","4389"
"20224","11110560","평창동","17852","8516","9336","2118","2297","2227","2341","3213","5656","1118","1187","1155","1039","1418","2599","1000","1110","1072","1302","1795","3057","7519","0","7519"
"20224","11110570","무악동","8491","4000","4491","1252","1071","886","1269","1557","2456","608","488","419","585","783","1117","644","583","467","684","774","1339","3189","0","3189"
"20224","11110580","교남동","4425","2085","2340","413","467","580","677","750","1538","204","241","270","338","382","650","209","226","310","339","368","888","4594","0","4594"
"20224","11110600","가회동","4350","2016","2334","404","470","553","693","753","1477","203","224","266","322","364","637","201","246","287","371","389","840","2075","0","2075"
"20224","11110615","종로1?2?3?4가동","7051","4082","2969","384","574","927","825","1133","3208","212","185","548","492","770","1875","172","389","379","333","363","1333","5274","0","5274"
"20224","11110630","종로5?6가동","5316","2910","2406","266","675","790","594","959","2032","124","412","444","352","525","1053","142","263","346","242","434","979","3392","0","3392"
"20224","11110640","이화동","8190","3843","4347","648","843","1854","1215","1242","2388","299","384","876","616","604","1064","349","459","978","599","638","1324","4433","0","4433"
"20224","11110650","혜화동","16276","8000","8276","1506","2420","3581","2208","2318","4243","757","1126","2051","1062","1139","1865","749","1294","1530","1146","1179","2378","9367","0","9367"
"20224","11110670","창신1동","5666","3042","2624","369","535","716","683","1074","2289","187","285","414","351","592","1213","182","250","302","332","482","1076","2960","0","2960"
"20224","11110680","창신2동","9581","4892","4689","685","1147","1280","1208","1936","3325","367","590","699","679","1015","1542","318","557","581","529","921","1783","4184","0","4184"
"20224","11110690","창신3동","6905","3445","3460","828","790","1029","971","1162","2125","432","435","526","477","571","1004","396","355","503","494","591","1121","2911","0","2911"
"20224","11110700","숭인1동","5812","2906","2906","619","603","775","913","1027","1875","321","312","400","477","532","864","298","291","375","436","495","1011","3038","0","3038"
"20224","11110710","숭인2동","9149","4605","4544","589","885","1863","1298","1526","2988","310","397","903","688","831","1476","279","488","960","610","695","1512","6160","0","6160"
"20224","11140520","소공동","1350","694","656","202","72","220","316","197","343","110","25","114","169","89","187","92","47","106","147","108","156","1130","0","1130"
"20224","11140540","회현동","4305","2452","1853","207","250","393","504","683","2268","101","115","206","301","434","1295","106","135","187","203","249","973","3014","0","3014"
"20224","11140550","명동","2450","1251","1199","213","167","336","373","402","959","108","78","178","185","219","483","105","89","158","188","183","476","1414","0","1414"
"20224","11140570","필동","3851","1963","1888","290","325","680","543","572","1441","145","161","379","291","311","676","145","164","301","252","261","765","2408","0","2408"
"20224","11140580","장충동","4951","2525","2426","397","677","1143","704","666","1364","215","303","674","375","328","630","182","374","469","329","338","734","2753","0","2753"
"20224","11140590","광희동","4896","2555","2341","318","334","794","651","728","2071","148","164","407","354","416","1066","170","170","387","297","312","1005","3279","0","3279"
"20224","11140605","을지로동","1457","902","555","51","75","149","135","252","795","22","38","84","83","173","502","29","37","65","52","79","293","1504","0","1504"
"20224","11140615","신당동","7105","3650","3455","540","754","1229","1015","1309","2258","267","389","665","552","688","1089","273","365","564","463","621","1169","4635","0","4635"
"20224","11140625","다산동","15434","7528","7906","1383","1704","2630","2409","2540","4768","712","870","1357","1227","1239","2123","671","834","1273","1182","1301","2645","6915","0","6915"
"20224","11140635","약수동","18461","8880","9581","2212","1575","2518","3058","2790","6308","1100","828","1233","1539","1386","2794","1112","747","1285","1519","1404","3514","7802","0","7802"
"20224","11140645","청구동","15318","7367","7951","1734","1546","2347","2395","2405","4891","893","793","1132","1195","1181","2173","841","753","1215","1200","1224","2718","6400","0","6400"
"20224","11140650","신당5동","9927","4942","4985","1104","994","1371","1634","1774","3050","552","525","699","855","943","1368","552","469","672","779","831","1682","5386","0","5386"
"20224","11140665","동화동","11648","5670","5978","1522","1304","1598","1818","1976","3430","769","677","788","883","953","1600","753","627","810","935","1023","1830","4170","0","4170"
"20224","11140670","황학동","11965","5958","6007","1385","963","2246","2181","1768","3422","698","476","1066","1137","925","1656","687","487","1180","1044","843","1766","6918","0","6918"
"20224","11140680","중림동","8328","4194","4134","918","764","1160","1372","1305","2809","475","373","558","722","716","1350","443","391","602","650","589","1459","5647","0","5647"
"20224","11170510","후암동","18208","8969","9239","2015","1972","2636","2985","3073","5527","1040","1052","1383","1512","1529","2453","975","920","1253","1473","1544","3074","8724","0","8724"
"20224","11170520","용산2가동","10876","5217","5659","893","1039","1745","1729","1648","3822","458","539","883","886","784","1667","435","500","862","843","864","2155","5384","0","5384"
"20224","11170530","남영동","6632","4176","2456","322","446","947","936","1284","2697","173","237","521","597","909","1739","149","209","426","339","375","958","5384","0","5384"
"20224","11170555","청파동","20375","9946","10429","1731","2582","3918","3102","3294","5748","910","1180","1902","1602","1683","2669","821","1402","2016","1500","1611","3079","11102","0","11102"
"20224","11170560","원효로1동","12933","6357","6576","1938","1068","2279","2568","1818","3262","1013","525","1076","1313","917","1513","925","543","1203","1255","901","1749","8035","0","8035"
"20224","11170570","원효로2동","14528","6847","7681","2051","1649","1837","2358","2456","4177","931","769","875","1160","1214","1898","1120","880","962","1198","1242","2279","6038","0","6038"
"20224","11170580","효창동","9063","4417","4646","1115","1085","1323","1473","1510","2557","592","587","651","730","712","1145","523","498","672","743","798","1412","4373","0","4373"
"20224","11170590","용문동","12606","6091","6515","1722","1299","1706","2177","2048","3654","882","671","819","1076","1027","1616","840","628","887","1101","1021","2038","5438","0","5438"
"20224","11170625","한강로동","12463","6247","6216","1395","935","2030","2008","1870","4225","741","498","1023","1009","977","1999","654","437","1007","999","893","2226","10405","0","10405"
"20224","11170630","이촌1동","28057","13052","15005","5075","2937","2903","4654","4970","7518","2558","1454","1305","2014","2404","3317","2517","1483","1598","2640","2566","4201","10344","0","10344"
"20224","11170640","이촌2동","9521","4519","5002","1174","837","1312","1495","1432","3271","610","425","654","759","695","1376","564","412","658","736","737","1895","3847","0","3847"
"20224","11170650","이태원1동","7126","3341","3785","560","555","1173","1068","1102","2668","285","287","601","530","523","1115","275","268","572","538","579","1553","3935","0","3935"
"20224","11170660","이태원2동","9481","4373","5108","930","742","1547","1581","1419","3262","440","375","776","760","667","1355","490","367","771","821","752","1907","5025","0","5025"
"20224","11170685","한남동","19536","9359","10177","1920","1460","3328","3596","3130","6102","1005","748","1632","1808","1500","2666","915","712","1696","1788","1630","3436","11412","0","11412"
"20224","11170690","서빙고동","13291","6439","6852","1679","1939","1402","1894","2766","3611","855","993","707","857","1382","1645","824","946","695","1037","1384","1966","5326","0","5326"
"20224","11170700","보광동","14985","7317","7668","1066","1497","2402","2364","2654","5002","596","815","1331","1196","1287","2092","470","682","1071","1168","1367","2910","7784","0","7784"
"20224","11200520","왕십리2동","16917","8349","8568","2121","1846","2582","2768","2785","4815","1093","941","1274","1385","1396","2260","1028","905","1308","1383","1389","2555","7629","0","7629"
"20224","11200535","왕십리도선동","19658","9555","10103","2678","2046","3178","3237","3096","5423","1364","1018","1521","1636","1479","2537","1314","1028","1657","1601","1617","2886","12023","0","12023"
"20224","11200540","마장동","22343","11095","11248","2462","2721","3815","3188","3593","6564","1263","1355","1924","1635","1782","3136","1199","1366","1891","1553","1811","3428","10912","0","10912"
"20224","11200550","사근동","10998","5707","5291","896","1758","3048","1337","1335","2624","443","858","1808","730","663","1205","453","900","1240","607","672","1419","7801","0","7801"
"20224","11200560","행당1동","11784","5756","6028","1398","1245","1890","1928","1848","3475","699","632","954","959","889","1623","699","613","936","969","959","1852","6455","0","6455"
"20224","11200570","행당2동","26603","12624","13979","4305","2910","3267","4864","4419","6838","2090","1379","1526","2335","2194","3100","2215","1531","1741","2529","2225","3738","9483","0","9483"
"20224","11200580","응봉동","16178","7777","8401","2485","1830","1822","2932","2775","4334","1296","891","892","1385","1351","1962","1189","939","930","1547","1424","2372","6128","0","6128"
"20224","11200590","금호1가동","13659","6614","7045","1665","1480","1721","2265","2297","4231","863","775","839","1143","1133","1861","802","705","882","1122","1164","2370","6713","0","6713"
"20224","11200615","금호2?3가동","24420","11838","12582","3394","2362","3538","4495","3775","6856","1753","1209","1695","2258","1879","3044","1641","1153","1843","2237","1896","3812","10318","0","10318"
"20224","11200620","금호4가동","14290","6889","7401","2194","1207","1947","2840","2176","3926","1128","622","917","1408","1088","1726","1066","585","1030","1432","1088","2200","6460","0","6460"
"20224","11200645","옥수동","23133","10990","12143","3782","1902","3462","4480","3298","6209","1913","951","1584","2193","1551","2798","1869","951","1878","2287","1747","3411","11091","0","11091"
"20224","11200650","성수1가1동","16029","8118","7911","1966","1860","2624","2576","2819","4184","1012","950","1354","1337","1425","2040","954","910","1270","1239","1394","2144","7671","0","7671"
"20224","11200660","성수1가2동","14754","7371","7383","1728","1466","2718","2652","2255","3935","872","753","1333","1368","1145","1900","856","713","1385","1284","1110","2035","6504","0","6504"
"20224","11200670","성수2가1동","18477","9577","8900","1853","1802","2902","2880","3225","5815","953","934","1543","1525","1710","2912","900","868","1359","1355","1515","2903","8455","0","8455"
"20224","11200690","성수2가3동","10873","5654","5219","1104","970","1910","1775","1636","3478","553","503","971","966","898","1763","551","467","939","809","738","1715","5700","0","5700"
"20224","11200720","송정동","11173","5944","5229","1053","1140","1765","1774","2006","3435","560","610","960","987","1105","1722","493","530","805","787","901","1713","5572","0","5572"
"20224","11200790","용답동","15032","8020","7012","1151","1595","2406","2327","2793","4760","598","803","1230","1375","1598","2416","553","792","1176","952","1195","2344","6872","0","6872"
"20224","11215710","화양동","20588","9881","10707","1020","2793","7469","2922","2219","4165","503","1119","3571","1567","1192","1929","517","1674","3898","1355","1027","2236","17039","0","17039"
"20224","11215730","군자동","19686","9799","9887","1819","2103","4378","3226","2831","5329","968","1035","2197","1686","1417","2496","851","1068","2181","1540","1414","2833","11155","0","11155"
"20224","11215740","중곡1동","15381","7635","7746","1457","1449","2971","2559","2452","4493","748","732","1460","1344","1224","2127","709","717","1511","1215","1228","2366","8508","0","8508"
"20224","11215750","중곡2동","22019","10734","11285","2425","2400","4114","3616","3541","5923","1229","1262","1979","1803","1697","2764","1196","1138","2135","1813","1844","3159","10545","0","10545"
"20224","11215760","중곡3동","17505","8683","8822","1756","1971","2854","2693","3080","5151","924","1001","1438","1425","1508","2387","832","970","1416","1268","1572","2764","8551","0","8551"
"20224","11215770","중곡4동","30966","15309","15657","3319","3868","4677","4730","5372","9000","1758","1991","2345","2467","2625","4123","1561","1877","2332","2263","2747","4877","13163","0","13163"
"20224","11215780","능동","11129","5278","5851","1112","941","2823","2137","1384","2732","584","469","1231","1106","666","1222","528","472","1592","1031","718","1510","6510","0","6510"
"20224","11215810","광장동","33732","16406","17326","6320","5294","3153","5481","7151","6333","3233","2695","1550","2302","3584","3042","3087","2599","1603","3179","3567","3291","12065","0","12065"
"20224","11215820","자양1동","21955","10732","11223","2070","2420","4128","3711","3540","6086","1088","1212","2004","1914","1724","2790","982","1208","2124","1797","1816","3296","11855","0","11855"
"20224","11215830","자양2동","25781","12705","13076","3262","2913","3872","4448","4108","7178","1679","1548","1894","2241","1973","3370","1583","1365","1978","2207","2135","3808","11214","0","11214"
"20224","11215840","자양3동","28608","13914","14694","4412","3346","4084","4620","4654","7492","2219","1737","1964","2193","2223","3578","2193","1609","2120","2427","2431","3914","11170","0","11170"
"20224","11215847","자양4동","19042","9519","9523","1506","1813","3243","2917","3187","6376","732","922","1643","1549","1658","3015","774","891","1600","1368","1529","3361","9474","0","9474"
"20224","11215850","구의1동","22151","10602","11549","1890","2386","4797","3917","3382","5779","968","1141","2265","1961","1659","2608","922","1245","2532","1956","1723","3171","12108","0","12108"
"20224","11215860","구의2동","24579","12042","12537","3043","2860","3561","4059","4068","6988","1592","1424","1794","2057","1965","3210","1451","1436","1767","2002","2103","3778","11685","0","11685"
"20224","11215870","구의3동","28444","13740","14704","3622","3641","4596","4446","4826","7313","1822","1861","2233","2150","2256","3418","1800","1780","2363","2296","2570","3895","12201","0","12201"
"20224","11230536","용신동","25063","12915","12148","2205","2280","4500","4017","3756","8305","1155","1205","2335","2138","2024","4058","1050","1075","2165","1879","1732","4247","18390","0","18390"
"20224","11230545","제기동","23990","12234","11756","2266","2361","4044","3366","3491","8462","1166","1216","2284","1793","1871","3904","1100","1145","1760","1573","1620","4558","13286","0","13286"
"20224","11230560","전농1동","28613","14345","14268","3230","3245","3923","4404","4626","9185","1642","1644","2036","2312","2391","4320","1588","1601","1887","2092","2235","4865","15185","0","15185"
"20224","11230570","전농2동","20201","9804","10397","2686","2399","2403","3092","3444","6177","1368","1207","1236","1448","1696","2849","1318","1192","1167","1644","1748","3328","7805","0","7805"
"20224","11230600","답십리1동","23777","11657","12120","3389","2404","3527","4216","3690","6551","1695","1232","1692","2164","1865","3009","1694","1172","1835","2052","1825","3542","12898","0","12898"
"20224","11230610","답십리2동","29117","14305","14812","3440","3148","3823","4553","4911","9242","1692","1623","1962","2308","2479","4241","1748","1525","1861","2245","2432","5001","12848","0","12848"
"20224","11230650","장안1동","36646","18353","18293","4657","3484","5627","6449","5590","10839","2384","1777","2830","3330","2847","5185","2273","1707","2797","3119","2743","5654","18258","0","18258"
"20224","11230660","장안2동","29924","15093","14831","4640","3083","3655","5514","4813","8219","2426","1668","1858","2780","2512","3849","2214","1415","1797","2734","2301","4370","14016","0","14016"
"20224","11230705","청량리동","19581","9755","9826","1814","1839","2592","2589","2921","7826","920","941","1387","1357","1495","3655","894","898","1205","1232","1426","4171","10036","0","10036"
"20224","11230710","회기동","10009","4828","5181","924","1400","2490","1481","1244","2470","458","600","1326","737","629","1078","466","800","1164","744","615","1392","6296","0","6296"
"20224","11230720","휘경1동","12887","6407","6480","973","1597","2619","1873","1939","3886","504","751","1338","1015","1028","1771","469","846","1281","858","911","2115","7186","0","7186"
"20224","11230730","휘경2동","23906","11788","12118","2807","3382","4055","3533","3700","6429","1440","1548","2249","1775","1815","2961","1367","1834","1806","1758","1885","3468","11851","0","11851"
"20224","11230740","이문1동","18250","9095","9155","1619","2576","3826","2437","2697","5095","848","1197","2165","1243","1339","2303","771","1379","1661","1194","1358","2792","10572","0","10572"
"20224","11230750","이문2동","21209","10388","10821","2844","2490","2749","3259","3588","6279","1441","1241","1392","1634","1798","2882","1403","1249","1357","1625","1790","3397","8712","0","8712"
"20224","11260520","면목2동","26072","13121","12951","2731","2813","3655","4071","4848","7954","1382","1459","1867","2186","2498","3729","1349","1354","1788","1885","2350","4225","12298","0","12298"
"20224","11260540","면목4동","20660","10452","10208","2286","2141","2878","3493","3359","6503","1220","1129","1487","1887","1732","2997","1066","1012","1391","1606","1627","3506","8959","0","8959"
"20224","11260550","면목5동","9670","4934","4736","1070","1044","1436","1407","1739","2974","538","530","759","724","921","1462","532","514","677","683","818","1512","6602","0","6602"
"20224","11260565","면목본동","34196","17176","17020","3236","3752","5530","5402","5922","10354","1623","1953","2849","2900","2989","4862","1613","1799","2681","2502","2933","5492","17765","0","17765"
"20224","11260570","면목7동","22266","11109","11157","2282","2236","3376","3406","3605","7361","1175","1174","1710","1788","1788","3474","1107","1062","1666","1618","1817","3887","10708","0","10708"
"20224","11260575","면목3?8동","24806","12457","12349","2326","2716","3720","3684","4331","8029","1195","1402","1910","2000","2216","3734","1131","1314","1810","1684","2115","4295","12759","0","12759"
"20224","11260580","상봉1동","25886","12691","13195","3534","3345","3605","3787","4419","7196","1810","1754","1808","1849","2134","3336","1724","1591","1797","1938","2285","3860","10297","0","10297"
"20224","11260590","상봉2동","17233","8600","8633","1520","1615","3519","2776","2688","5115","780","828","1688","1478","1360","2466","740","787","1831","1298","1328","2649","11702","0","11702"
"20224","11260600","중화1동","20211","10001","10210","2457","2150","3204","3196","3007","6197","1232","1132","1602","1691","1439","2905","1225","1018","1602","1505","1568","3292","9121","0","9121"
"20224","11260610","중화2동","26132","13508","12624","2069","2584","3831","3728","4729","9191","1095","1342","1977","2062","2518","4514","974","1242","1854","1666","2211","4677","13880","0","13880"
"20224","11260620","묵1동","34443","16890","17553","4401","3952","4968","5576","5564","9982","2230","2026","2446","2807","2715","4666","2171","1926","2522","2769","2849","5316","14972","0","14972"
"20224","11260630","묵2동","18734","9263","9471","2094","1899","2985","3167","2866","5723","1112","950","1458","1657","1452","2634","982","949","1527","1510","1414","3089","9338","0","9338"
"20224","11260655","망우본동","31010","15654","15356","3103","3483","4551","4513","5212","10148","1569","1822","2309","2461","2582","4911","1534","1661","2242","2052","2630","5237","15073","0","15073"
"20224","11260660","망우3동","17398","8668","8730","1738","2131","2406","2443","3186","5494","870","1058","1218","1266","1632","2624","868","1073","1188","1177","1554","2870","8431","0","8431"
"20224","11260680","신내1동","40914","20056","20858","6648","4755","5111","6509","6210","11681","3373","2477","2551","3242","2962","5451","3275","2278","2560","3267","3248","6230","14806","0","14806"
"20224","11260690","신내2동","23997","11640","12357","3218","2732","3114","3835","3977","7121","1630","1444","1546","1918","1889","3213","1588","1288","1568","1917","2088","3908","9076","0","9076"
"20224","11290525","성북동","16414","7796","8618","1579","1848","2708","2549","2769","4961","797","935","1242","1239","1354","2229","782","913","1466","1310","1415","2732","8225","0","8225"
"20224","11290555","삼선동","23746","11430","12316","2589","2860","4002","3808","3927","6560","1354","1390","1926","1883","1945","2932","1235","1470","2076","1925","1982","3628","11689","0","11689"
"20224","11290575","동선동","15848","6935","8913","1341","2137","3951","2371","2138","3910","681","763","1593","1133","1055","1710","660","1374","2358","1238","1083","2200","9347","0","9347"
"20224","11290580","돈암1동","15258","7224","8034","1888","1849","2056","2245","2634","4586","921","866","1014","1106","1264","2053","967","983","1042","1139","1370","2533","6236","0","6236"
"20224","11290590","돈암2동","23961","11574","12387","4048","2979","2755","3902","4333","5944","2071","1500","1339","1806","2116","2742","1977","1479","1416","2096","2217","3202","8735","0","8735"
"20224","11290600","안암동","5435","2811","2624","330","892","1483","672","719","1339","176","429","845","380","361","620","154","463","638","292","358","719","9202","0","9202"
"20224","11290610","보문동","12473","6081","6392","1213","1405","2252","1975","2071","3557","591","696","1156","1020","1003","1615","622","709","1096","955","1068","1942","7827","0","7827"
"20224","11290620","정릉1동","18977","9182","9795","2796","2165","2373","3198","3103","5342","1408","1089","1150","1555","1543","2437","1388","1076","1223","1643","1560","2905","7502","0","7502"
"20224","11290630","정릉2동","23438","11571","11867","3071","2676","2870","3742","3830","7249","1624","1418","1474","1913","1850","3292","1447","1258","1396","1829","1980","3957","9882","0","9882"
"20224","11290640","정릉3동","14792","7539","7253","1392","1922","2397","1957","2172","4952","714","941","1392","1077","1134","2281","678","981","1005","880","1038","2671","8011","0","8011"
"20224","11290650","정릉4동","27377","13341","14036","3860","2957","3266","4707","4438","8149","2020","1513","1585","2342","2190","3691","1840","1444","1681","2365","2248","4458","10979","0","10979"
"20224","11290660","길음1동","38001","18312","19689","7850","4026","3908","7782","6374","8061","4019","1976","1818","3614","3309","3576","3831","2050","2090","4168","3065","4485","12775","0","12775"
"20224","11290685","길음2동","11218","5450","5768","1546","1263","1443","1825","1820","3321","822","621","713","867","906","1521","724","642","730","958","914","1800","7118","0","7118"
"20224","11290705","종암동","38996","19364","19632","5488","4454","5569","6271","6351","10863","2860","2340","2961","3093","3197","4913","2628","2114","2608","3178","3154","5950","17435","0","17435"
"20224","11290715","월곡1동","27636","13410","14226","4482","2793","3066","4939","4478","7878","2261","1372","1473","2418","2328","3558","2221","1421","1593","2521","2150","4320","10916","0","10916"
"20224","11290725","월곡2동","20500","10126","10374","2445","2460","3008","3096","3271","6220","1287","1130","1512","1583","1677","2937","1158","1330","1496","1513","1594","3283","9615","0","9615"
"20224","11290760","장위1동","20012","9937","10075","1962","2514","2675","2679","3652","6530","981","1290","1447","1432","1779","3008","981","1224","1228","1247","1873","3522","9162","0","9162"
"20224","11290770","장위2동","14714","7306","7408","1404","1671","1801","2020","2617","5201","706","851","942","1072","1335","2400","698","820","859","948","1282","2801","6593","0","6593"
"20224","11290780","장위3동","10387","5220","5167","1296","1210","1144","1556","1821","3360","619","633","618","780","925","1645","677","577","526","776","896","1715","7094","0","7094"
"20224","11290810","석관동","33174","16605","16569","3595","3475","4707","5103","5353","10941","1909","1782","2439","2652","2662","5161","1686","1693","2268","2451","2691","5780","16697","0","16697"
"20224","11305534","삼양동","26436","13157","13279","3148","3040","3261","4035","4517","8435","1638","1597","1697","2053","2303","3869","1510","1443","1564","1982","2214","4566","11377","0","11377"
"20224","11305535","미아동","22868","11145","11723","1933","2521","3584","3363","3789","7678","1015","1224","1797","1749","1857","3503","918","1297","1787","1614","1932","4175","11775","0","11775"
"20224","11305545","송중동","27542","13534","14008","2493","2865","3972","4095","4467","9650","1248","1472","2018","2155","2231","4410","1245","1393","1954","1940","2236","5240","14073","0","14073"
"20224","11305555","송천동","28896","14419","14477","2573","3034","3889","4131","4974","10295","1292","1579","2046","2195","2534","4773","1281","1455","1843","1936","2440","5522","13795","0","13795"
"20224","11305575","삼각산동","34820","16934","17886","6502","4223","3366","6521","6212","7996","3342","2166","1623","3059","3190","3554","3160","2057","1743","3462","3022","4442","11742","0","11742"
"20224","11305595","번1동","19824","9799","10025","1760","2113","3156","3264","3217","6314","899","1067","1518","1704","1706","2905","861","1046","1638","1560","1511","3409","10476","0","10476"
"20224","11305603","번2동","18104","8873","9231","1653","2107","2237","2680","2937","6490","885","1082","1201","1424","1447","2834","768","1025","1036","1256","1490","3656","7659","0","7659"
"20224","11305608","번3동","20018","9619","10399","2252","2218","2115","3185","2975","7273","1117","1146","1078","1672","1510","3096","1135","1072","1037","1513","1465","4177","7579","0","7579"
"20224","11305615","수유1동","21607","10731","10876","2108","2388","3053","3176","3458","7424","1059","1240","1560","1732","1726","3414","1049","1148","1493","1444","1732","4010","10452","0","10452"
"20224","11305625","수유2동","21671","10645","11026","2250","2363","2768","3154","3533","7603","1181","1238","1447","1640","1732","3407","1069","1125","1321","1514","1801","4196","9731","0","9731"
"20224","11305635","수유3동","23645","11828","11817","1845","2403","4077","3561","3875","7884","959","1241","2116","1938","1919","3655","886","1162","1961","1623","1956","4229","12998","0","12998"
"20224","11305645","우이동","20289","9917","10372","2233","2224","2519","2821","3343","7149","1175","1141","1283","1478","1597","3243","1058","1083","1236","1343","1746","3906","9647","0","9647"
"20224","11305660","인수동","31270","15275","15995","3143","3363","4091","4467","5030","11176","1592","1736","2052","2375","2476","5044","1551","1627","2039","2092","2554","6132","14563","0","14563"
"20224","11320511","창1동","27262","13230","14032","3617","3206","3531","4409","4694","7805","1860","1652","1782","2175","2247","3514","1757","1554","1749","2234","2447","4291","10877","0","10877"
"20224","11320512","창2동","30878","15185","15693","3843","3633","4318","4966","5113","9005","1965","1862","2162","2495","2507","4194","1878","1771","2156","2471","2606","4811","12458","0","12458"
"20224","11320513","창3동","15312","7693","7619","1669","1834","1857","2287","2697","4968","878","972","971","1196","1384","2292","791","862","886","1091","1313","2676","6654","0","6654"
"20224","11320514","창4동","30025","14596","15429","4109","4023","3748","4464","5511","8170","2152","2064","1872","2108","2598","3802","1957","1959","1876","2356","2913","4368","10753","0","10753"
"20224","11320515","창5동","26631","12984","13647","3271","3232","3858","3912","4352","8006","1702","1629","1938","1925","2062","3728","1569","1603","1920","1987","2290","4278","10266","0","10266"
"20224","11320521","도봉1동","22048","11169","10879","1818","2320","2697","2993","3551","8669","904","1233","1422","1656","1809","4145","914","1087","1275","1337","1742","4524","10426","0","10426"
"20224","11320522","도봉2동","28223","13937","14286","3390","2634","3489","4214","4086","10410","1726","1394","1775","2173","2039","4830","1664","1240","1714","2041","2047","5580","12123","0","12123"
"20224","11320660","쌍문1동","21760","10668","11092","2427","2677","2694","3142","3625","7195","1213","1350","1389","1584","1800","3332","1214","1327","1305","1558","1825","3863","9441","0","9441"
"20224","11320670","쌍문2동","20146","9775","10371","2204","2424","2861","2911","3259","6487","1176","1244","1442","1500","1510","2903","1028","1180","1419","1411","1749","3584","8673","0","8673"
"20224","11320680","쌍문3동","17430","8515","8915","1800","1828","2656","2751","2735","5660","931","905","1345","1417","1329","2588","869","923","1311","1334","1406","3072","7896","0","7896"
"20224","11320681","쌍문4동","19452","9326","10126","2432","2700","2553","2599","3529","5639","1229","1398","1280","1226","1594","2599","1203","1302","1273","1373","1935","3040","7196","0","7196"
"20224","11320690","방학1동","30854","15417","15437","3224","3696","4158","4289","5280","10207","1663","1955","2183","2178","2572","4866","1561","1741","1975","2111","2708","5341","12737","0","12737"
"20224","11320700","방학2동","21677","10994","10683","2110","2751","2631","3002","3910","7273","1106","1472","1462","1560","2031","3363","1004","1279","1169","1442","1879","3910","9509","0","9509"
"20224","11320710","방학3동","29657","14581","15076","4025","3818","3768","3973","5190","8883","2139","2076","1997","1817","2460","4092","1886","1742","1771","2156","2730","4791","10068","0","10068"
"20224","11350560","월계1동","22187","11501","10686","2539","2913","3278","3481","3279","6697","1335","1638","1885","1788","1680","3175","1204","1275","1393","1693","1599","3522","10472","0","10472"
"20224","11350570","월계2동","27157","13216","13941","3177","3122","3156","4213","4316","9173","1641","1628","1641","2160","2150","3996","1536","1494","1515","2053","2166","5177","12063","0","12063"
"20224","11350580","월계3동","33913","16450","17463","5036","3197","4541","6012","4908","10219","2626","1606","2221","3107","2411","4479","2410","1591","2320","2905","2497","5740","13009","0","13009"
"20224","11350595","공릉1동","37367","18304","19063","4148","4580","6357","5940","5545","10797","2105","2294","3206","3136","2689","4874","2043","2286","3151","2804","2856","5923","18300","0","18300"
"20224","11350600","공릉2동","41090","20272","20818","6353","5977","5335","6608","7025","9792","3320","3039","2713","3149","3479","4572","3033","2938","2622","3459","3546","5220","16502","0","16502"
"20224","11350611","하계1동","28983","13931","15052","2847","4968","3638","3407","5803","8320","1505","2772","1885","1579","2673","3517","1342","2196","1753","1828","3130","4803","11662","0","11662"
"20224","11350612","하계2동","25187","12199","12988","3486","4080","2831","3578","4960","6252","1760","2161","1422","1638","2389","2829","1726","1919","1409","1940","2571","3423","8303","0","8303"
"20224","11350619","중계본동","26352","12942","13410","3558","5239","2411","3145","6230","5769","1842","2723","1217","1296","3019","2845","1716","2516","1194","1849","3211","2924","8624","0","8624"
"20224","11350621","중계1동","29087","14266","14821","4415","6089","2226","3616","7437","5304","2328","3239","1127","1411","3640","2521","2087","2850","1099","2205","3797","2783","9073","0","9073"
"20224","11350624","중계4동","21511","10572","10939","2500","3261","2309","2993","4116","6332","1282","1784","1215","1483","2019","2789","1218","1477","1094","1510","2097","3543","8476","0","8476"
"20224","11350625","중계2?3동","39546","18598","20948","4960","5095","4465","6352","6653","12021","2503","2573","2151","3185","3236","4950","2457","2522","2314","3167","3417","7071","15408","0","15408"
"20224","11350630","상계1동","41426","20305","21121","5034","5397","5434","5915","7150","12496","2566","2815","2742","2889","3376","5917","2468","2582","2692","3026","3774","6579","15655","0","15655"
"20224","11350640","상계2동","21559","10678","10881","2127","3175","3037","2911","3967","6342","1095","1638","1513","1456","1933","3043","1032","1537","1524","1455","2034","3299","8798","0","8798"
"20224","11350665","상계3?4동","27744","13900","13844","2709","3226","3167","3815","4781","10046","1431","1707","1728","2001","2427","4606","1278","1519","1439","1814","2354","5440","12221","0","12221"
"20224","11350670","상계5동","27306","13262","14044","2786","3621","3429","3830","4865","8775","1423","1875","1758","1919","2321","3966","1363","1746","1671","1911","2544","4809","11023","0","11023"
"20224","11350695","상계6?7동","36633","17204","19429","5656","4492","4867","6353","6329","8936","2927","2243","2224","3002","2966","3842","2729","2249","2643","3351","3363","5094","13946","0","13946"
"20224","11350700","상계8동","26740","12933","13807","5513","2878","3711","5618","3861","5159","2805","1459","1721","2843","1900","2205","2708","1419","1990","2775","1961","2954","9169","0","9169"
"20224","11350710","상계9동","23749","11462","12287","3382","3222","2912","3781","4282","6170","1716","1716","1470","1815","2010","2735","1666","1506","1442","1966","2272","3435","8424","0","8424"
"20224","11350720","상계10동","17781","8304","9477","2305","2357","2702","2817","3063","4537","1154","1184","1289","1353","1372","1952","1151","1173","1413","1464","1691","2585","7083","0","7083"
"20224","11380510","녹번동","31623","15331","16292","3678","3162","4485","5312","4992","9994","1884","1621","2222","2710","2464","4430","1794","1541","2263","2602","2528","5564","17479","0","17479"
"20224","11380520","불광1동","42306","20267","22039","5382","4366","5798","7094","6778","12888","2794","2171","2804","3533","3253","5712","2588","2195","2994","3561","3525","7176","17969","0","17969"
"20224","11380530","불광2동","28518","13988","14530","2560","3172","4121","4223","4748","9694","1305","1684","2125","2221","2273","4380","1255","1488","1996","2002","2475","5314","13956","0","13956"
"20224","11380551","갈현1동","24611","12052","12559","2292","3101","3666","3565","4136","7851","1223","1625","1865","1832","1961","3546","1069","1476","1801","1733","2175","4305","11152","0","11152"
"20224","11380552","갈현2동","28906","13918","14988","3305","3904","4085","4659","4908","8045","1750","1932","1942","2403","2341","3550","1555","1972","2143","2256","2567","4495","12643","0","12643"
"20224","11380560","구산동","31839","15538","16301","3849","3954","4135","4934","5329","9638","1942","1952","2040","2500","2529","4575","1907","2002","2095","2434","2800","5063","13401","0","13401"
"20224","11380570","대조동","30107","14301","15806","2977","3148","5110","5026","4726","9120","1475","1483","2414","2562","2278","4089","1502","1665","2696","2464","2448","5031","14312","0","14312"
"20224","11380580","응암1동","25166","12072","13094","3278","2619","3603","4603","4015","7048","1699","1317","1680","2255","1992","3129","1579","1302","1923","2348","2023","3919","14058","0","14058"
"20224","11380590","응암2동","17038","8318","8720","2981","1761","1907","3498","2632","4259","1547","936","911","1739","1293","1892","1434","825","996","1759","1339","2367","11005","0","11005"
"20224","11380600","응암3동","26254","12910","13344","2464","2854","3674","3863","4363","9036","1261","1554","1904","1988","2195","4008","1203","1300","1770","1875","2168","5028","12765","0","12765"
"20224","11380625","역촌동","48771","23402","25369","5902","5653","6743","8522","7962","13989","2972","2820","3208","4308","3862","6232","2930","2833","3535","4214","4100","7757","20857","0","20857"
"20224","11380631","신사1동","27669","13490","14179","3156","3143","4051","4591","4453","8275","1587","1715","1982","2333","2116","3757","1569","1428","2069","2258","2337","4518","11838","0","11838"
"20224","11380632","신사2동","21138","10605","10533","2514","2602","2786","3284","3570","6382","1315","1423","1464","1686","1754","2963","1199","1179","1322","1598","1816","3419","9044","0","9044"
"20224","11380640","증산동","15115","7497","7618","1579","1677","2052","2304","2451","5052","803","873","1060","1169","1221","2371","776","804","992","1135","1230","2681","6891","0","6891"
"20224","11380650","수색동","7827","3932","3895","877","836","1055","1124","1275","2660","483","431","547","608","651","1212","394","405","508","516","624","1448","4737","0","4737"
"20224","11380690","진관동","50293","24088","26205","9460","5815","5293","8934","8416","12375","4908","2853","2404","3982","4302","5639","4552","2962","2889","4952","4114","6736","21642","0","21642"
"20224","11410520","천연동","19842","9532","10310","3033","2060","2372","3235","3313","5829","1558","1023","1175","1571","1673","2532","1475","1037","1197","1664","1640","3297","8016","0","8016"
"20224","11410555","북아현동","9826","4812","5014","1004","1068","1525","1489","1665","3075","514","540","785","784","846","1343","490","528","740","705","819","1732","7469","0","7469"
"20224","11410565","충현동","17627","8593","9034","1572","2042","2756","2515","3009","5733","769","1074","1368","1276","1519","2587","803","968","1388","1239","1490","3146","10379","0","10379"
"20224","11410585","신촌동","17521","8062","9459","1229","2308","5614","2464","2053","3853","632","873","2618","1206","1016","1717","597","1435","2996","1258","1037","2136","13316","0","13316"
"20224","11410615","연희동","37904","18494","19410","3647","4374","7331","5594","5889","11069","1895","2169","3864","2708","2877","4981","1752","2205","3467","2886","3012","6088","18862","0","18862"
"20224","11410620","홍제1동","22602","10762","11840","2776","2531","2963","3572","3744","7016","1371","1283","1489","1756","1782","3081","1405","1248","1474","1816","1962","3935","10489","0","10489"
"20224","11410640","홍제3동","16314","7937","8377","1634","1940","2093","2233","2871","5543","830","976","1066","1173","1425","2467","804","964","1027","1060","1446","3076","7117","0","7117"
"20224","11410655","홍제2동","15218","7313","7905","1849","1665","2078","2158","2566","4902","946","868","1000","1057","1236","2206","903","797","1078","1101","1330","2696","5908","0","5908"
"20224","11410660","홍은1동","20855","10192","10663","2334","2487","2575","2882","3594","6983","1186","1254","1293","1475","1790","3194","1148","1233","1282","1407","1804","3789","9716","0","9716"
"20224","11410685","홍은2동","27823","13595","14228","3027","3440","3942","4030","4756","8628","1554","1749","2019","2026","2348","3899","1473","1691","1923","2004","2408","4729","12304","0","12304"
"20224","11410690","남가좌1동","15986","7764","8222","3613","1451","1914","3347","2318","3343","1820","732","865","1662","1140","1545","1793","719","1049","1685","1178","1798","5889","0","5889"
"20224","11410700","남가좌2동","22912","11218","11694","2675","2758","3108","3356","3901","7114","1372","1377","1643","1683","1947","3196","1303","1381","1465","1673","1954","3918","13308","0","13308"
"20224","11410710","북가좌1동","19466","9500","9966","2972","2129","2395","3338","3264","5368","1553","1088","1137","1631","1619","2472","1419","1041","1258","1707","1645","2896","6990","0","6990"
"20224","11410720","북가좌2동","34442","16874","17568","3869","4097","4698","5514","5653","10611","1973","2129","2393","2773","2762","4844","1896","1968","2305","2741","2891","5767","14785","0","14785"
"20224","11440555","아현동","21498","10283","11215","3593","1913","3580","4177","3151","5084","1763","938","1576","2144","1523","2339","1830","975","2004","2033","1628","2745","10610","0","10610"
"20224","11440565","공덕동","37133","17847","19286","4236","3991","6100","5899","6297","10610","2150","2001","2849","2996","3082","4769","2086","1990","3251","2903","3215","5841","18628","0","18628"
"20224","11440585","도화동","22198","10672","11526","2826","2195","3578","3624","3429","6546","1483","1108","1673","1789","1681","2938","1343","1087","1905","1835","1748","3608","9539","0","9539"
"20224","11440590","용강동","20469","9899","10570","3636","1857","2689","4072","3287","4928","1833","928","1278","1973","1677","2210","1803","929","1411","2099","1610","2718","9300","0","9300"
"20224","11440600","대흥동","11549","5625","5924","845","1412","2592","1756","1685","3259","449","613","1293","895","883","1492","396","799","1299","861","802","1767","8385","0","8385"
"20224","11440610","염리동","10246","4948","5298","1166","1185","1553","1624","1736","2982","593","580","779","802","870","1324","573","605","774","822","866","1658","5677","0","5677"
"20224","11440630","신수동","21438","10501","10937","3041","2322","3282","3756","3424","5613","1548","1206","1657","1848","1724","2518","1493","1116","1625","1908","1700","3095","10213","0","10213"
"20224","11440655","서강동","25284","12138","13146","3495","2763","4810","4670","3801","5745","1818","1303","2319","2232","1823","2643","1677","1460","2491","2438","1978","3102","11619","0","11619"
"20224","11440660","서교동","24372","11344","13028","1920","2278","6226","4724","3321","5903","1003","1009","2800","2285","1611","2636","917","1269","3426","2439","1710","3267","14891","0","14891"
"20224","11440680","합정동","18775","8925","9850","2120","1885","4100","3414","2504","4752","1109","899","1831","1748","1216","2122","1011","986","2269","1666","1288","2630","10285","0","10285"
"20224","11440690","망원1동","21608","10430","11178","2221","2223","3839","3893","3391","6041","1169","1114","1791","1949","1707","2700","1052","1109","2048","1944","1684","3341","10513","0","10513"
"20224","11440700","망원2동","19167","9232","9935","2519","2088","2843","3574","3054","5089","1272","1075","1314","1729","1549","2293","1247","1013","1529","1845","1505","2796","8571","0","8571"
"20224","11440710","연남동","17597","8305","9292","1567","1653","3875","3287","2455","4760","785","802","1810","1626","1193","2089","782","851","2065","1661","1262","2671","8854","0","8854"
"20224","11440720","성산1동","19859","9469","10390","2122","2145","3293","3713","3276","5310","1066","1134","1533","1780","1581","2375","1056","1011","1760","1933","1695","2935","9419","0","9419"
"20224","11440730","성산2동","36249","17469","18780","5629","4319","5165","6381","6338","8417","2893","2192","2438","3016","3176","3754","2736","2127","2727","3365","3162","4663","19041","0","19041"
"20224","11440740","상암동","33829","16457","17372","6425","3987","3947","6338","5772","7360","3332","1979","1874","2930","3008","3334","3093","2008","2073","3408","2764","4026","12766","0","12766"
"20224","11470510","목1동","27807","13405","14402","4690","4528","2851","4269","5937","5532","2378","2256","1290","1809","2981","2691","2312","2272","1561","2460","2956","2841","10556","0","10556"
"20224","11470520","목2동","31200","15334","15866","3648","3943","5637","4998","5049","7925","1872","2161","2731","2513","2375","3682","1776","1782","2906","2485","2674","4243","13239","0","13239"
"20224","11470530","목3동","21251","10374","10877","2407","2564","3581","3392","3369","5938","1252","1449","1733","1701","1556","2683","1155","1115","1848","1691","1813","3255","10117","0","10117"
"20224","11470540","목4동","26950","13376","13574","3238","4943","3208","3726","5772","6063","1653","2772","1636","1717","2752","2846","1585","2171","1572","2009","3020","3217","10128","0","10128"
"20224","11470550","목5동","44710","22223","22487","7428","7622","4515","6136","9883","9126","3987","4180","2255","2419","4916","4466","3441","3442","2260","3717","4967","4660","13578","0","13578"
"20224","11470560","신월1동","21328","10978","10350","2129","2294","2841","3356","3658","7050","1070","1193","1519","1852","1897","3447","1059","1101","1322","1504","1761","3603","10203","0","10203"
"20224","11470570","신월2동","22442","11147","11295","2979","2455","3074","3707","3436","6791","1508","1335","1572","1910","1663","3159","1471","1120","1502","1797","1773","3632","8607","0","8607"
"20224","11470580","신월3동","16840","8848","7992","1583","1919","2283","2450","3012","5593","839","991","1273","1348","1624","2773","744","928","1010","1102","1388","2820","8040","0","8040"
"20224","11470590","신월4동","18943","9302","9641","2976","2118","2293","3394","2839","5323","1500","1103","1137","1688","1386","2488","1476","1015","1156","1706","1453","2835","6961","0","6961"
"20224","11470600","신월5동","15293","7571","7722","1975","1875","2105","2476","2584","4278","1050","961","1044","1267","1253","1996","925","914","1061","1209","1331","2282","6487","0","6487"
"20224","11470610","신월6동","6659","3311","3348","843","882","833","1006","1097","1998","434","452","439","517","538","931","409","430","394","489","559","1067","5226","0","5226"
"20224","11470611","신월7동","23403","11588","11815","2672","2608","3191","3660","3735","7537","1344","1369","1687","1930","1860","3398","1328","1239","1504","1730","1875","4139","9234","0","9234"
"20224","11470620","신정1동","21578","10558","11020","3410","3489","2153","3018","4474","5034","1748","1804","1037","1306","2228","2435","1662","1685","1116","1712","2246","2599","7213","0","7213"
"20224","11470630","신정2동","21607","10722","10885","2806","3732","2345","2708","4652","5364","1469","1984","1169","1185","2312","2603","1337","1748","1176","1523","2340","2761","7141","0","7141"
"20224","11470640","신정3동","47275","23338","23937","7541","6408","5441","7735","8551","11599","3904","3346","2757","3758","4208","5365","3637","3062","2684","3977","4343","6234","17831","0","17831"
"20224","11470650","신정4동","34659","17028","17631","3728","3810","5536","5958","5366","10261","1901","1918","2735","3089","2554","4831","1827","1892","2801","2869","2812","5430","16066","0","16066"
"20224","11470670","신정6동","26460","12891","13569","4076","4568","2916","3616","5692","5592","2134","2374","1386","1536","2742","2719","1942","2194","1530","2080","2950","2873","8300","0","8300"
"20224","11470680","신정7동","31798","15590","16208","3805","4841","3704","4175","6209","9064","2028","2536","1865","1980","3031","4150","1777","2305","1839","2195","3178","4914","11604","0","11604"
"20224","11500510","염창동","40707","20025","20682","7548","5002","5284","7452","6860","8561","3844","2610","2476","3598","3410","4087","3704","2392","2808","3854","3450","4474","15820","0","15820"
"20224","11500520","등촌1동","21207","10029","11178","2527","2129","5026","3720","2970","4835","1332","1068","2050","1901","1428","2250","1195","1061","2976","1819","1542","2585","13153","0","13153"
"20224","11500530","등촌2동","21918","10945","10973","2601","2735","3635","3337","3515","6095","1376","1536","1807","1709","1613","2904","1225","1199","1828","1628","1902","3191","8766","0","8766"
"20224","11500535","등촌3동","34687","16662","18025","3605","4369","5248","4692","5433","11340","1874","2315","2651","2370","2491","4961","1731","2054","2597","2322","2942","6379","15067","0","15067"
"20224","11500540","화곡1동","51684","25545","26139","5313","4725","10247","9544","7194","14661","2659","2371","5090","5146","3512","6767","2654","2354","5157","4398","3682","7894","26338","0","26338"
"20224","11500550","화곡2동","19772","9715","10057","2662","2083","2981","3755","3063","5228","1360","1074","1490","1906","1494","2391","1302","1009","1491","1849","1569","2837","7957","0","7957"
"20224","11500560","화곡3동","23012","11189","11823","2535","2637","3656","3449","3491","7244","1313","1331","1788","1703","1626","3428","1222","1306","1868","1746","1865","3816","9239","0","9239"
"20224","11500570","화곡4동","22351","11009","11342","2520","2371","3389","3998","3435","6638","1283","1259","1750","2072","1661","2984","1237","1112","1639","1926","1774","3654","9638","0","9638"
"20224","11500590","화곡본동","36422","17852","18570","4796","3791","6201","7202","5302","9130","2484","1881","3077","3757","2660","3993","2312","1910","3124","3445","2642","5137","18579","0","18579"
"20224","11500591","화곡6동","24725","12166","12559","2919","2686","4111","4119","3759","7131","1488","1442","1955","2147","1815","3319","1431","1244","2156","1972","1944","3812","11873","0","11873"
"20224","11500593","화곡8동","26703","12972","13731","3234","2595","4164","5191","3813","7706","1628","1345","2043","2676","1831","3449","1606","1250","2121","2515","1982","4257","11583","0","11583"
"20224","11500603","가양1동","26585","12986","13599","3430","3000","5505","4597","3876","6177","1780","1470","2559","2369","1830","2978","1650","1530","2946","2228","2046","3199","20072","0","20072"
"20224","11500604","가양2동","16549","7941","8608","1103","1292","3004","2178","2034","6938","565","664","1509","1186","951","3066","538","628","1495","992","1083","3872","8052","0","8052"
"20224","11500605","가양3동","17796","8514","9282","1855","1524","3099","2927","2299","6092","934","811","1525","1601","1107","2536","921","713","1574","1326","1192","3556","7912","0","7912"
"20224","11500611","발산1동","39598","18904","20694","7295","5742","4050","7120","6871","8520","3667","2753","1953","3389","3335","3807","3628","2989","2097","3731","3536","4713","13523","0","13523"
"20224","11500615","우장산동","46018","22135","23883","7708","5727","5581","8243","7885","10874","3839","2779","2685","3810","3916","5106","3869","2948","2896","4433","3969","5768","16129","0","16129"
"20224","11500620","공항동","21949","11131","10818","2919","2011","3729","3870","3094","6326","1515","989","1896","2115","1613","3003","1404","1022","1833","1755","1481","3323","12784","0","12784"
"20224","11500630","방화1동","44245","21720","22525","7878","4495","5856","8138","6362","11516","3974","2302","2780","4063","3212","5389","3904","2193","3076","4075","3150","6127","17489","0","17489"
"20224","11500640","방화2동","23158","11434","11724","2391","2246","3695","3555","3411","7860","1244","1160","1839","1890","1762","3539","1147","1086","1856","1665","1649","4321","11644","0","11644"
"20224","11500641","방화3동","25941","12518","13423","3158","2278","3810","4348","3737","8610","1587","1185","1861","2242","1821","3822","1571","1093","1949","2106","1916","4788","11330","0","11330"
"20224","11530510","신도림동","37145","18228","18917","6689","3913","5106","7286","5347","8804","3407","2006","2384","3532","2661","4238","3282","1907","2722","3754","2686","4566","13483","0","13483"
"20224","11530520","구로1동","20644","10237","10407","3581","2254","3109","3981","3036","4683","1877","1165","1547","1976","1496","2176","1704","1089","1562","2005","1540","2507","8364","0","8364"
"20224","11530530","구로2동","27306","13796","13510","2367","2709","3588","3954","4938","9750","1223","1391","1848","2148","2615","4571","1144","1318","1740","1806","2323","5179","12794","0","12794"
"20224","11530540","구로3동","26146","13194","12952","3083","2004","6479","5459","3291","5830","1558","952","3226","3005","1762","2691","1525","1052","3253","2454","1529","3139","13227","0","13227"
"20224","11530550","구로4동","22308","11078","11230","2201","2049","3528","3867","3515","7148","1112","1078","1694","2105","1825","3264","1089","971","1834","1762","1690","3884","10711","0","10711"
"20224","11530560","구로5동","29629","14558","15071","3632","2870","5640","5087","4342","8058","1836","1409","2650","2626","2183","3854","1796","1461","2990","2461","2159","4204","14707","0","14707"
"20224","11530595","가리봉동","10098","5543","4555","628","795","1246","1314","2101","4014","327","408","690","781","1242","2095","301","387","556","533","859","1919","6040","0","6040"
"20224","11530720","고척1동","24431","12260","12171","2991","2920","3304","3725","3930","7561","1546","1542","1755","1905","1950","3562","1445","1378","1549","1820","1980","3999","9619","0","9619"
"20224","11530730","고척2동","28625","14298","14327","3686","3504","3510","4609","4945","8371","1894","1816","1777","2325","2462","4024","1792","1688","1733","2284","2483","4347","11610","0","11610"
"20224","11530740","개봉1동","32447","16214","16233","4037","3652","4152","5067","5206","10333","1994","1917","2075","2616","2648","4964","2043","1735","2077","2451","2558","5369","14937","0","14937"
"20224","11530750","개봉2동","34282","16893","17389","4816","3308","4671","6031","4645","10811","2486","1711","2270","3131","2235","5060","2330","1597","2401","2900","2410","5751","12605","0","12605"
"20224","11530760","개봉3동","20217","10000","10217","2547","2230","2683","3415","3143","6199","1299","1143","1398","1782","1521","2857","1248","1087","1285","1633","1622","3342","8842","0","8842"
"20224","11530770","오류1동","20637","10158","10479","2315","2048","3699","3555","2824","6196","1148","993","1799","1903","1437","2878","1167","1055","1900","1652","1387","3318","11785","0","11785"
"20224","11530780","오류2동","41924","20532","21392","7476","4258","5234","7688","6094","11174","3834","2190","2496","3875","3045","5092","3642","2068","2738","3813","3049","6082","15629","0","15629"
"20224","11530790","수궁동","25143","12527","12616","3469","2798","3309","4419","3829","7319","1813","1506","1632","2258","1904","3414","1656","1292","1677","2161","1925","3905","9967","0","9967"
"20224","11530800","항동","2568","1281","1287","393","262","306","464","401","742","206","135","156","235","204","345","187","127","150","229","197","397","6135","0","6135"
"20224","11545510","가산동","18712","10409","8303","1427","1467","5073","3192","2696","4857","721","676","2864","1967","1603","2578","706","791","2209","1225","1093","2279","15924","0","15924"
"20224","11545610","독산1동","29172","15296","13876","3132","2734","5979","4897","4234","8196","1631","1382","3328","2801","2219","3935","1501","1352","2651","2096","2015","4261","21131","0","21131"
"20224","11545620","독산2동","20805","10580","10225","2021","2411","3031","2861","3976","6505","1041","1279","1611","1508","2030","3111","980","1132","1420","1353","1946","3394","9436","0","9436"
"20224","11545630","독산3동","24757","12508","12249","2179","2669","3543","3527","4714","8125","1061","1393","1850","1934","2352","3918","1118","1276","1693","1593","2362","4207","12553","0","12553"
"20224","11545640","독산4동","16891","8513","8378","1583","1945","2221","2461","3338","5343","791","974","1188","1246","1719","2595","792","971","1033","1215","1619","2748","7657","0","7657"
"20224","11545670","시흥1동","34306","17230","17076","4063","3622","4961","5491","5727","10442","2110","1915","2558","2844","2904","4899","1953","1707","2403","2647","2823","5543","16124","0","16124"
"20224","11545680","시흥2동","23869","11691","12178","3450","2864","2727","3656","4055","7117","1760","1461","1438","1735","1975","3322","1690","1403","1289","1921","2080","3795","8474","0","8474"
"20224","11545690","시흥3동","10878","5434","5444","1183","1172","1455","1575","1724","3769","554","631","763","836","868","1782","629","541","692","739","856","1987","4771","0","4771"
"20224","11545700","시흥4동","21890","10936","10954","2416","2562","2853","3115","3802","7142","1224","1307","1512","1594","1914","3385","1192","1255","1341","1521","1888","3757","9154","0","9154"
"20224","11545710","시흥5동","18790","9438","9352","1946","2201","2330","2651","3299","6363","1021","1158","1236","1393","1692","2938","925","1043","1094","1258","1607","3425","9414","0","9414"
"20224","11560515","영등포본동","22836","11519","11317","2860","2251","3356","3704","3643","7022","1410","1181","1707","1927","1900","3394","1450","1070","1649","1777","1743","3628","10338","0","10338"
"20224","11560535","영등포동","17225","9669","7556","1321","1246","4403","2760","2387","5108","712","594","2328","1604","1504","2927","609","652","2075","1156","883","2181","18953","0","18953"
"20224","11560540","여의동","28793","13691","15102","4470","2786","3677","4639","4433","8788","2262","1390","1697","2141","2166","4035","2208","1396","1980","2498","2267","4753","13784","0","13784"
"20224","11560550","당산1동","20148","9854","10294","2408","1767","3787","3613","2776","5797","1200","866","1809","1900","1402","2677","1208","901","1978","1713","1374","3120","10797","0","10797"
"20224","11560560","당산2동","33422","15920","17502","4378","3011","7985","5837","4234","7977","2285","1418","3480","2912","2058","3767","2093","1593","4505","2925","2176","4210","18478","0","18478"
"20224","11560585","도림동","19997","10044","9953","2240","1762","3482","3541","3220","5752","1157","919","1666","1933","1668","2701","1083","843","1816","1608","1552","3051","9436","0","9436"
"20224","11560605","문래동","32692","16240","16452","5883","2908","4556","6497","4586","8262","3068","1482","2113","3238","2398","3941","2815","1426","2443","3259","2188","4321","13355","0","13355"
"20224","11560610","양평1동","17070","8527","8543","2398","1429","3173","3564","2231","4275","1229","720","1530","1914","1209","1925","1169","709","1643","1650","1022","2350","9134","0","9134"
"20224","11560620","양평2동","22099","11046","11053","3412","2348","4170","4059","3257","4853","1711","1212","2000","2087","1711","2325","1701","1136","2170","1972","1546","2528","10325","0","10325"
"20224","11560630","신길1동","17202","8741","8461","1359","1604","3260","2733","2678","5568","697","830","1740","1524","1414","2536","662","774","1520","1209","1264","3032","10413","0","10413"
"20224","11560650","신길3동","16658","8346","8312","1951","1749","2162","2536","2887","5373","1005","970","1107","1302","1461","2501","946","779","1055","1234","1426","2872","7653","0","7653"
"20224","11560660","신길4동","9364","4673","4691","857","1083","1285","1226","1607","3306","437","581","684","633","803","1535","420","502","601","593","804","1771","5042","0","5042"
"20224","11560670","신길5동","9645","4845","4800","948","1033","1212","1421","1656","3375","502","544","651","728","843","1577","446","489","561","693","813","1798","4997","0","4997"
"20224","11560680","신길6동","16987","8362","8625","1871","1826","2784","2621","2623","5262","967","952","1411","1335","1279","2418","904","874","1373","1286","1344","2844","9247","0","9247"
"20224","11560690","신길7동","12751","6395","6356","2034","1667","1824","2225","2169","2832","1112","828","930","1103","1113","1309","922","839","894","1122","1056","1523","7911","0","7911"
"20224","11560700","대림1동","13474","6752","6722","1202","1519","1838","1892","2342","4681","622","809","971","1019","1164","2167","580","710","867","873","1178","2514","7219","0","7219"
"20224","11560710","대림2동","13629","6736","6893","1184","1191","1870","2013","2394","4977","599","640","950","1057","1173","2317","585","551","920","956","1221","2660","6977","0","6977"
"20224","11560720","대림3동","24878","12593","12285","2951","2612","3688","3838","4191","7598","1512","1410","1929","1991","2128","3623","1439","1202","1759","1847","2063","3975","10429","0","10429"
"20224","11590510","노량진1동","30860","15434","15426","3747","3195","5559","4768","4466","9125","1914","1670","3028","2502","2233","4087","1833","1525","2531","2266","2233","5038","15709","0","15709"
"20224","11590520","노량진2동","13262","6766","6496","866","1393","2450","1704","2148","4701","446","717","1368","929","1120","2186","420","676","1082","775","1028","2515","7466","0","7466"
"20224","11590530","상도1동","46157","22802","23355","6111","5387","8643","7734","6209","12073","3206","2683","4614","3820","3027","5452","2905","2704","4029","3914","3182","6621","21584","0","21584"
"20224","11590540","상도2동","24850","12037","12813","3389","2467","4324","4313","3569","6788","1739","1206","2076","2174","1776","3066","1650","1261","2248","2139","1793","3722","12575","0","12575"
"20224","11590550","상도3동","25055","12231","12824","2752","2624","4230","4303","3767","7379","1421","1357","2106","2184","1816","3347","1331","1267","2124","2119","1951","4032","12051","0","12051"
"20224","11590560","상도4동","28952","14335","14617","3504","3047","4725","4937","4467","8272","1825","1618","2407","2614","2127","3744","1679","1429","2318","2323","2340","4528","13804","0","13804"
"20224","11590605","흑석동","29016","14150","14866","3467","3153","4433","4501","4483","8979","1795","1584","2299","2326","2172","3974","1672","1569","2134","2175","2311","5005","14266","0","14266"
"20224","11590620","사당1동","22033","10598","11435","1793","1862","5394","3915","2741","6328","971","936","2501","2027","1308","2855","822","926","2893","1888","1433","3473","13289","0","13289"
"20224","11590630","사당2동","28458","13883","14575","3654","2485","4598","5019","3855","8847","1945","1275","2189","2563","1860","4051","1709","1210","2409","2456","1995","4796","11947","0","11947"
"20224","11590640","사당3동","23901","11636","12265","3182","2159","3731","4047","3321","7461","1655","1095","1785","1990","1622","3489","1527","1064","1946","2057","1699","3972","10564","0","10564"
"20224","11590650","사당4동","14300","6955","7345","1501","1358","2548","2557","2026","4310","775","711","1247","1331","970","1921","726","647","1301","1226","1056","2389","7154","0","7154"
"20224","11590651","사당5동","11517","5667","5850","1453","1174","1916","2109","1700","3165","754","633","935","1074","841","1430","699","541","981","1035","859","1735","6600","0","6600"
"20224","11590660","대방동","39072","18782","20290","5061","5448","5895","6108","6895","9665","2564","2763","2806","2916","3424","4309","2497","2685","3089","3192","3471","5356","17282","0","17282"
"20224","11590670","신대방1동","25113","12292","12821","3653","3100","3317","4026","4243","6774","1889","1541","1640","1898","2143","3181","1764","1559","1677","2128","2100","3593","10234","0","10234"
"20224","11590680","신대방2동","19143","9398","9745","2868","2090","3139","3472","2913","4661","1526","1051","1467","1727","1458","2169","1342","1039","1672","1745","1455","2492","9769","0","9769"
"20224","11620525","보라매동","24290","12101","12189","2435","2474","4335","4059","3604","7383","1243","1299","2238","2141","1784","3396","1192","1175","2097","1918","1820","3987","12009","0","12009"
"20224","11620545","청림동","17325","8505","8820","2838","1582","2334","3259","2482","4830","1437","793","1168","1684","1290","2133","1401","789","1166","1575","1192","2697","6553","0","6553"
"20224","11620565","성현동","32568","15918","16650","4556","3795","3837","5545","5410","9425","2352","1992","1861","2763","2723","4227","2204","1803","1976","2782","2687","5198","14122","0","14122"
"20224","11620575","행운동","25488","12516","12972","2053","2264","7397","4414","3000","6360","1036","1043","3634","2399","1527","2877","1017","1221","3763","2015","1473","3483","17137","0","17137"
"20224","11620585","낙성대동","15762","7962","7800","1259","1750","5057","2591","1757","3348","639","792","2678","1396","908","1549","620","958","2379","1195","849","1799","10254","0","10254"
"20224","11620595","청룡동","27130","13262","13868","2062","2865","7843","4311","3270","6779","1049","1310","3823","2280","1680","3120","1013","1555","4020","2031","1590","3659","22229","0","22229"
"20224","11620605","은천동","34935","17283","17652","4592","3390","5645","6212","5163","9933","2365","1725","2815","3237","2605","4536","2227","1665","2830","2975","2558","5397","15937","0","15937"
"20224","11620615","중앙동","14535","7052","7483","1022","1433","3884","2247","1886","4063","537","647","1879","1201","974","1814","485","786","2005","1046","912","2249","9605","0","9605"
"20224","11620625","인헌동","27630","13734","13896","2914","2755","6416","4783","3860","6902","1515","1377","3246","2531","1926","3139","1399","1378","3170","2252","1934","3763","13908","0","13908"
"20224","11620630","남현동","18394","8878","9516","2019","1683","4427","3144","2321","4800","1025","781","2131","1627","1106","2208","994","902","2296","1517","1215","2592","9538","0","9538"
"20224","11620645","서원동","22834","11713","11121","1498","2175","6237","3974","2955","5995","765","1098","3427","2221","1441","2761","733","1077","2810","1753","1514","3234","13823","0","13823"
"20224","11620655","신원동","18403","9182","9221","1516","1893","3971","3023","2591","5409","763","948","2160","1625","1276","2410","753","945","1811","1398","1315","2999","10797","0","10797"
"20224","11620665","서림동","24645","13642","11003","1870","2532","6503","4141","3280","6319","998","1314","3999","2546","1815","2970","872","1218","2504","1595","1465","3349","15523","0","15523"
"20224","11620685","신사동","23022","11613","11409","1976","2434","4982","3783","3628","6219","1047","1224","2628","1975","1828","2911","929","1210","2354","1808","1800","3308","13680","0","13680"
"20224","11620695","신림동","19935","10085","9850","898","1810","8114","3667","1916","3530","471","721","4113","2091","1050","1639","427","1089","4001","1576","866","1891","17289","0","17289"
"20224","11620715","난향동","17130","8500","8630","2656","1722","1880","3239","2756","4877","1352","894","956","1627","1452","2219","1304","828","924","1612","1304","2658","6422","0","6422"
"20224","11620725","조원동","17088","8712","8376","1496","1518","3865","2961","2464","4784","753","712","2022","1614","1303","2308","743","806","1843","1347","1161","2476","10649","0","10649"
"20224","11620735","대학동","22444","13615","8829","1438","2398","6280","4087","3255","4986","732","1264","4242","2771","2150","2456","706","1134","2038","1316","1105","2530","16777","0","16777"
"20224","11620745","삼성동","25864","13023","12841","2197","2759","3302","3587","4371","9648","1152","1423","1799","1984","2269","4396","1045","1336","1503","1603","2102","5252","11204","0","11204"
"20224","11620765","미성동","30775","15378","15397","3407","3509","4696","4831","4864","9468","1749","1757","2466","2566","2365","4475","1658","1752","2230","2265","2499","4993","14102","0","14102"
"20224","11620775","난곡동","29317","14862","14455","2978","3473","4067","4463","4981","9355","1542","1843","2216","2401","2480","4380","1436","1630","1851","2062","2501","4975","12972","0","12972"
"20224","11650510","서초1동","20781","10038","10743","2874","2259","3393","3806","3207","5242","1462","1185","1588","1789","1566","2448","1412","1074","1805","2017","1641","2794","9350","0","9350"
"20224","11650520","서초2동","17183","8274","8909","2504","1780","2853","3217","2640","4189","1259","924","1302","1496","1301","1992","1245","856","1551","1721","1339","2197","9671","0","9671"
"20224","11650530","서초3동","25750","12651","13099","2777","3369","4322","3916","4468","6898","1443","1922","2005","1884","2138","3259","1334","1447","2317","2032","2330","3639","14565","0","14565"
"20224","11650531","서초4동","26577","12926","13651","4743","3332","2877","4602","4876","6147","2448","1713","1303","2047","2453","2962","2295","1619","1574","2555","2423","3185","11005","0","11005"
"20224","11650540","잠원동","26523","12794","13729","4196","3275","3497","4734","5195","5626","2188","1628","1639","2082","2619","2638","2008","1647","1858","2652","2576","2988","11449","0","11449"
"20224","11650550","반포본동","12869","6096","6773","1787","2213","1016","1785","2967","3101","952","1066","479","670","1493","1436","835","1147","537","1115","1474","1665","4107","0","4107"
"20224","11650560","반포1동","28508","13708","14800","4562","2729","4889","5931","4491","5906","2352","1305","2191","2783","2369","2708","2210","1424","2698","3148","2122","3198","14274","0","14274"
"20224","11650570","반포2동","12641","5976","6665","3055","1544","996","2301","2282","2463","1538","736","439","929","1211","1123","1517","808","557","1372","1071","1340","5109","0","5109"
"20224","11650580","반포3동","17389","8265","9124","3107","2218","1834","3191","3274","3765","1599","1117","853","1366","1650","1680","1508","1101","981","1825","1624","2085","7739","0","7739"
"20224","11650581","반포4동","19165","9074","10091","3161","2269","2545","3307","3180","4703","1615","1137","1167","1466","1505","2184","1546","1132","1378","1841","1675","2519","7275","0","7275"
"20224","11650590","방배본동","21003","9845","11158","2997","2940","2556","3223","4043","5244","1497","1385","1176","1392","1946","2449","1500","1555","1380","1831","2097","2795","7997","0","7997"
"20224","11650600","방배1동","17063","8160","8903","2035","1884","2922","3047","2535","4640","1059","1013","1280","1487","1179","2142","976","871","1642","1560","1356","2498","7644","0","7644"
"20224","11650610","방배2동","20416","9763","10653","2403","2439","3402","3304","3006","5862","1226","1277","1572","1607","1368","2713","1177","1162","1830","1697","1638","3149","8671","0","8671"
"20224","11650620","방배3동","21866","10587","11279","2411","2735","3409","3060","3539","6712","1227","1455","1705","1420","1626","3154","1184","1280","1704","1640","1913","3558","8284","0","8284"
"20224","11650621","방배4동","22692","10501","12191","3087","2951","3345","3775","4029","5505","1533","1342","1424","1736","1899","2567","1554","1609","1921","2039","2130","2938","9812","0","9812"
"20224","11650651","양재1동","47758","22988","24770","8804","4536","6512","9257","6735","11914","4506","2293","3098","4476","3357","5258","4298","2243","3414","4781","3378","6656","18222","0","18222"
"20224","11650652","양재2동","23406","11715","11691","2936","2189","4501","4623","3628","5529","1511","1142","2274","2380","1850","2558","1425","1047","2227","2243","1778","2971","10829","0","10829"
"20224","11650660","내곡동","18416","9036","9380","3581","1529","2350","3583","2279","5094","1819","807","1118","1819","1104","2369","1762","722","1232","1764","1175","2725","7209","0","7209"
"20224","11680510","신사동","18137","8472","9665","2230","2121","2768","3104","3062","4852","1158","1065","1193","1372","1468","2216","1072","1056","1575","1732","1594","2636","7323","0","7323"
"20224","11680521","논현1동","23747","10982","12765","1598","1819","6239","5414","3189","5488","794","873","2732","2527","1597","2459","804","946","3507","2887","1592","3029","14400","0","14400"
"20224","11680531","논현2동","21289","9978","11311","2207","1914","4273","4501","3089","5305","1127","1004","1798","2080","1518","2451","1080","910","2475","2421","1571","2854","11676","0","11676"
"20224","11680545","압구정동","28557","13258","15299","4370","3214","3441","4765","4777","7990","2180","1571","1530","2100","2272","3605","2190","1643","1911","2665","2505","4385","10622","0","10622"
"20224","11680565","청담동","30253","14353","15900","4122","3496","4561","5329","4948","7797","2167","1864","2042","2408","2299","3573","1955","1632","2519","2921","2649","4224","11801","0","11801"
"20224","11680580","삼성1동","12969","6444","6525","1536","1706","1937","2050","2251","3489","801","1055","941","946","1050","1651","735","651","996","1104","1201","1838","5675","0","5675"
"20224","11680590","삼성2동","29555","14126","15429","4404","3483","4429","6173","5279","5787","2328","1943","1910","2634","2651","2660","2076","1540","2519","3539","2628","3127","13439","0","13439"
"20224","11680600","대치1동","24865","12437","12428","4090","5027","2014","3011","6046","4677","2273","2726","939","1171","2994","2334","1817","2301","1075","1840","3052","2343","7380","0","7380"
"20224","11680610","대치2동","40398","20450","19948","4638","8163","4534","4366","9272","9425","2599","4711","2272","1768","4369","4731","2039","3452","2262","2598","4903","4694","12986","0","12986"
"20224","11680630","대치4동","20756","9812","10944","1732","3513","3550","3669","4333","3959","926","1833","1564","1593","2032","1864","806","1680","1986","2076","2301","2095","10328","0","10328"
"20224","11680640","역삼1동","35231","16873","18358","2250","2975","9999","8129","4726","7152","1125","1362","4509","3968","2513","3396","1125","1613","5490","4161","2213","3756","23983","0","23983"
"20224","11680650","역삼2동","36291","17132","19159","5899","5027","4745","6988","7068","6564","3103","2358","2043","3002","3598","3028","2796","2669","2702","3986","3470","3536","15675","0","15675"
"20224","11680655","도곡1동","21644","10277","11367","3153","2714","3349","3405","3672","5351","1522","1327","1533","1560","1761","2574","1631","1387","1816","1845","1911","2777","8661","0","8661"
"20224","11680656","도곡2동","24138","11213","12925","4108","3805","2562","3795","5034","4834","1987","1686","1117","1609","2460","2354","2121","2119","1445","2186","2574","2480","11792","0","11792"
"20224","11680660","개포1동","6308","3041","3267","803","957","794","712","1093","1949","411","485","375","288","506","976","392","472","419","424","587","973","2465","0","2465"
"20224","11680670","개포2동","14194","6920","7274","1879","2386","1669","1695","2832","3733","958","1199","853","767","1299","1844","921","1187","816","928","1533","1889","8033","0","8033"
"20224","11680690","개포4동","18031","8893","9138","2179","2374","2741","2992","3259","4486","1137","1219","1332","1505","1559","2141","1042","1155","1409","1487","1700","2345","9499","0","9499"
"20224","11680700","세곡동","42164","20181","21983","8556","4325","5147","8093","5849","10194","4248","2146","2376","3941","2936","4534","4308","2179","2771","4152","2913","5660","17965","0","17965"
"20224","11680720","일원본동","25466","12646","12820","4394","3697","3009","3824","4867","5675","2369","2037","1508","1648","2364","2720","2025","1660","1501","2176","2503","2955","8146","0","8146"
"20224","11680730","일원1동","17211","8427","8784","1766","1952","2807","2464","2638","5584","921","1109","1373","1301","1241","2482","845","843","1434","1163","1397","3102","7465","0","7465"
"20224","11680740","일원2동","15370","7351","8019","1903","1699","2134","2634","2343","4657","1007","989","1059","1308","1122","1866","896","710","1075","1326","1221","2791","7357","0","7357"
"20224","11680750","수서동","16178","7412","8766","1442","1217","2501","2412","1739","6867","707","661","1241","1350","784","2669","735","556","1260","1062","955","4198","7876","0","7876"
"20224","11710510","풍납1동","15603","7687","7916","1648","1601","2267","2431","2520","5136","856","822","1162","1261","1239","2347","792","779","1105","1170","1281","2789","6377","0","6377"
"20224","11710520","풍납2동","23982","11544","12438","3437","2599","3845","4232","3662","6207","1765","1320","1733","2016","1803","2907","1672","1279","2112","2216","1859","3300","11071","0","11071"
"20224","11710531","거여1동","11495","5902","5593","1249","1460","1484","1672","2051","3579","651","787","816","837","1052","1759","598","673","668","835","999","1820","5510","0","5510"
"20224","11710532","거여2동","17995","8871","9124","2403","2014","2115","2930","3195","5338","1213","1043","1118","1460","1608","2429","1190","971","997","1470","1587","2909","8170","0","8170"
"20224","11710540","마천1동","22624","11470","11154","2754","2589","2553","3421","3852","7455","1387","1321","1356","1775","2052","3579","1367","1268","1197","1646","1800","3876","8972","0","8972"
"20224","11710550","마천2동","19813","10146","9667","2023","2254","2525","2889","3454","6668","1038","1220","1361","1545","1797","3185","985","1034","1164","1344","1657","3483","8886","0","8886"
"20224","11710561","방이1동","16181","7874","8307","2081","2389","2216","2379","2998","4118","1049","1227","1108","1092","1412","1986","1032","1162","1108","1287","1586","2132","6317","0","6317"
"20224","11710562","방이2동","24312","11851","12461","2598","2393","4748","4613","3624","6336","1383","1233","2280","2334","1715","2906","1215","1160","2468","2279","1909","3430","14550","0","14550"
"20224","11710566","오륜동","19267","9403","9864","2497","3408","2086","2332","4086","4858","1310","1813","1020","919","1968","2373","1187","1595","1066","1413","2118","2485","5956","0","5956"
"20224","11710570","오금동","36272","17898","18374","4092","4829","5417","5035","6250","10649","2131","2554","2734","2452","2926","5101","1961","2275","2683","2583","3324","5548","15693","0","15693"
"20224","11710580","송파1동","26130","12457","13673","2738","2670","5469","4806","3752","6695","1361","1316","2514","2366","1776","3124","1377","1354","2955","2440","1976","3571","12434","0","12434"
"20224","11710590","송파2동","21811","10629","11182","2867","3057","3149","3147","3653","5938","1502","1503","1563","1515","1731","2815","1365","1554","1586","1632","1922","3123","7647","0","7647"
"20224","11710600","석촌동","34527","16735","17792","3778","3320","6899","6562","5157","8811","1895","1743","3243","3305","2517","4032","1883","1577","3656","3257","2640","4779","17072","0","17072"
"20224","11710610","삼전동","33572","16157","17415","3699","3432","6552","6869","5112","7908","1897","1811","3056","3411","2426","3556","1802","1621","3496","3458","2686","4352","16326","0","16326"
"20224","11710620","가락본동","27265","13643","13622","3259","3363","4574","4217","4638","7214","1691","1771","2249","2139","2300","3493","1568","1592","2325","2078","2338","3721","12010","0","12010"
"20224","11710631","가락1동","735","366","369","124","100","92","114","127","178","65","61","47","57","55","81","59","39","45","57","72","97","9908","0","9908"
"20224","11710632","가락2동","31488","15493","15995","4839","4251","4529","5003","5514","7352","2488","2197","2216","2383","2696","3513","2351","2054","2313","2620","2818","3839","12379","0","12379"
"20224","11710641","문정1동","21688","10719","10969","2555","2597","3774","3252","3437","6073","1322","1314","1896","1647","1602","2938","1233","1283","1878","1605","1835","3135","8431","0","8431"
"20224","11710642","문정2동","19802","9480","10322","2402","1894","3669","3390","2643","5804","1206","992","1701","1544","1247","2790","1196","902","1968","1846","1396","3014","15761","0","15761"
"20224","11710646","장지동","32060","15550","16510","4985","3976","4238","5573","5156","8132","2532","2036","2123","2766","2453","3640","2453","1940","2115","2807","2703","4492","12080","0","12080"
"20224","11710647","위례동","17776","8831","8945","4478","1873","1704","3874","3002","2845","2282","978","778","1848","1614","1331","2196","895","926","2026","1388","1514","9900","0","9900"
"20224","11710650","잠실본동","29377","14001","15376","2812","3137","6035","5628","4491","7274","1468","1545","2784","2763","2143","3298","1344","1592","3251","2865","2348","3976","15419","0","15419"
"20224","11710670","잠실2동","37790","18019","19771","8259","4848","3403","7574","7192","6514","4206","2327","1461","3208","3801","3016","4053","2521","1942","4366","3391","3498","11899","0","11899"
"20224","11710680","잠실3동","37310","17936","19374","6137","4464","4630","6051","6002","10026","3245","2189","2144","2724","2901","4733","2892","2275","2486","3327","3101","5293","12130","0","12130"
"20224","11710690","잠실4동","22970","11125","11845","4871","2151","2672","4593","3429","5254","2499","1125","1196","2108","1726","2471","2372","1026","1476","2485","1703","2783","7418","0","7418"
"20224","11710710","잠실6동","16882","8015","8867","2347","2101","2356","2362","2763","4953","1158","1051","1127","1045","1265","2369","1189","1050","1229","1317","1498","2584","5983","0","5983"
"20224","11710720","잠실7동","10540","4937","5603","1365","1486","1183","1363","1838","3305","710","663","525","600","870","1569","655","823","658","763","968","1736","3465","0","3465"
"20224","11740515","강일동","34450","16815","17635","6574","4587","3459","5849","5563","8418","3415","2296","1719","2762","2782","3841","3159","2291","1740","3087","2781","4577","12960","0","12960"
"20224","11740520","상일동","8782","4429","4353","890","1242","1250","1023","1606","2771","477","624","699","503","769","1357","413","618","551","520","837","1414","11601","0","11601"
"20224","11740530","명일1동","23041","11295","11746","3304","3171","2927","3397","3918","6324","1757","1682","1471","1589","1877","2919","1547","1489","1456","1808","2041","3405","10105","0","10105"
"20224","11740540","명일2동","18340","9201","9139","2408","2922","2336","2171","3466","5037","1304","1597","1260","930","1682","2428","1104","1325","1076","1241","1784","2609","6115","0","6115"
"20224","11740550","고덕1동","16057","8177","7880","2594","2046","2087","2651","2709","3970","1351","1158","1101","1312","1349","1906","1243","888","986","1339","1360","2064","8800","0","8800"
"20224","11740560","고덕2동","8110","4273","3837","665","990","1014","1001","1461","2979","336","575","590","547","777","1448","329","415","424","454","684","1531","8705","0","8705"
"20224","11740570","암사1동","35414","17674","17740","4393","3979","5039","5979","5821","10203","2225","2145","2583","3097","2910","4714","2168","1834","2456","2882","2911","5489","16172","0","16172"
"20224","11740580","암사2동","14123","6943","7180","2377","1353","2086","2733","2082","3492","1232","682","990","1348","1072","1619","1145","671","1096","1385","1010","1873","6352","0","6352"
"20224","11740590","암사3동","19270","9507","9763","3668","2197","2156","3345","3154","4750","1850","1136","1096","1570","1588","2267","1818","1061","1060","1775","1566","2483","6369","0","6369"
"20224","11740600","천호1동","28380","14072","14308","3131","3131","4142","4369","4544","9063","1604","1602","2105","2274","2242","4245","1527","1529","2037","2095","2302","4818","12913","0","12913"
"20224","11740610","천호2동","30887","15548","15339","3270","2907","4917","5232","5018","9543","1673","1555","2454","2758","2606","4502","1597","1352","2463","2474","2412","5041","17730","0","17730"
"20224","11740620","천호3동","21563","10905","10658","2071","1954","3683","3501","3237","7117","1055","995","1861","1924","1696","3374","1016","959","1822","1577","1541","3743","13901","0","13901"
"20224","11740640","성내1동","19174","9373","9801","2870","2069","2870","3425","2859","5081","1481","1076","1388","1693","1398","2337","1389","993","1482","1732","1461","2744","8258","0","8258"
"20224","11740650","성내2동","24045","11987","12058","2366","2141","4218","4151","3636","7533","1248","1071","2112","2186","1814","3556","1118","1070","2106","1965","1822","3977","12909","0","12909"
"20224","11740660","성내3동","23172","11552","11620","2733","2585","3613","4079","3726","6436","1451","1457","1833","2091","1824","2896","1282","1128","1780","1988","1902","3540","10606","0","10606"
"20224","11740685","길동","46207","22719","23488","5288","4863","7779","7696","6990","13591","2792","2496","3735","3964","3407","6325","2496","2367","4044","3732","3583","7266","21589","0","21589"
"20224","11740690","둔촌1동","25","15","10","2","5","2","1","5","10","2","3","2","0","1","7","0","2","0","1","4","3","14","0","14"
"20224","11740700","둔촌2동","27231","13469","13762","3510","3339","4023","4101","4361","7897","1861","1709","2034","2057","2121","3687","1649","1630","1989","2044","2240","4210","11040","0","11040"
"20231","11110570","무악동","8491","4000","4491","1252","1071","886","1269","1557","2456","608","488","419","585","783","1117","644","583","467","684","774","1339","2982","0","2982"
"20231","11110580","교남동","4425","2085","2340","413","467","580","677","750","1538","204","241","270","338","382","650","209","226","310","339","368","888","2097","0","2097"
"20231","11110600","가회동","4350","2016","2334","404","470","553","693","753","1477","203","224","266","322","364","637","201","246","287","371","389","840","1971","0","1971"
"20231","11110615","종로1?2?3?4가동","7051","4082","2969","384","574","927","825","1133","3208","212","185","548","492","770","1875","172","389","379","333","363","1333","4885","0","4885"
"20231","11110630","종로5?6가동","5316","2910","2406","266","675","790","594","959","2032","124","412","444","352","525","1053","142","263","346","242","434","979","3018","0","3018"
"20231","11110640","이화동","8190","3843","4347","648","843","1854","1215","1242","2388","299","384","876","616","604","1064","349","459","978","599","638","1324","4246","0","4246"
"20231","11110650","혜화동","16276","8000","8276","1506","2420","3581","2208","2318","4243","757","1126","2051","1062","1139","1865","749","1294","1530","1146","1179","2378","8305","0","8305"
"20231","11110670","창신1동","5666","3042","2624","369","535","716","683","1074","2289","187","285","414","351","592","1213","182","250","302","332","482","1076","3046","0","3046"
"20231","11110680","창신2동","9581","4892","4689","685","1147","1280","1208","1936","3325","367","590","699","679","1015","1542","318","557","581","529","921","1783","4330","0","4330"
"20231","11110690","창신3동","6905","3445","3460","828","790","1029","971","1162","2125","432","435","526","477","571","1004","396","355","503","494","591","1121","2513","0","2513"
"20231","11110700","숭인1동","5812","2906","2906","619","603","775","913","1027","1875","321","312","400","477","532","864","298","291","375","436","495","1011","2609","0","2609"
"20231","11110710","숭인2동","9149","4605","4544","589","885","1863","1298","1526","2988","310","397","903","688","831","1476","279","488","960","610","695","1512","5141","0","5141"
"20231","11140520","소공동","1350","694","656","202","72","220","316","197","343","110","25","114","169","89","187","92","47","106","147","108","156","726","0","726"
"20231","11140540","회현동","4305","2452","1853","207","250","393","504","683","2268","101","115","206","301","434","1295","106","135","187","203","249","973","2794","0","2794"
"20231","11140550","명동","2450","1251","1199","213","167","336","373","402","959","108","78","178","185","219","483","105","89","158","188","183","476","1384","0","1384"
"20231","11140570","필동","3851","1963","1888","290","325","680","543","572","1441","145","161","379","291","311","676","145","164","301","252","261","765","2105","0","2105"
"20231","11140580","장충동","4951","2525","2426","397","677","1143","704","666","1364","215","303","674","375","328","630","182","374","469","329","338","734","2671","0","2671"
"20231","11140590","광희동","4896","2555","2341","318","334","794","651","728","2071","148","164","407","354","416","1066","170","170","387","297","312","1005","2750","0","2750"
"20231","11140605","을지로동","1457","902","555","51","75","149","135","252","795","22","38","84","83","173","502","29","37","65","52","79","293","1036","0","1036"
"20231","11140615","신당동","7105","3650","3455","540","754","1229","1015","1309","2258","267","389","665","552","688","1089","273","365","564","463","621","1169","3605","0","3605"
"20231","11140625","다산동","15434","7528","7906","1383","1704","2630","2409","2540","4768","712","870","1357","1227","1239","2123","671","834","1273","1182","1301","2645","6806","0","6806"
"20231","11140635","약수동","18461","8880","9581","2212","1575","2518","3058","2790","6308","1100","828","1233","1539","1386","2794","1112","747","1285","1519","1404","3514","7654","0","7654"
"20231","11140645","청구동","15318","7367","7951","1734","1546","2347","2395","2405","4891","893","793","1132","1195","1181","2173","841","753","1215","1200","1224","2718","6436","0","6436"
"20231","11140650","신당5동","9927","4942","4985","1104","994","1371","1634","1774","3050","552","525","699","855","943","1368","552","469","672","779","831","1682","4516","0","4516"
"20231","11140665","동화동","11648","5670","5978","1522","1304","1598","1818","1976","3430","769","677","788","883","953","1600","753","627","810","935","1023","1830","4259","0","4259"
"20231","11140670","황학동","11965","5958","6007","1385","963","2246","2181","1768","3422","698","476","1066","1137","925","1656","687","487","1180","1044","843","1766","5653","0","5653"
"20231","11140680","중림동","8328","4194","4134","918","764","1160","1372","1305","2809","475","373","558","722","716","1350","443","391","602","650","589","1459","3893","0","3893"
"20231","11170510","후암동","18208","8969","9239","2015","1972","2636","2985","3073","5527","1040","1052","1383","1512","1529","2453","975","920","1253","1473","1544","3074","8246","0","8246"
"20231","11170520","용산2가동","10876","5217","5659","893","1039","1745","1729","1648","3822","458","539","883","886","784","1667","435","500","862","843","864","2155","5347","0","5347"
"20231","11170530","남영동","6632","4176","2456","322","446","947","936","1284","2697","173","237","521","597","909","1739","149","209","426","339","375","958","4522","0","4522"
"20231","11170555","청파동","20375","9946","10429","1731","2582","3918","3102","3294","5748","910","1180","1902","1602","1683","2669","821","1402","2016","1500","1611","3079","10357","0","10357"
"20231","11170560","원효로1동","12933","6357","6576","1938","1068","2279","2568","1818","3262","1013","525","1076","1313","917","1513","925","543","1203","1255","901","1749","5750","0","5750"
"20231","11170570","원효로2동","14528","6847","7681","2051","1649","1837","2358","2456","4177","931","769","875","1160","1214","1898","1120","880","962","1198","1242","2279","5538","0","5538"
"20231","11170580","효창동","9063","4417","4646","1115","1085","1323","1473","1510","2557","592","587","651","730","712","1145","523","498","672","743","798","1412","3544","0","3544"
"20231","11170590","용문동","12606","6091","6515","1722","1299","1706","2177","2048","3654","882","671","819","1076","1027","1616","840","628","887","1101","1021","2038","5019","0","5019"
"20231","11170625","한강로동","12463","6247","6216","1395","935","2030","2008","1870","4225","741","498","1023","1009","977","1999","654","437","1007","999","893","2226","6093","0","6093"
"20231","11170630","이촌1동","28057","13052","15005","5075","2937","2903","4654","4970","7518","2558","1454","1305","2014","2404","3317","2517","1483","1598","2640","2566","4201","9842","0","9842"
"20231","11170640","이촌2동","9521","4519","5002","1174","837","1312","1495","1432","3271","610","425","654","759","695","1376","564","412","658","736","737","1895","3864","0","3864"
"20231","11170650","이태원1동","7126","3341","3785","560","555","1173","1068","1102","2668","285","287","601","530","523","1115","275","268","572","538","579","1553","3772","0","3772"
"20231","11170660","이태원2동","9481","4373","5108","930","742","1547","1581","1419","3262","440","375","776","760","667","1355","490","367","771","821","752","1907","4705","0","4705"
"20231","11170685","한남동","19536","9359","10177","1920","1460","3328","3596","3130","6102","1005","748","1632","1808","1500","2666","915","712","1696","1788","1630","3436","9933","0","9933"
"20231","11170690","서빙고동","13291","6439","6852","1679","1939","1402","1894","2766","3611","855","993","707","857","1382","1645","824","946","695","1037","1384","1966","4990","0","4990"
"20231","11170700","보광동","14985","7317","7668","1066","1497","2402","2364","2654","5002","596","815","1331","1196","1287","2092","470","682","1071","1168","1367","2910","7587","0","7587"
"20231","11200520","왕십리2동","16917","8349","8568","2121","1846","2582","2768","2785","4815","1093","941","1274","1385","1396","2260","1028","905","1308","1383","1389","2555","6815","0","6815"
"20231","11200535","왕십리도선동","19658","9555","10103","2678","2046","3178","3237","3096","5423","1364","1018","1521","1636","1479","2537","1314","1028","1657","1601","1617","2886","7888","0","7888"
"20231","11200540","마장동","22343","11095","11248","2462","2721","3815","3188","3593","6564","1263","1355","1924","1635","1782","3136","1199","1366","1891","1553","1811","3428","9499","0","9499"
"20231","11200550","사근동","10998","5707","5291","896","1758","3048","1337","1335","2624","443","858","1808","730","663","1205","453","900","1240","607","672","1419","6158","0","6158"
"20231","11200560","행당1동","11784","5756","6028","1398","1245","1890","1928","1848","3475","699","632","954","959","889","1623","699","613","936","969","959","1852","4918","0","4918"
"20231","11200570","행당2동","26603","12624","13979","4305","2910","3267","4864","4419","6838","2090","1379","1526","2335","2194","3100","2215","1531","1741","2529","2225","3738","9371","0","9371"
"20231","11200580","응봉동","16178","7777","8401","2485","1830","1822","2932","2775","4334","1296","891","892","1385","1351","1962","1189","939","930","1547","1424","2372","5879","0","5879"
"20231","11200590","금호1가동","13659","6614","7045","1665","1480","1721","2265","2297","4231","863","775","839","1143","1133","1861","802","705","882","1122","1164","2370","5322","0","5322"
"20231","11200615","금호2?3가동","24420","11838","12582","3394","2362","3538","4495","3775","6856","1753","1209","1695","2258","1879","3044","1641","1153","1843","2237","1896","3812","9715","0","9715"
"20231","11200620","금호4가동","14290","6889","7401","2194","1207","1947","2840","2176","3926","1128","622","917","1408","1088","1726","1066","585","1030","1432","1088","2200","5798","0","5798"
"20231","11200645","옥수동","23133","10990","12143","3782","1902","3462","4480","3298","6209","1913","951","1584","2193","1551","2798","1869","951","1878","2287","1747","3411","8691","0","8691"
"20231","11200650","성수1가1동","16029","8118","7911","1966","1860","2624","2576","2819","4184","1012","950","1354","1337","1425","2040","954","910","1270","1239","1394","2144","6659","0","6659"
"20231","11200660","성수1가2동","14754","7371","7383","1728","1466","2718","2652","2255","3935","872","753","1333","1368","1145","1900","856","713","1385","1284","1110","2035","6528","0","6528"
"20231","11200670","성수2가1동","18477","9577","8900","1853","1802","2902","2880","3225","5815","953","934","1543","1525","1710","2912","900","868","1359","1355","1515","2903","8409","0","8409"
"20231","11200690","성수2가3동","10873","5654","5219","1104","970","1910","1775","1636","3478","553","503","971","966","898","1763","551","467","939","809","738","1715","4961","0","4961"
"20231","11200720","송정동","11173","5944","5229","1053","1140","1765","1774","2006","3435","560","610","960","987","1105","1722","493","530","805","787","901","1713","5198","0","5198"
"20231","11200790","용답동","15032","8020","7012","1151","1595","2406","2327","2793","4760","598","803","1230","1375","1598","2416","553","792","1176","952","1195","2344","7601","0","7601"
"20231","11215710","화양동","20588","9881","10707","1020","2793","7469","2922","2219","4165","503","1119","3571","1567","1192","1929","517","1674","3898","1355","1027","2236","13791","0","13791"
"20231","11215730","군자동","19686","9799","9887","1819","2103","4378","3226","2831","5329","968","1035","2197","1686","1417","2496","851","1068","2181","1540","1414","2833","9790","0","9790"
"20231","11215740","중곡1동","15381","7635","7746","1457","1449","2971","2559","2452","4493","748","732","1460","1344","1224","2127","709","717","1511","1215","1228","2366","7151","0","7151"
"20231","11215750","중곡2동","22019","10734","11285","2425","2400","4114","3616","3541","5923","1229","1262","1979","1803","1697","2764","1196","1138","2135","1813","1844","3159","9452","0","9452"
"20231","11215760","중곡3동","17505","8683","8822","1756","1971","2854","2693","3080","5151","924","1001","1438","1425","1508","2387","832","970","1416","1268","1572","2764","7799","0","7799"
"20231","11215770","중곡4동","30966","15309","15657","3319","3868","4677","4730","5372","9000","1758","1991","2345","2467","2625","4123","1561","1877","2332","2263","2747","4877","12457","0","12457"
"20231","11215780","능동","11129","5278","5851","1112","941","2823","2137","1384","2732","584","469","1231","1106","666","1222","528","472","1592","1031","718","1510","5672","0","5672"
"20231","11215810","광장동","33732","16406","17326","6320","5294","3153","5481","7151","6333","3233","2695","1550","2302","3584","3042","3087","2599","1603","3179","3567","3291","10553","0","10553"
"20231","11215820","자양1동","21955","10732","11223","2070","2420","4128","3711","3540","6086","1088","1212","2004","1914","1724","2790","982","1208","2124","1797","1816","3296","10295","0","10295"
"20231","11215830","자양2동","25781","12705","13076","3262","2913","3872","4448","4108","7178","1679","1548","1894","2241","1973","3370","1583","1365","1978","2207","2135","3808","10205","0","10205"
"20231","11215840","자양3동","28608","13914","14694","4412","3346","4084","4620","4654","7492","2219","1737","1964","2193","2223","3578","2193","1609","2120","2427","2431","3914","10062","0","10062"
"20231","11215847","자양4동","19042","9519","9523","1506","1813","3243","2917","3187","6376","732","922","1643","1549","1658","3015","774","891","1600","1368","1529","3361","9390","0","9390"
"20231","11215850","구의1동","22151","10602","11549","1890","2386","4797","3917","3382","5779","968","1141","2265","1961","1659","2608","922","1245","2532","1956","1723","3171","10890","0","10890"
"20231","11215860","구의2동","24579","12042","12537","3043","2860","3561","4059","4068","6988","1592","1424","1794","2057","1965","3210","1451","1436","1767","2002","2103","3778","9707","0","9707"
"20231","11215870","구의3동","28444","13740","14704","3622","3641","4596","4446","4826","7313","1822","1861","2233","2150","2256","3418","1800","1780","2363","2296","2570","3895","10870","0","10870"
"20231","11230536","용신동","25063","12915","12148","2205","2280","4500","4017","3756","8305","1155","1205","2335","2138","2024","4058","1050","1075","2165","1879","1732","4247","12847","0","12847"
"20231","11230545","제기동","23990","12234","11756","2266","2361","4044","3366","3491","8462","1166","1216","2284","1793","1871","3904","1100","1145","1760","1573","1620","4558","11463","0","11463"
"20231","11230560","전농1동","28613","14345","14268","3230","3245","3923","4404","4626","9185","1642","1644","2036","2312","2391","4320","1588","1601","1887","2092","2235","4865","12605","0","12605"
"20231","11230570","전농2동","20201","9804","10397","2686","2399","2403","3092","3444","6177","1368","1207","1236","1448","1696","2849","1318","1192","1167","1644","1748","3328","7315","0","7315"
"20231","11230600","답십리1동","23777","11657","12120","3389","2404","3527","4216","3690","6551","1695","1232","1692","2164","1865","3009","1694","1172","1835","2052","1825","3542","9570","0","9570"
"20231","11230610","답십리2동","29117","14305","14812","3440","3148","3823","4553","4911","9242","1692","1623","1962","2308","2479","4241","1748","1525","1861","2245","2432","5001","11411","0","11411"
"20231","11230650","장안1동","36646","18353","18293","4657","3484","5627","6449","5590","10839","2384","1777","2830","3330","2847","5185","2273","1707","2797","3119","2743","5654","15250","0","15250"
"20231","11230660","장안2동","29924","15093","14831","4640","3083","3655","5514","4813","8219","2426","1668","1858","2780","2512","3849","2214","1415","1797","2734","2301","4370","11457","0","11457"
"20231","11230705","청량리동","19581","9755","9826","1814","1839","2592","2589","2921","7826","920","941","1387","1357","1495","3655","894","898","1205","1232","1426","4171","8566","0","8566"
"20231","11230710","회기동","10009","4828","5181","924","1400","2490","1481","1244","2470","458","600","1326","737","629","1078","466","800","1164","744","615","1392","5448","0","5448"
"20231","11230720","휘경1동","12887","6407","6480","973","1597","2619","1873","1939","3886","504","751","1338","1015","1028","1771","469","846","1281","858","911","2115","6560","0","6560"
"20231","11230730","휘경2동","23906","11788","12118","2807","3382","4055","3533","3700","6429","1440","1548","2249","1775","1815","2961","1367","1834","1806","1758","1885","3468","10246","0","10246"
"20231","11230740","이문1동","18250","9095","9155","1619","2576","3826","2437","2697","5095","848","1197","2165","1243","1339","2303","771","1379","1661","1194","1358","2792","9346","0","9346"
"20231","11230750","이문2동","21209","10388","10821","2844","2490","2749","3259","3588","6279","1441","1241","1392","1634","1798","2882","1403","1249","1357","1625","1790","3397","7928","0","7928"
"20231","11260520","면목2동","26072","13121","12951","2731","2813","3655","4071","4848","7954","1382","1459","1867","2186","2498","3729","1349","1354","1788","1885","2350","4225","11586","0","11586"
"20231","11260540","면목4동","20660","10452","10208","2286","2141","2878","3493","3359","6503","1220","1129","1487","1887","1732","2997","1066","1012","1391","1606","1627","3506","8799","0","8799"
"20231","11260550","면목5동","9670","4934","4736","1070","1044","1436","1407","1739","2974","538","530","759","724","921","1462","532","514","677","683","818","1512","4163","0","4163"
"20231","11260565","면목본동","34196","17176","17020","3236","3752","5530","5402","5922","10354","1623","1953","2849","2900","2989","4862","1613","1799","2681","2502","2933","5492","15792","0","15792"
"20231","11260570","면목7동","22266","11109","11157","2282","2236","3376","3406","3605","7361","1175","1174","1710","1788","1788","3474","1107","1062","1666","1618","1817","3887","9647","0","9647"
"20231","11260575","면목3?8동","24806","12457","12349","2326","2716","3720","3684","4331","8029","1195","1402","1910","2000","2216","3734","1131","1314","1810","1684","2115","4295","11213","0","11213"
"20231","11260580","상봉1동","25886","12691","13195","3534","3345","3605","3787","4419","7196","1810","1754","1808","1849","2134","3336","1724","1591","1797","1938","2285","3860","9548","0","9548"
"20231","11260590","상봉2동","17233","8600","8633","1520","1615","3519","2776","2688","5115","780","828","1688","1478","1360","2466","740","787","1831","1298","1328","2649","8742","0","8742"
"20231","11260600","중화1동","20211","10001","10210","2457","2150","3204","3196","3007","6197","1232","1132","1602","1691","1439","2905","1225","1018","1602","1505","1568","3292","8037","0","8037"
"20231","11260610","중화2동","26132","13508","12624","2069","2584","3831","3728","4729","9191","1095","1342","1977","2062","2518","4514","974","1242","1854","1666","2211","4677","12803","0","12803"
"20231","11260620","묵1동","34443","16890","17553","4401","3952","4968","5576","5564","9982","2230","2026","2446","2807","2715","4666","2171","1926","2522","2769","2849","5316","13125","0","13125"
"20231","11260630","묵2동","18734","9263","9471","2094","1899","2985","3167","2866","5723","1112","950","1458","1657","1452","2634","982","949","1527","1510","1414","3089","7981","0","7981"
"20231","11260655","망우본동","31010","15654","15356","3103","3483","4551","4513","5212","10148","1569","1822","2309","2461","2582","4911","1534","1661","2242","2052","2630","5237","13512","0","13512"
"20231","11260660","망우3동","17398","8668","8730","1738","2131","2406","2443","3186","5494","870","1058","1218","1266","1632","2624","868","1073","1188","1177","1554","2870","7533","0","7533"
"20231","11260680","신내1동","40914","20056","20858","6648","4755","5111","6509","6210","11681","3373","2477","2551","3242","2962","5451","3275","2278","2560","3267","3248","6230","13654","0","13654"
"20231","11260690","신내2동","23997","11640","12357","3218","2732","3114","3835","3977","7121","1630","1444","1546","1918","1889","3213","1588","1288","1568","1917","2088","3908","9049","0","9049"
"20231","11290525","성북동","16414","7796","8618","1579","1848","2708","2549","2769","4961","797","935","1242","1239","1354","2229","782","913","1466","1310","1415","2732","7380","0","7380"
"20231","11290555","삼선동","23746","11430","12316","2589","2860","4002","3808","3927","6560","1354","1390","1926","1883","1945","2932","1235","1470","2076","1925","1982","3628","10724","0","10724"
"20231","11290575","동선동","15848","6935","8913","1341","2137","3951","2371","2138","3910","681","763","1593","1133","1055","1710","660","1374","2358","1238","1083","2200","8663","0","8663"
"20231","11290580","돈암1동","15258","7224","8034","1888","1849","2056","2245","2634","4586","921","866","1014","1106","1264","2053","967","983","1042","1139","1370","2533","5780","0","5780"
"20231","11290590","돈암2동","23961","11574","12387","4048","2979","2755","3902","4333","5944","2071","1500","1339","1806","2116","2742","1977","1479","1416","2096","2217","3202","7791","0","7791"
"20231","11290600","안암동","5435","2811","2624","330","892","1483","672","719","1339","176","429","845","380","361","620","154","463","638","292","358","719","3081","0","3081"
"20231","11290610","보문동","12473","6081","6392","1213","1405","2252","1975","2071","3557","591","696","1156","1020","1003","1615","622","709","1096","955","1068","1942","5932","0","5932"
"20231","11290620","정릉1동","18977","9182","9795","2796","2165","2373","3198","3103","5342","1408","1089","1150","1555","1543","2437","1388","1076","1223","1643","1560","2905","6935","0","6935"
"20231","11290630","정릉2동","23438","11571","11867","3071","2676","2870","3742","3830","7249","1624","1418","1474","1913","1850","3292","1447","1258","1396","1829","1980","3957","9027","0","9027"
"20231","11290640","정릉3동","14792","7539","7253","1392","1922","2397","1957","2172","4952","714","941","1392","1077","1134","2281","678","981","1005","880","1038","2671","6796","0","6796"
"20231","11290650","정릉4동","27377","13341","14036","3860","2957","3266","4707","4438","8149","2020","1513","1585","2342","2190","3691","1840","1444","1681","2365","2248","4458","10667","0","10667"
"20231","11290660","길음1동","38001","18312","19689","7850","4026","3908","7782","6374","8061","4019","1976","1818","3614","3309","3576","3831","2050","2090","4168","3065","4485","12623","0","12623"
"20231","11290685","길음2동","11218","5450","5768","1546","1263","1443","1825","1820","3321","822","621","713","867","906","1521","724","642","730","958","914","1800","4333","0","4333"
"20231","11290705","종암동","38996","19364","19632","5488","4454","5569","6271","6351","10863","2860","2340","2961","3093","3197","4913","2628","2114","2608","3178","3154","5950","15602","0","15602"
"20231","11290715","월곡1동","27636","13410","14226","4482","2793","3066","4939","4478","7878","2261","1372","1473","2418","2328","3558","2221","1421","1593","2521","2150","4320","10199","0","10199"
"20231","11290725","월곡2동","20500","10126","10374","2445","2460","3008","3096","3271","6220","1287","1130","1512","1583","1677","2937","1158","1330","1496","1513","1594","3283","8476","0","8476"
"20231","11290760","장위1동","20012","9937","10075","1962","2514","2675","2679","3652","6530","981","1290","1447","1432","1779","3008","981","1224","1228","1247","1873","3522","8087","0","8087"
"20231","11290770","장위2동","14714","7306","7408","1404","1671","1801","2020","2617","5201","706","851","942","1072","1335","2400","698","820","859","948","1282","2801","6276","0","6276"
"20231","11290780","장위3동","10387","5220","5167","1296","1210","1144","1556","1821","3360","619","633","618","780","925","1645","677","577","526","776","896","1715","4111","0","4111"
"20231","11290810","석관동","33174","16605","16569","3595","3475","4707","5103","5353","10941","1909","1782","2439","2652","2662","5161","1686","1693","2268","2451","2691","5780","13924","0","13924"
"20231","11305534","삼양동","26436","13157","13279","3148","3040","3261","4035","4517","8435","1638","1597","1697","2053","2303","3869","1510","1443","1564","1982","2214","4566","10903","0","10903"
"20231","11305535","미아동","22868","11145","11723","1933","2521","3584","3363","3789","7678","1015","1224","1797","1749","1857","3503","918","1297","1787","1614","1932","4175","10601","0","10601"
"20231","11305545","송중동","27542","13534","14008","2493","2865","3972","4095","4467","9650","1248","1472","2018","2155","2231","4410","1245","1393","1954","1940","2236","5240","12072","0","12072"
"20231","11305555","송천동","28896","14419","14477","2573","3034","3889","4131","4974","10295","1292","1579","2046","2195","2534","4773","1281","1455","1843","1936","2440","5522","12952","0","12952"
"20231","11305575","삼각산동","34820","16934","17886","6502","4223","3366","6521","6212","7996","3342","2166","1623","3059","3190","3554","3160","2057","1743","3462","3022","4442","11938","0","11938"
"20231","11305595","번1동","19824","9799","10025","1760","2113","3156","3264","3217","6314","899","1067","1518","1704","1706","2905","861","1046","1638","1560","1511","3409","9598","0","9598"
"20231","11305603","번2동","18104","8873","9231","1653","2107","2237","2680","2937","6490","885","1082","1201","1424","1447","2834","768","1025","1036","1256","1490","3656","7322","0","7322"
"20231","11305608","번3동","20018","9619","10399","2252","2218","2115","3185","2975","7273","1117","1146","1078","1672","1510","3096","1135","1072","1037","1513","1465","4177","7524","0","7524"
"20231","11305615","수유1동","21607","10731","10876","2108","2388","3053","3176","3458","7424","1059","1240","1560","1732","1726","3414","1049","1148","1493","1444","1732","4010","9514","0","9514"
"20231","11305625","수유2동","21671","10645","11026","2250","2363","2768","3154","3533","7603","1181","1238","1447","1640","1732","3407","1069","1125","1321","1514","1801","4196","8767","0","8767"
"20231","11305635","수유3동","23645","11828","11817","1845","2403","4077","3561","3875","7884","959","1241","2116","1938","1919","3655","886","1162","1961","1623","1956","4229","11388","0","11388"
"20231","11305645","우이동","20289","9917","10372","2233","2224","2519","2821","3343","7149","1175","1141","1283","1478","1597","3243","1058","1083","1236","1343","1746","3906","8165","0","8165"
"20231","11305660","인수동","31270","15275","15995","3143","3363","4091","4467","5030","11176","1592","1736","2052","2375","2476","5044","1551","1627","2039","2092","2554","6132","12997","0","12997"
"20231","11320511","창1동","27262","13230","14032","3617","3206","3531","4409","4694","7805","1860","1652","1782","2175","2247","3514","1757","1554","1749","2234","2447","4291","10387","0","10387"
"20231","11320512","창2동","30878","15185","15693","3843","3633","4318","4966","5113","9005","1965","1862","2162","2495","2507","4194","1878","1771","2156","2471","2606","4811","11534","0","11534"
"20231","11320513","창3동","15312","7693","7619","1669","1834","1857","2287","2697","4968","878","972","971","1196","1384","2292","791","862","886","1091","1313","2676","6469","0","6469"
"20231","11320514","창4동","30025","14596","15429","4109","4023","3748","4464","5511","8170","2152","2064","1872","2108","2598","3802","1957","1959","1876","2356","2913","4368","10607","0","10607"
"20231","11320515","창5동","26631","12984","13647","3271","3232","3858","3912","4352","8006","1702","1629","1938","1925","2062","3728","1569","1603","1920","1987","2290","4278","9644","0","9644"
"20231","11320521","도봉1동","22048","11169","10879","1818","2320","2697","2993","3551","8669","904","1233","1422","1656","1809","4145","914","1087","1275","1337","1742","4524","9564","0","9564"
"20231","11320522","도봉2동","28223","13937","14286","3390","2634","3489","4214","4086","10410","1726","1394","1775","2173","2039","4830","1664","1240","1714","2041","2047","5580","10935","0","10935"
"20231","11320660","쌍문1동","21760","10668","11092","2427","2677","2694","3142","3625","7195","1213","1350","1389","1584","1800","3332","1214","1327","1305","1558","1825","3863","8602","0","8602"
"20231","11320670","쌍문2동","20146","9775","10371","2204","2424","2861","2911","3259","6487","1176","1244","1442","1500","1510","2903","1028","1180","1419","1411","1749","3584","8029","0","8029"
"20231","11320680","쌍문3동","17430","8515","8915","1800","1828","2656","2751","2735","5660","931","905","1345","1417","1329","2588","869","923","1311","1334","1406","3072","7346","0","7346"
"20231","11320681","쌍문4동","19452","9326","10126","2432","2700","2553","2599","3529","5639","1229","1398","1280","1226","1594","2599","1203","1302","1273","1373","1935","3040","6668","0","6668"
"20231","11320690","방학1동","30854","15417","15437","3224","3696","4158","4289","5280","10207","1663","1955","2183","2178","2572","4866","1561","1741","1975","2111","2708","5341","12368","0","12368"
"20231","11320700","방학2동","21677","10994","10683","2110","2751","2631","3002","3910","7273","1106","1472","1462","1560","2031","3363","1004","1279","1169","1442","1879","3910","9233","0","9233"
"20231","11320710","방학3동","29657","14581","15076","4025","3818","3768","3973","5190","8883","2139","2076","1997","1817","2460","4092","1886","1742","1771","2156","2730","4791","9863","0","9863"
"20231","11350560","월계1동","22187","11501","10686","2539","2913","3278","3481","3279","6697","1335","1638","1885","1788","1680","3175","1204","1275","1393","1693","1599","3522","9383","0","9383"
"20231","11350570","월계2동","27157","13216","13941","3177","3122","3156","4213","4316","9173","1641","1628","1641","2160","2150","3996","1536","1494","1515","2053","2166","5177","10949","0","10949"
"20231","11350580","월계3동","33913","16450","17463","5036","3197","4541","6012","4908","10219","2626","1606","2221","3107","2411","4479","2410","1591","2320","2905","2497","5740","12866","0","12866"
"20231","11350595","공릉1동","37367","18304","19063","4148","4580","6357","5940","5545","10797","2105","2294","3206","3136","2689","4874","2043","2286","3151","2804","2856","5923","16155","0","16155"
"20231","11350600","공릉2동","41090","20272","20818","6353","5977","5335","6608","7025","9792","3320","3039","2713","3149","3479","4572","3033","2938","2622","3459","3546","5220","15233","0","15233"
"20231","11350611","하계1동","28983","13931","15052","2847","4968","3638","3407","5803","8320","1505","2772","1885","1579","2673","3517","1342","2196","1753","1828","3130","4803","10867","0","10867"
"20231","11350612","하계2동","25187","12199","12988","3486","4080","2831","3578","4960","6252","1760","2161","1422","1638","2389","2829","1726","1919","1409","1940","2571","3423","8444","0","8444"
"20231","11350619","중계본동","26352","12942","13410","3558","5239","2411","3145","6230","5769","1842","2723","1217","1296","3019","2845","1716","2516","1194","1849","3211","2924","8718","0","8718"
"20231","11350621","중계1동","29087","14266","14821","4415","6089","2226","3616","7437","5304","2328","3239","1127","1411","3640","2521","2087","2850","1099","2205","3797","2783","9032","0","9032"
"20231","11350624","중계4동","21511","10572","10939","2500","3261","2309","2993","4116","6332","1282","1784","1215","1483","2019","2789","1218","1477","1094","1510","2097","3543","7917","0","7917"
"20231","11350625","중계2?3동","39546","18598","20948","4960","5095","4465","6352","6653","12021","2503","2573","2151","3185","3236","4950","2457","2522","2314","3167","3417","7071","15317","0","15317"
"20231","11350630","상계1동","41426","20305","21121","5034","5397","5434","5915","7150","12496","2566","2815","2742","2889","3376","5917","2468","2582","2692","3026","3774","6579","15161","0","15161"
"20231","11350640","상계2동","21559","10678","10881","2127","3175","3037","2911","3967","6342","1095","1638","1513","1456","1933","3043","1032","1537","1524","1455","2034","3299","8340","0","8340"
"20231","11350665","상계3?4동","27744","13900","13844","2709","3226","3167","3815","4781","10046","1431","1707","1728","2001","2427","4606","1278","1519","1439","1814","2354","5440","11842","0","11842"
"20231","11350670","상계5동","27306","13262","14044","2786","3621","3429","3830","4865","8775","1423","1875","1758","1919","2321","3966","1363","1746","1671","1911","2544","4809","11041","0","11041"
"20231","11350695","상계6?7동","36633","17204","19429","5656","4492","4867","6353","6329","8936","2927","2243","2224","3002","2966","3842","2729","2249","2643","3351","3363","5094","13859","0","13859"
"20231","11350700","상계8동","26740","12933","13807","5513","2878","3711","5618","3861","5159","2805","1459","1721","2843","1900","2205","2708","1419","1990","2775","1961","2954","9325","0","9325"
"20231","11350710","상계9동","23749","11462","12287","3382","3222","2912","3781","4282","6170","1716","1716","1470","1815","2010","2735","1666","1506","1442","1966","2272","3435","8646","0","8646"
"20231","11350720","상계10동","17781","8304","9477","2305","2357","2702","2817","3063","4537","1154","1184","1289","1353","1372","1952","1151","1173","1413","1464","1691","2585","6584","0","6584"
"20231","11380510","녹번동","31623","15331","16292","3678","3162","4485","5312","4992","9994","1884","1621","2222","2710","2464","4430","1794","1541","2263","2602","2528","5564","13349","0","13349"
"20231","11380520","불광1동","42306","20267","22039","5382","4366","5798","7094","6778","12888","2794","2171","2804","3533","3253","5712","2588","2195","2994","3561","3525","7176","17099","0","17099"
"20231","11380530","불광2동","28518","13988","14530","2560","3172","4121","4223","4748","9694","1305","1684","2125","2221","2273","4380","1255","1488","1996","2002","2475","5314","12702","0","12702"
"20231","11380551","갈현1동","24611","12052","12559","2292","3101","3666","3565","4136","7851","1223","1625","1865","1832","1961","3546","1069","1476","1801","1733","2175","4305","10477","0","10477"
"20231","11380552","갈현2동","28906","13918","14988","3305","3904","4085","4659","4908","8045","1750","1932","1942","2403","2341","3550","1555","1972","2143","2256","2567","4495","11330","0","11330"
"20231","11380560","구산동","31839","15538","16301","3849","3954","4135","4934","5329","9638","1942","1952","2040","2500","2529","4575","1907","2002","2095","2434","2800","5063","11891","0","11891"
"20231","11380570","대조동","30107","14301","15806","2977","3148","5110","5026","4726","9120","1475","1483","2414","2562","2278","4089","1502","1665","2696","2464","2448","5031","14128","0","14128"
"20231","11380580","응암1동","25166","12072","13094","3278","2619","3603","4603","4015","7048","1699","1317","1680","2255","1992","3129","1579","1302","1923","2348","2023","3919","10538","0","10538"
"20231","11380590","응암2동","17038","8318","8720","2981","1761","1907","3498","2632","4259","1547","936","911","1739","1293","1892","1434","825","996","1759","1339","2367","6426","0","6426"
"20231","11380600","응암3동","26254","12910","13344","2464","2854","3674","3863","4363","9036","1261","1554","1904","1988","2195","4008","1203","1300","1770","1875","2168","5028","11935","0","11935"
"20231","11380625","역촌동","48771","23402","25369","5902","5653","6743","8522","7962","13989","2972","2820","3208","4308","3862","6232","2930","2833","3535","4214","4100","7757","19387","0","19387"
"20231","11380631","신사1동","27669","13490","14179","3156","3143","4051","4591","4453","8275","1587","1715","1982","2333","2116","3757","1569","1428","2069","2258","2337","4518","10770","0","10770"
"20231","11380632","신사2동","21138","10605","10533","2514","2602","2786","3284","3570","6382","1315","1423","1464","1686","1754","2963","1199","1179","1322","1598","1816","3419","8217","0","8217"
"20231","11380640","증산동","15115","7497","7618","1579","1677","2052","2304","2451","5052","803","873","1060","1169","1221","2371","776","804","992","1135","1230","2681","6152","0","6152"
"20231","11380650","수색동","7827","3932","3895","877","836","1055","1124","1275","2660","483","431","547","608","651","1212","394","405","508","516","624","1448","3075","0","3075"
"20231","11380690","진관동","50293","24088","26205","9460","5815","5293","8934","8416","12375","4908","2853","2404","3982","4302","5639","4552","2962","2889","4952","4114","6736","16409","0","16409"
"20231","11410520","천연동","19842","9532","10310","3033","2060","2372","3235","3313","5829","1558","1023","1175","1571","1673","2532","1475","1037","1197","1664","1640","3297","8164","0","8164"
"20231","11410555","북아현동","9826","4812","5014","1004","1068","1525","1489","1665","3075","514","540","785","784","846","1343","490","528","740","705","819","1732","4534","0","4534"
"20231","11410565","충현동","17627","8593","9034","1572","2042","2756","2515","3009","5733","769","1074","1368","1276","1519","2587","803","968","1388","1239","1490","3146","8226","0","8226"
"20231","11410615","연희동","37904","18494","19410","3647","4374","7331","5594","5889","11069","1895","2169","3864","2708","2877","4981","1752","2205","3467","2886","3012","6088","17966","0","17966"
"20231","11410620","홍제1동","22602","10762","11840","2776","2531","2963","3572","3744","7016","1371","1283","1489","1756","1782","3081","1405","1248","1474","1816","1962","3935","8960","0","8960"
"20231","11410640","홍제3동","16314","7937","8377","1634","1940","2093","2233","2871","5543","830","976","1066","1173","1425","2467","804","964","1027","1060","1446","3076","6639","0","6639"
"20231","11410655","홍제2동","15218","7313","7905","1849","1665","2078","2158","2566","4902","946","868","1000","1057","1236","2206","903","797","1078","1101","1330","2696","5720","0","5720"
"20231","11410660","홍은1동","20855","10192","10663","2334","2487","2575","2882","3594","6983","1186","1254","1293","1475","1790","3194","1148","1233","1282","1407","1804","3789","8206","0","8206"
"20231","11410685","홍은2동","27823","13595","14228","3027","3440","3942","4030","4756","8628","1554","1749","2019","2026","2348","3899","1473","1691","1923","2004","2408","4729","11512","0","11512"
"20231","11410690","남가좌1동","15986","7764","8222","3613","1451","1914","3347","2318","3343","1820","732","865","1662","1140","1545","1793","719","1049","1685","1178","1798","5077","0","5077"
"20231","11410700","남가좌2동","22912","11218","11694","2675","2758","3108","3356","3901","7114","1372","1377","1643","1683","1947","3196","1303","1381","1465","1673","1954","3918","9849","0","9849"
"20231","11410710","북가좌1동","19466","9500","9966","2972","2129","2395","3338","3264","5368","1553","1088","1137","1631","1619","2472","1419","1041","1258","1707","1645","2896","6839","0","6839"
"20231","11410720","북가좌2동","34442","16874","17568","3869","4097","4698","5514","5653","10611","1973","2129","2393","2773","2762","4844","1896","1968","2305","2741","2891","5767","13984","0","13984"
"20231","11440555","아현동","21498","10283","11215","3593","1913","3580","4177","3151","5084","1763","938","1576","2144","1523","2339","1830","975","2004","2033","1628","2745","8304","0","8304"
"20231","11440565","공덕동","37133","17847","19286","4236","3991","6100","5899","6297","10610","2150","2001","2849","2996","3082","4769","2086","1990","3251","2903","3215","5841","15952","0","15952"
"20231","11440585","도화동","22198","10672","11526","2826","2195","3578","3624","3429","6546","1483","1108","1673","1789","1681","2938","1343","1087","1905","1835","1748","3608","9097","0","9097"
"20231","11440590","용강동","20469","9899","10570","3636","1857","2689","4072","3287","4928","1833","928","1278","1973","1677","2210","1803","929","1411","2099","1610","2718","7823","0","7823"
"20231","11440600","대흥동","11549","5625","5924","845","1412","2592","1756","1685","3259","449","613","1293","895","883","1492","396","799","1299","861","802","1767","6658","0","6658"
"20231","11440610","염리동","10246","4948","5298","1166","1185","1553","1624","1736","2982","593","580","779","802","870","1324","573","605","774","822","866","1658","4652","0","4652"
"20231","11440630","신수동","21438","10501","10937","3041","2322","3282","3756","3424","5613","1548","1206","1657","1848","1724","2518","1493","1116","1625","1908","1700","3095","8711","0","8711"
"20231","11440655","서강동","25284","12138","13146","3495","2763","4810","4670","3801","5745","1818","1303","2319","2232","1823","2643","1677","1460","2491","2438","1978","3102","10957","0","10957"
"20231","11440660","서교동","24372","11344","13028","1920","2278","6226","4724","3321","5903","1003","1009","2800","2285","1611","2636","917","1269","3426","2439","1710","3267","13799","0","13799"
"20231","11440680","합정동","18775","8925","9850","2120","1885","4100","3414","2504","4752","1109","899","1831","1748","1216","2122","1011","986","2269","1666","1288","2630","8895","0","8895"
"20231","11440690","망원1동","21608","10430","11178","2221","2223","3839","3893","3391","6041","1169","1114","1791","1949","1707","2700","1052","1109","2048","1944","1684","3341","9905","0","9905"
"20231","11440700","망원2동","19167","9232","9935","2519","2088","2843","3574","3054","5089","1272","1075","1314","1729","1549","2293","1247","1013","1529","1845","1505","2796","7635","0","7635"
"20231","11440710","연남동","17597","8305","9292","1567","1653","3875","3287","2455","4760","785","802","1810","1626","1193","2089","782","851","2065","1661","1262","2671","8804","0","8804"
"20231","11440720","성산1동","19859","9469","10390","2122","2145","3293","3713","3276","5310","1066","1134","1533","1780","1581","2375","1056","1011","1760","1933","1695","2935","8805","0","8805"
"20231","11440730","성산2동","36249","17469","18780","5629","4319","5165","6381","6338","8417","2893","2192","2438","3016","3176","3754","2736","2127","2727","3365","3162","4663","14054","0","14054"
"20231","11440740","상암동","33829","16457","17372","6425","3987","3947","6338","5772","7360","3332","1979","1874","2930","3008","3334","3093","2008","2073","3408","2764","4026","12286","0","12286"
"20231","11470510","목1동","27807","13405","14402","4690","4528","2851","4269","5937","5532","2378","2256","1290","1809","2981","2691","2312","2272","1561","2460","2956","2841","8928","0","8928"
"20231","11470520","목2동","31200","15334","15866","3648","3943","5637","4998","5049","7925","1872","2161","2731","2513","2375","3682","1776","1782","2906","2485","2674","4243","12218","0","12218"
"20231","11470530","목3동","21251","10374","10877","2407","2564","3581","3392","3369","5938","1252","1449","1733","1701","1556","2683","1155","1115","1848","1691","1813","3255","8551","0","8551"
"20231","11470540","목4동","26950","13376","13574","3238","4943","3208","3726","5772","6063","1653","2772","1636","1717","2752","2846","1585","2171","1572","2009","3020","3217","9552","0","9552"
"20231","11470550","목5동","44710","22223","22487","7428","7622","4515","6136","9883","9126","3987","4180","2255","2419","4916","4466","3441","3442","2260","3717","4967","4660","13644","0","13644"
"20231","11470560","신월1동","21328","10978","10350","2129","2294","2841","3356","3658","7050","1070","1193","1519","1852","1897","3447","1059","1101","1322","1504","1761","3603","9534","0","9534"
"20231","11470570","신월2동","22442","11147","11295","2979","2455","3074","3707","3436","6791","1508","1335","1572","1910","1663","3159","1471","1120","1502","1797","1773","3632","8169","0","8169"
"20231","11470580","신월3동","16840","8848","7992","1583","1919","2283","2450","3012","5593","839","991","1273","1348","1624","2773","744","928","1010","1102","1388","2820","8031","0","8031"
"20231","11470590","신월4동","18943","9302","9641","2976","2118","2293","3394","2839","5323","1500","1103","1137","1688","1386","2488","1476","1015","1156","1706","1453","2835","6440","0","6440"
"20231","11470600","신월5동","15293","7571","7722","1975","1875","2105","2476","2584","4278","1050","961","1044","1267","1253","1996","925","914","1061","1209","1331","2282","5948","0","5948"
"20231","11470610","신월6동","6659","3311","3348","843","882","833","1006","1097","1998","434","452","439","517","538","931","409","430","394","489","559","1067","2323","0","2323"
"20231","11470611","신월7동","23403","11588","11815","2672","2608","3191","3660","3735","7537","1344","1369","1687","1930","1860","3398","1328","1239","1504","1730","1875","4139","9161","0","9161"
"20231","11470620","신정1동","21578","10558","11020","3410","3489","2153","3018","4474","5034","1748","1804","1037","1306","2228","2435","1662","1685","1116","1712","2246","2599","7011","0","7011"
"20231","11470630","신정2동","21607","10722","10885","2806","3732","2345","2708","4652","5364","1469","1984","1169","1185","2312","2603","1337","1748","1176","1523","2340","2761","7156","0","7156"
"20231","11470640","신정3동","47275","23338","23937","7541","6408","5441","7735","8551","11599","3904","3346","2757","3758","4208","5365","3637","3062","2684","3977","4343","6234","16420","0","16420"
"20231","11470650","신정4동","34659","17028","17631","3728","3810","5536","5958","5366","10261","1901","1918","2735","3089","2554","4831","1827","1892","2801","2869","2812","5430","14684","0","14684"
"20231","11470670","신정6동","26460","12891","13569","4076","4568","2916","3616","5692","5592","2134","2374","1386","1536","2742","2719","1942","2194","1530","2080","2950","2873","8160","0","8160"
"20231","11470680","신정7동","31798","15590","16208","3805","4841","3704","4175","6209","9064","2028","2536","1865","1980","3031","4150","1777","2305","1839","2195","3178","4914","11373","0","11373"
"20231","11500510","염창동","40707","20025","20682","7548","5002","5284","7452","6860","8561","3844","2610","2476","3598","3410","4087","3704","2392","2808","3854","3450","4474","13378","0","13378"
"20231","11500520","등촌1동","21207","10029","11178","2527","2129","5026","3720","2970","4835","1332","1068","2050","1901","1428","2250","1195","1061","2976","1819","1542","2585","9969","0","9969"
"20231","11500530","등촌2동","21918","10945","10973","2601","2735","3635","3337","3515","6095","1376","1536","1807","1709","1613","2904","1225","1199","1828","1628","1902","3191","7972","0","7972"
"20231","11500535","등촌3동","34687","16662","18025","3605","4369","5248","4692","5433","11340","1874","2315","2651","2370","2491","4961","1731","2054","2597","2322","2942","6379","14262","0","14262"
"20231","11500540","화곡1동","51684","25545","26139","5313","4725","10247","9544","7194","14661","2659","2371","5090","5146","3512","6767","2654","2354","5157","4398","3682","7894","23177","0","23177"
"20231","11500550","화곡2동","19772","9715","10057","2662","2083","2981","3755","3063","5228","1360","1074","1490","1906","1494","2391","1302","1009","1491","1849","1569","2837","7813","0","7813"
"20231","11500560","화곡3동","23012","11189","11823","2535","2637","3656","3449","3491","7244","1313","1331","1788","1703","1626","3428","1222","1306","1868","1746","1865","3816","8838","0","8838"
"20231","11500570","화곡4동","22351","11009","11342","2520","2371","3389","3998","3435","6638","1283","1259","1750","2072","1661","2984","1237","1112","1639","1926","1774","3654","9282","0","9282"
"20231","11500590","화곡본동","36422","17852","18570","4796","3791","6201","7202","5302","9130","2484","1881","3077","3757","2660","3993","2312","1910","3124","3445","2642","5137","15252","0","15252"
"20231","11500591","화곡6동","24725","12166","12559","2919","2686","4111","4119","3759","7131","1488","1442","1955","2147","1815","3319","1431","1244","2156","1972","1944","3812","10168","0","10168"
"20231","11500593","화곡8동","26703","12972","13731","3234","2595","4164","5191","3813","7706","1628","1345","2043","2676","1831","3449","1606","1250","2121","2515","1982","4257","10845","0","10845"
"20231","11500603","가양1동","26585","12986","13599","3430","3000","5505","4597","3876","6177","1780","1470","2559","2369","1830","2978","1650","1530","2946","2228","2046","3199","11478","0","11478"
"20231","11500604","가양2동","16549","7941","8608","1103","1292","3004","2178","2034","6938","565","664","1509","1186","951","3066","538","628","1495","992","1083","3872","7888","0","7888"
"20231","11500605","가양3동","17796","8514","9282","1855","1524","3099","2927","2299","6092","934","811","1525","1601","1107","2536","921","713","1574","1326","1192","3556","7773","0","7773"
"20231","11500611","발산1동","39598","18904","20694","7295","5742","4050","7120","6871","8520","3667","2753","1953","3389","3335","3807","3628","2989","2097","3731","3536","4713","13005","0","13005"
"20231","11500615","우장산동","46018","22135","23883","7708","5727","5581","8243","7885","10874","3839","2779","2685","3810","3916","5106","3869","2948","2896","4433","3969","5768","15787","0","15787"
"20231","11500620","공항동","21949","11131","10818","2919","2011","3729","3870","3094","6326","1515","989","1896","2115","1613","3003","1404","1022","1833","1755","1481","3323","10102","0","10102"
"20231","11500630","방화1동","44245","21720","22525","7878","4495","5856","8138","6362","11516","3974","2302","2780","4063","3212","5389","3904","2193","3076","4075","3150","6127","15813","0","15813"
"20231","11500640","방화2동","23158","11434","11724","2391","2246","3695","3555","3411","7860","1244","1160","1839","1890","1762","3539","1147","1086","1856","1665","1649","4321","10374","0","10374"
"20231","11500641","방화3동","25941","12518","13423","3158","2278","3810","4348","3737","8610","1587","1185","1861","2242","1821","3822","1571","1093","1949","2106","1916","4788","11045","0","11045"
"20231","11530510","신도림동","37145","18228","18917","6689","3913","5106","7286","5347","8804","3407","2006","2384","3532","2661","4238","3282","1907","2722","3754","2686","4566","12540","0","12540"
"20231","11530520","구로1동","20644","10237","10407","3581","2254","3109","3981","3036","4683","1877","1165","1547","1976","1496","2176","1704","1089","1562","2005","1540","2507","7091","0","7091"
"20231","11530530","구로2동","27306","13796","13510","2367","2709","3588","3954","4938","9750","1223","1391","1848","2148","2615","4571","1144","1318","1740","1806","2323","5179","12799","0","12799"
"20231","11530540","구로3동","26146","13194","12952","3083","2004","6479","5459","3291","5830","1558","952","3226","3005","1762","2691","1525","1052","3253","2454","1529","3139","13430","0","13430"
"20231","11530550","구로4동","22308","11078","11230","2201","2049","3528","3867","3515","7148","1112","1078","1694","2105","1825","3264","1089","971","1834","1762","1690","3884","10628","0","10628"
"20231","11530560","구로5동","29629","14558","15071","3632","2870","5640","5087","4342","8058","1836","1409","2650","2626","2183","3854","1796","1461","2990","2461","2159","4204","13070","0","13070"
"20231","11530595","가리봉동","10098","5543","4555","628","795","1246","1314","2101","4014","327","408","690","781","1242","2095","301","387","556","533","859","1919","5739","0","5739"
"20231","11530720","고척1동","24431","12260","12171","2991","2920","3304","3725","3930","7561","1546","1542","1755","1905","1950","3562","1445","1378","1549","1820","1980","3999","9222","0","9222"
"20231","11530730","고척2동","28625","14298","14327","3686","3504","3510","4609","4945","8371","1894","1816","1777","2325","2462","4024","1792","1688","1733","2284","2483","4347","10972","0","10972"
"20231","11530740","개봉1동","32447","16214","16233","4037","3652","4152","5067","5206","10333","1994","1917","2075","2616","2648","4964","2043","1735","2077","2451","2558","5369","12736","0","12736"
"20231","11530750","개봉2동","34282","16893","17389","4816","3308","4671","6031","4645","10811","2486","1711","2270","3131","2235","5060","2330","1597","2401","2900","2410","5751","12473","0","12473"
"20231","11530760","개봉3동","20217","10000","10217","2547","2230","2683","3415","3143","6199","1299","1143","1398","1782","1521","2857","1248","1087","1285","1633","1622","3342","7650","0","7650"
"20231","11530770","오류1동","20637","10158","10479","2315","2048","3699","3555","2824","6196","1148","993","1799","1903","1437","2878","1167","1055","1900","1652","1387","3318","8926","0","8926"
"20231","11530780","오류2동","41924","20532","21392","7476","4258","5234","7688","6094","11174","3834","2190","2496","3875","3045","5092","3642","2068","2738","3813","3049","6082","14941","0","14941"
"20231","11530790","수궁동","25143","12527","12616","3469","2798","3309","4419","3829","7319","1813","1506","1632","2258","1904","3414","1656","1292","1677","2161","1925","3905","9287","0","9287"
"20231","11530800","항동","2568","1281","1287","393","262","306","464","401","742","206","135","156","235","204","345","187","127","150","229","197","397","943","0","943"
"20231","11545510","가산동","18712","10409","8303","1427","1467","5073","3192","2696","4857","721","676","2864","1967","1603","2578","706","791","2209","1225","1093","2279","11154","0","11154"
"20231","11545610","독산1동","29172","15296","13876","3132","2734","5979","4897","4234","8196","1631","1382","3328","2801","2219","3935","1501","1352","2651","2096","2015","4261","13707","0","13707"
"20231","11545620","독산2동","20805","10580","10225","2021","2411","3031","2861","3976","6505","1041","1279","1611","1508","2030","3111","980","1132","1420","1353","1946","3394","9070","0","9070"
"20231","11545630","독산3동","24757","12508","12249","2179","2669","3543","3527","4714","8125","1061","1393","1850","1934","2352","3918","1118","1276","1693","1593","2362","4207","11307","0","11307"
"20231","11545640","독산4동","16891","8513","8378","1583","1945","2221","2461","3338","5343","791","974","1188","1246","1719","2595","792","971","1033","1215","1619","2748","7447","0","7447"
"20231","11545670","시흥1동","34306","17230","17076","4063","3622","4961","5491","5727","10442","2110","1915","2558","2844","2904","4899","1953","1707","2403","2647","2823","5543","14342","0","14342"
"20231","11545680","시흥2동","23869","11691","12178","3450","2864","2727","3656","4055","7117","1760","1461","1438","1735","1975","3322","1690","1403","1289","1921","2080","3795","8314","0","8314"
"20231","11545690","시흥3동","10878","5434","5444","1183","1172","1455","1575","1724","3769","554","631","763","836","868","1782","629","541","692","739","856","1987","4177","0","4177"
"20231","11545700","시흥4동","21890","10936","10954","2416","2562","2853","3115","3802","7142","1224","1307","1512","1594","1914","3385","1192","1255","1341","1521","1888","3757","8599","0","8599"
"20231","11545710","시흥5동","18790","9438","9352","1946","2201","2330","2651","3299","6363","1021","1158","1236","1393","1692","2938","925","1043","1094","1258","1607","3425","7987","0","7987"
"20231","11560515","영등포본동","22836","11519","11317","2860","2251","3356","3704","3643","7022","1410","1181","1707","1927","1900","3394","1450","1070","1649","1777","1743","3628","9905","0","9905"
"20231","11560535","영등포동","17225","9669","7556","1321","1246","4403","2760","2387","5108","712","594","2328","1604","1504","2927","609","652","2075","1156","883","2181","10865","0","10865"
"20231","11560540","여의동","28793","13691","15102","4470","2786","3677","4639","4433","8788","2262","1390","1697","2141","2166","4035","2208","1396","1980","2498","2267","4753","10529","0","10529"
"20231","11560550","당산1동","20148","9854","10294","2408","1767","3787","3613","2776","5797","1200","866","1809","1900","1402","2677","1208","901","1978","1713","1374","3120","8853","0","8853"
"20231","11560560","당산2동","33422","15920","17502","4378","3011","7985","5837","4234","7977","2285","1418","3480","2912","2058","3767","2093","1593","4505","2925","2176","4210","15111","0","15111"
"20231","11560585","도림동","19997","10044","9953","2240","1762","3482","3541","3220","5752","1157","919","1666","1933","1668","2701","1083","843","1816","1608","1552","3051","9216","0","9216"
"20231","11560605","문래동","32692","16240","16452","5883","2908","4556","6497","4586","8262","3068","1482","2113","3238","2398","3941","2815","1426","2443","3259","2188","4321","12090","0","12090"
"20231","11560610","양평1동","17070","8527","8543","2398","1429","3173","3564","2231","4275","1229","720","1530","1914","1209","1925","1169","709","1643","1650","1022","2350","7600","0","7600"
"20231","11560620","양평2동","22099","11046","11053","3412","2348","4170","4059","3257","4853","1711","1212","2000","2087","1711","2325","1701","1136","2170","1972","1546","2528","8762","0","8762"
"20231","11560630","신길1동","17202","8741","8461","1359","1604","3260","2733","2678","5568","697","830","1740","1524","1414","2536","662","774","1520","1209","1264","3032","8919","0","8919"
"20231","11560650","신길3동","16658","8346","8312","1951","1749","2162","2536","2887","5373","1005","970","1107","1302","1461","2501","946","779","1055","1234","1426","2872","6949","0","6949"
"20231","11560660","신길4동","9364","4673","4691","857","1083","1285","1226","1607","3306","437","581","684","633","803","1535","420","502","601","593","804","1771","3942","0","3942"
"20231","11560670","신길5동","9645","4845","4800","948","1033","1212","1421","1656","3375","502","544","651","728","843","1577","446","489","561","693","813","1798","4228","0","4228"
"20231","11560680","신길6동","16987","8362","8625","1871","1826","2784","2621","2623","5262","967","952","1411","1335","1279","2418","904","874","1373","1286","1344","2844","7092","0","7092"
"20231","11560690","신길7동","12751","6395","6356","2034","1667","1824","2225","2169","2832","1112","828","930","1103","1113","1309","922","839","894","1122","1056","1523","4723","0","4723"
"20231","11560700","대림1동","13474","6752","6722","1202","1519","1838","1892","2342","4681","622","809","971","1019","1164","2167","580","710","867","873","1178","2514","5901","0","5901"
"20231","11560710","대림2동","13629","6736","6893","1184","1191","1870","2013","2394","4977","599","640","950","1057","1173","2317","585","551","920","956","1221","2660","6490","0","6490"
"20231","11560720","대림3동","24878","12593","12285","2951","2612","3688","3838","4191","7598","1512","1410","1929","1991","2128","3623","1439","1202","1759","1847","2063","3975","10158","0","10158"
"20231","11590510","노량진1동","30860","15434","15426","3747","3195","5559","4768","4466","9125","1914","1670","3028","2502","2233","4087","1833","1525","2531","2266","2233","5038","13315","0","13315"
"20231","11590520","노량진2동","13262","6766","6496","866","1393","2450","1704","2148","4701","446","717","1368","929","1120","2186","420","676","1082","775","1028","2515","6720","0","6720"
"20231","11590530","상도1동","46157","22802","23355","6111","5387","8643","7734","6209","12073","3206","2683","4614","3820","3027","5452","2905","2704","4029","3914","3182","6621","19998","0","19998"
"20231","11590540","상도2동","24850","12037","12813","3389","2467","4324","4313","3569","6788","1739","1206","2076","2174","1776","3066","1650","1261","2248","2139","1793","3722","10438","0","10438"
"20231","11590550","상도3동","25055","12231","12824","2752","2624","4230","4303","3767","7379","1421","1357","2106","2184","1816","3347","1331","1267","2124","2119","1951","4032","10459","0","10459"
"20231","11590560","상도4동","28952","14335","14617","3504","3047","4725","4937","4467","8272","1825","1618","2407","2614","2127","3744","1679","1429","2318","2323","2340","4528","11842","0","11842"
"20231","11590605","흑석동","29016","14150","14866","3467","3153","4433","4501","4483","8979","1795","1584","2299","2326","2172","3974","1672","1569","2134","2175","2311","5005","11991","0","11991"
"20231","11590620","사당1동","22033","10598","11435","1793","1862","5394","3915","2741","6328","971","936","2501","2027","1308","2855","822","926","2893","1888","1433","3473","10979","0","10979"
"20231","11590630","사당2동","28458","13883","14575","3654","2485","4598","5019","3855","8847","1945","1275","2189","2563","1860","4051","1709","1210","2409","2456","1995","4796","11314","0","11314"
"20231","11590640","사당3동","23901","11636","12265","3182","2159","3731","4047","3321","7461","1655","1095","1785","1990","1622","3489","1527","1064","1946","2057","1699","3972","9260","0","9260"
"20231","11590650","사당4동","14300","6955","7345","1501","1358","2548","2557","2026","4310","775","711","1247","1331","970","1921","726","647","1301","1226","1056","2389","6135","0","6135"
"20231","11590651","사당5동","11517","5667","5850","1453","1174","1916","2109","1700","3165","754","633","935","1074","841","1430","699","541","981","1035","859","1735","4902","0","4902"
"20231","11590660","대방동","39072","18782","20290","5061","5448","5895","6108","6895","9665","2564","2763","2806","2916","3424","4309","2497","2685","3089","3192","3471","5356","15269","0","15269"
"20231","11590670","신대방1동","25113","12292","12821","3653","3100","3317","4026","4243","6774","1889","1541","1640","1898","2143","3181","1764","1559","1677","2128","2100","3593","9566","0","9566"
"20231","11590680","신대방2동","19143","9398","9745","2868","2090","3139","3472","2913","4661","1526","1051","1467","1727","1458","2169","1342","1039","1672","1745","1455","2492","7773","0","7773"
"20231","11620525","보라매동","24290","12101","12189","2435","2474","4335","4059","3604","7383","1243","1299","2238","2141","1784","3396","1192","1175","2097","1918","1820","3987","10753","0","10753"
"20231","11620545","청림동","17325","8505","8820","2838","1582","2334","3259","2482","4830","1437","793","1168","1684","1290","2133","1401","789","1166","1575","1192","2697","6563","0","6563"
"20231","11620565","성현동","32568","15918","16650","4556","3795","3837","5545","5410","9425","2352","1992","1861","2763","2723","4227","2204","1803","1976","2782","2687","5198","12051","0","12051"
"20231","11620575","행운동","25488","12516","12972","2053","2264","7397","4414","3000","6360","1036","1043","3634","2399","1527","2877","1017","1221","3763","2015","1473","3483","14301","0","14301"
"20231","11620585","낙성대동","15762","7962","7800","1259","1750","5057","2591","1757","3348","639","792","2678","1396","908","1549","620","958","2379","1195","849","1799","9302","0","9302"
"20231","11620595","청룡동","27130","13262","13868","2062","2865","7843","4311","3270","6779","1049","1310","3823","2280","1680","3120","1013","1555","4020","2031","1590","3659","15915","0","15915"
"20231","11620605","은천동","34935","17283","17652","4592","3390","5645","6212","5163","9933","2365","1725","2815","3237","2605","4536","2227","1665","2830","2975","2558","5397","14515","0","14515"
"20231","11620615","중앙동","14535","7052","7483","1022","1433","3884","2247","1886","4063","537","647","1879","1201","974","1814","485","786","2005","1046","912","2249","7888","0","7888"
"20231","11620625","인헌동","27630","13734","13896","2914","2755","6416","4783","3860","6902","1515","1377","3246","2531","1926","3139","1399","1378","3170","2252","1934","3763","13264","0","13264"
"20231","11620630","남현동","18394","8878","9516","2019","1683","4427","3144","2321","4800","1025","781","2131","1627","1106","2208","994","902","2296","1517","1215","2592","8375","0","8375"
"20231","11620645","서원동","22834","11713","11121","1498","2175","6237","3974","2955","5995","765","1098","3427","2221","1441","2761","733","1077","2810","1753","1514","3234","12286","0","12286"
"20231","11620655","신원동","18403","9182","9221","1516","1893","3971","3023","2591","5409","763","948","2160","1625","1276","2410","753","945","1811","1398","1315","2999","9154","0","9154"
"20231","11620665","서림동","24645","13642","11003","1870","2532","6503","4141","3280","6319","998","1314","3999","2546","1815","2970","872","1218","2504","1595","1465","3349","13724","0","13724"
"20231","11620685","신사동","23022","11613","11409","1976","2434","4982","3783","3628","6219","1047","1224","2628","1975","1828","2911","929","1210","2354","1808","1800","3308","11737","0","11737"
"20231","11620695","신림동","19935","10085","9850","898","1810","8114","3667","1916","3530","471","721","4113","2091","1050","1639","427","1089","4001","1576","866","1891","14327","0","14327"
"20231","11620715","난향동","17130","8500","8630","2656","1722","1880","3239","2756","4877","1352","894","956","1627","1452","2219","1304","828","924","1612","1304","2658","6385","0","6385"
"20231","11620725","조원동","17088","8712","8376","1496","1518","3865","2961","2464","4784","753","712","2022","1614","1303","2308","743","806","1843","1347","1161","2476","9058","0","9058"
"20231","11620735","대학동","22444","13615","8829","1438","2398","6280","4087","3255","4986","732","1264","4242","2771","2150","2456","706","1134","2038","1316","1105","2530","14261","0","14261"
"20231","11620745","삼성동","25864","13023","12841","2197","2759","3302","3587","4371","9648","1152","1423","1799","1984","2269","4396","1045","1336","1503","1603","2102","5252","11026","0","11026"
"20231","11620765","미성동","30775","15378","15397","3407","3509","4696","4831","4864","9468","1749","1757","2466","2566","2365","4475","1658","1752","2230","2265","2499","4993","12732","0","12732"
"20231","11620775","난곡동","29317","14862","14455","2978","3473","4067","4463","4981","9355","1542","1843","2216","2401","2480","4380","1436","1630","1851","2062","2501","4975","12309","0","12309"
"20231","11650510","서초1동","20781","10038","10743","2874","2259","3393","3806","3207","5242","1462","1185","1588","1789","1566","2448","1412","1074","1805","2017","1641","2794","8676","0","8676"
"20231","11650520","서초2동","17183","8274","8909","2504","1780","2853","3217","2640","4189","1259","924","1302","1496","1301","1992","1245","856","1551","1721","1339","2197","7032","0","7032"
"20231","11650530","서초3동","25750","12651","13099","2777","3369","4322","3916","4468","6898","1443","1922","2005","1884","2138","3259","1334","1447","2317","2032","2330","3639","10234","0","10234"
"20231","11650531","서초4동","26577","12926","13651","4743","3332","2877","4602","4876","6147","2448","1713","1303","2047","2453","2962","2295","1619","1574","2555","2423","3185","8844","0","8844"
"20231","11650540","잠원동","26523","12794","13729","4196","3275","3497","4734","5195","5626","2188","1628","1639","2082","2619","2638","2008","1647","1858","2652","2576","2988","10221","0","10221"
"20231","11650550","반포본동","12869","6096","6773","1787","2213","1016","1785","2967","3101","952","1066","479","670","1493","1436","835","1147","537","1115","1474","1665","4208","0","4208"
"20231","11650560","반포1동","28508","13708","14800","4562","2729","4889","5931","4491","5906","2352","1305","2191","2783","2369","2708","2210","1424","2698","3148","2122","3198","12608","0","12608"
"20231","11650570","반포2동","12641","5976","6665","3055","1544","996","2301","2282","2463","1538","736","439","929","1211","1123","1517","808","557","1372","1071","1340","3844","0","3844"
"20231","11650580","반포3동","17389","8265","9124","3107","2218","1834","3191","3274","3765","1599","1117","853","1366","1650","1680","1508","1101","981","1825","1624","2085","5901","0","5901"
"20231","11650581","반포4동","19165","9074","10091","3161","2269","2545","3307","3180","4703","1615","1137","1167","1466","1505","2184","1546","1132","1378","1841","1675","2519","6773","0","6773"
"20231","11650590","방배본동","21003","9845","11158","2997","2940","2556","3223","4043","5244","1497","1385","1176","1392","1946","2449","1500","1555","1380","1831","2097","2795","7469","0","7469"
"20231","11650600","방배1동","17063","8160","8903","2035","1884","2922","3047","2535","4640","1059","1013","1280","1487","1179","2142","976","871","1642","1560","1356","2498","6998","0","6998"
"20231","11650610","방배2동","20416","9763","10653","2403","2439","3402","3304","3006","5862","1226","1277","1572","1607","1368","2713","1177","1162","1830","1697","1638","3149","7853","0","7853"
"20231","11650620","방배3동","21866","10587","11279","2411","2735","3409","3060","3539","6712","1227","1455","1705","1420","1626","3154","1184","1280","1704","1640","1913","3558","8066","0","8066"
"20231","11650621","방배4동","22692","10501","12191","3087","2951","3345","3775","4029","5505","1533","1342","1424","1736","1899","2567","1554","1609","1921","2039","2130","2938","8746","0","8746"
"20231","11650651","양재1동","47758","22988","24770","8804","4536","6512","9257","6735","11914","4506","2293","3098","4476","3357","5258","4298","2243","3414","4781","3378","6656","17649","0","17649"
"20231","11650652","양재2동","23406","11715","11691","2936","2189","4501","4623","3628","5529","1511","1142","2274","2380","1850","2558","1425","1047","2227","2243","1778","2971","10573","0","10573"
"20231","11650660","내곡동","18416","9036","9380","3581","1529","2350","3583","2279","5094","1819","807","1118","1819","1104","2369","1762","722","1232","1764","1175","2725","6706","0","6706"
"20231","11680510","신사동","18137","8472","9665","2230","2121","2768","3104","3062","4852","1158","1065","1193","1372","1468","2216","1072","1056","1575","1732","1594","2636","7476","0","7476"
"20231","11680521","논현1동","23747","10982","12765","1598","1819","6239","5414","3189","5488","794","873","2732","2527","1597","2459","804","946","3507","2887","1592","3029","13776","0","13776"
"20231","11680531","논현2동","21289","9978","11311","2207","1914","4273","4501","3089","5305","1127","1004","1798","2080","1518","2451","1080","910","2475","2421","1571","2854","10305","0","10305"
"20231","11680545","압구정동","28557","13258","15299","4370","3214","3441","4765","4777","7990","2180","1571","1530","2100","2272","3605","2190","1643","1911","2665","2505","4385","10627","0","10627"
"20231","11680565","청담동","30253","14353","15900","4122","3496","4561","5329","4948","7797","2167","1864","2042","2408","2299","3573","1955","1632","2519","2921","2649","4224","11870","0","11870"
"20231","11680580","삼성1동","12969","6444","6525","1536","1706","1937","2050","2251","3489","801","1055","941","946","1050","1651","735","651","996","1104","1201","1838","4969","0","4969"
"20231","11680590","삼성2동","29555","14126","15429","4404","3483","4429","6173","5279","5787","2328","1943","1910","2634","2651","2660","2076","1540","2519","3539","2628","3127","12693","0","12693"
"20231","11680600","대치1동","24865","12437","12428","4090","5027","2014","3011","6046","4677","2273","2726","939","1171","2994","2334","1817","2301","1075","1840","3052","2343","7201","0","7201"
"20231","11680610","대치2동","40398","20450","19948","4638","8163","4534","4366","9272","9425","2599","4711","2272","1768","4369","4731","2039","3452","2262","2598","4903","4694","12849","0","12849"
"20231","11680630","대치4동","20756","9812","10944","1732","3513","3550","3669","4333","3959","926","1833","1564","1593","2032","1864","806","1680","1986","2076","2301","2095","9779","0","9779"
"20231","11680640","역삼1동","35231","16873","18358","2250","2975","9999","8129","4726","7152","1125","1362","4509","3968","2513","3396","1125","1613","5490","4161","2213","3756","21923","0","21923"
"20231","11680650","역삼2동","36291","17132","19159","5899","5027","4745","6988","7068","6564","3103","2358","2043","3002","3598","3028","2796","2669","2702","3986","3470","3536","14501","0","14501"
"20231","11680655","도곡1동","21644","10277","11367","3153","2714","3349","3405","3672","5351","1522","1327","1533","1560","1761","2574","1631","1387","1816","1845","1911","2777","7836","0","7836"
"20231","11680656","도곡2동","24138","11213","12925","4108","3805","2562","3795","5034","4834","1987","1686","1117","1609","2460","2354","2121","2119","1445","2186","2574","2480","8019","0","8019"
"20231","11680660","개포1동","6308","3041","3267","803","957","794","712","1093","1949","411","485","375","288","506","976","392","472","419","424","587","973","1924","0","1924"
"20231","11680670","개포2동","14194","6920","7274","1879","2386","1669","1695","2832","3733","958","1199","853","767","1299","1844","921","1187","816","928","1533","1889","4714","0","4714"
"20231","11680690","개포4동","18031","8893","9138","2179","2374","2741","2992","3259","4486","1137","1219","1332","1505","1559","2141","1042","1155","1409","1487","1700","2345","7269","0","7269"
"20231","11680700","세곡동","42164","20181","21983","8556","4325","5147","8093","5849","10194","4248","2146","2376","3941","2936","4534","4308","2179","2771","4152","2913","5660","14864","0","14864"
"20231","11680720","일원본동","25466","12646","12820","4394","3697","3009","3824","4867","5675","2369","2037","1508","1648","2364","2720","2025","1660","1501","2176","2503","2955","8348","0","8348"
"20231","11680730","일원1동","17211","8427","8784","1766","1952","2807","2464","2638","5584","921","1109","1373","1301","1241","2482","845","843","1434","1163","1397","3102","7276","0","7276"
"20231","11680740","일원2동","15370","7351","8019","1903","1699","2134","2634","2343","4657","1007","989","1059","1308","1122","1866","896","710","1075","1326","1221","2791","6119","0","6119"
"20231","11680750","수서동","16178","7412","8766","1442","1217","2501","2412","1739","6867","707","661","1241","1350","784","2669","735","556","1260","1062","955","4198","7306","0","7306"
"20231","11710510","풍납1동","15603","7687","7916","1648","1601","2267","2431","2520","5136","856","822","1162","1261","1239","2347","792","779","1105","1170","1281","2789","6525","0","6525"
"20231","11710520","풍납2동","23982","11544","12438","3437","2599","3845","4232","3662","6207","1765","1320","1733","2016","1803","2907","1672","1279","2112","2216","1859","3300","9202","0","9202"
"20231","11710531","거여1동","11495","5902","5593","1249","1460","1484","1672","2051","3579","651","787","816","837","1052","1759","598","673","668","835","999","1820","4543","0","4543"
"20231","11710532","거여2동","17995","8871","9124","2403","2014","2115","2930","3195","5338","1213","1043","1118","1460","1608","2429","1190","971","997","1470","1587","2909","7034","0","7034"
"20231","11710540","마천1동","22624","11470","11154","2754","2589","2553","3421","3852","7455","1387","1321","1356","1775","2052","3579","1367","1268","1197","1646","1800","3876","9236","0","9236"
"20231","11710550","마천2동","19813","10146","9667","2023","2254","2525","2889","3454","6668","1038","1220","1361","1545","1797","3185","985","1034","1164","1344","1657","3483","8005","0","8005"
"20231","11710561","방이1동","16181","7874","8307","2081","2389","2216","2379","2998","4118","1049","1227","1108","1092","1412","1986","1032","1162","1108","1287","1586","2132","5760","0","5760"
"20231","11710562","방이2동","24312","11851","12461","2598","2393","4748","4613","3624","6336","1383","1233","2280","2334","1715","2906","1215","1160","2468","2279","1909","3430","11118","0","11118"
"20231","11710566","오륜동","19267","9403","9864","2497","3408","2086","2332","4086","4858","1310","1813","1020","919","1968","2373","1187","1595","1066","1413","2118","2485","5828","0","5828"
"20231","11710570","오금동","36272","17898","18374","4092","4829","5417","5035","6250","10649","2131","2554","2734","2452","2926","5101","1961","2275","2683","2583","3324","5548","13248","0","13248"
"20231","11710580","송파1동","26130","12457","13673","2738","2670","5469","4806","3752","6695","1361","1316","2514","2366","1776","3124","1377","1354","2955","2440","1976","3571","11605","0","11605"
"20231","11710590","송파2동","21811","10629","11182","2867","3057","3149","3147","3653","5938","1502","1503","1563","1515","1731","2815","1365","1554","1586","1632","1922","3123","7201","0","7201"
"20231","11710600","석촌동","34527","16735","17792","3778","3320","6899","6562","5157","8811","1895","1743","3243","3305","2517","4032","1883","1577","3656","3257","2640","4779","15878","0","15878"
"20231","11710610","삼전동","33572","16157","17415","3699","3432","6552","6869","5112","7908","1897","1811","3056","3411","2426","3556","1802","1621","3496","3458","2686","4352","15424","0","15424"
"20231","11710620","가락본동","27265","13643","13622","3259","3363","4574","4217","4638","7214","1691","1771","2249","2139","2300","3493","1568","1592","2325","2078","2338","3721","10736","0","10736"
"20231","11710631","가락1동","735","366","369","124","100","92","114","127","178","65","61","47","57","55","81","59","39","45","57","72","97","222","0","222"
"20231","11710632","가락2동","31488","15493","15995","4839","4251","4529","5003","5514","7352","2488","2197","2216","2383","2696","3513","2351","2054","2313","2620","2818","3839","10781","0","10781"
"20231","11710641","문정1동","21688","10719","10969","2555","2597","3774","3252","3437","6073","1322","1314","1896","1647","1602","2938","1233","1283","1878","1605","1835","3135","8174","0","8174"
"20231","11710642","문정2동","19802","9480","10322","2402","1894","3669","3390","2643","5804","1206","992","1701","1544","1247","2790","1196","902","1968","1846","1396","3014","8034","0","8034"
"20231","11710646","장지동","32060","15550","16510","4985","3976","4238","5573","5156","8132","2532","2036","2123","2766","2453","3640","2453","1940","2115","2807","2703","4492","11580","0","11580"
"20231","11710647","위례동","17776","8831","8945","4478","1873","1704","3874","3002","2845","2282","978","778","1848","1614","1331","2196","895","926","2026","1388","1514","5586","0","5586"
"20231","11710650","잠실본동","29377","14001","15376","2812","3137","6035","5628","4491","7274","1468","1545","2784","2763","2143","3298","1344","1592","3251","2865","2348","3976","13992","0","13992"
"20231","11710670","잠실2동","37790","18019","19771","8259","4848","3403","7574","7192","6514","4206","2327","1461","3208","3801","3016","4053","2521","1942","4366","3391","3498","12176","0","12176"
"20231","11710680","잠실3동","37310","17936","19374","6137","4464","4630","6051","6002","10026","3245","2189","2144","2724","2901","4733","2892","2275","2486","3327","3101","5293","12376","0","12376"
"20231","11710690","잠실4동","22970","11125","11845","4871","2151","2672","4593","3429","5254","2499","1125","1196","2108","1726","2471","2372","1026","1476","2485","1703","2783","7353","0","7353"
"20231","11710710","잠실6동","16882","8015","8867","2347","2101","2356","2362","2763","4953","1158","1051","1127","1045","1265","2369","1189","1050","1229","1317","1498","2584","5445","0","5445"
"20231","11710720","잠실7동","10540","4937","5603","1365","1486","1183","1363","1838","3305","710","663","525","600","870","1569","655","823","658","763","968","1736","3397","0","3397"
"20231","11740515","강일동","34450","16815","17635","6574","4587","3459","5849","5563","8418","3415","2296","1719","2762","2782","3841","3159","2291","1740","3087","2781","4577","11108","0","11108"
"20231","11740520","상일동","8782","4429","4353","890","1242","1250","1023","1606","2771","477","624","699","503","769","1357","413","618","551","520","837","1414","3203","0","3203"
"20231","11740530","명일1동","23041","11295","11746","3304","3171","2927","3397","3918","6324","1757","1682","1471","1589","1877","2919","1547","1489","1456","1808","2041","3405","7970","0","7970"
"20231","11740540","명일2동","18340","9201","9139","2408","2922","2336","2171","3466","5037","1304","1597","1260","930","1682","2428","1104","1325","1076","1241","1784","2609","5805","0","5805"
"20231","11740550","고덕1동","16057","8177","7880","2594","2046","2087","2651","2709","3970","1351","1158","1101","1312","1349","1906","1243","888","986","1339","1360","2064","5344","0","5344"
"20231","11740560","고덕2동","8110","4273","3837","665","990","1014","1001","1461","2979","336","575","590","547","777","1448","329","415","424","454","684","1531","3520","0","3520"
"20231","11740570","암사1동","35414","17674","17740","4393","3979","5039","5979","5821","10203","2225","2145","2583","3097","2910","4714","2168","1834","2456","2882","2911","5489","14592","0","14592"
"20231","11740580","암사2동","14123","6943","7180","2377","1353","2086","2733","2082","3492","1232","682","990","1348","1072","1619","1145","671","1096","1385","1010","1873","5331","0","5331"
"20231","11740590","암사3동","19270","9507","9763","3668","2197","2156","3345","3154","4750","1850","1136","1096","1570","1588","2267","1818","1061","1060","1775","1566","2483","6075","0","6075"
"20231","11740600","천호1동","28380","14072","14308","3131","3131","4142","4369","4544","9063","1604","1602","2105","2274","2242","4245","1527","1529","2037","2095","2302","4818","11817","0","11817"
"20231","11740610","천호2동","30887","15548","15339","3270","2907","4917","5232","5018","9543","1673","1555","2454","2758","2606","4502","1597","1352","2463","2474","2412","5041","14174","0","14174"
"20231","11740620","천호3동","21563","10905","10658","2071","1954","3683","3501","3237","7117","1055","995","1861","1924","1696","3374","1016","959","1822","1577","1541","3743","10023","0","10023"
"20231","11740640","성내1동","19174","9373","9801","2870","2069","2870","3425","2859","5081","1481","1076","1388","1693","1398","2337","1389","993","1482","1732","1461","2744","7145","0","7145"
"20231","11740650","성내2동","24045","11987","12058","2366","2141","4218","4151","3636","7533","1248","1071","2112","2186","1814","3556","1118","1070","2106","1965","1822","3977","11136","0","11136"
"20231","11740660","성내3동","23172","11552","11620","2733","2585","3613","4079","3726","6436","1451","1457","1833","2091","1824","2896","1282","1128","1780","1988","1902","3540","9599","0","9599"
"20231","11740685","길동","46207","22719","23488","5288","4863","7779","7696","6990","13591","2792","2496","3735","3964","3407","6325","2496","2367","4044","3732","3583","7266","18726","0","18726"
"20231","11740690","둔촌1동","25","15","10","2","5","2","1","5","10","2","3","2","0","1","7","0","2","0","1","4","3","14","0","14"
"20231","11740700","둔촌2동","27231","13469","13762","3510","3339","4023","4101","4361","7897","1861","1709","2034","2057","2121","3687","1649","1630","1989","2044","2240","4210","10139","0","10139"
"20232","11110515","청운효자동","13009","6104","6905","1650","1622","1661","2151","2248","3677","867","844","784","955","1046","1608","783","778","877","1196","1202","2069","5352","0","5352"
"20232","11110530","사직동","8486","3874","4612","1113","786","1169","1409","1384","2625","577","361","520","604","627","1185","536","425","649","805","757","1440","4758","0","4758"
"20232","11110540","삼청동","2597","1223","1374","229","258","281","394","386","1049","120","130","130","193","185","465","109","128","151","201","201","584","1340","0","1340"
"20232","11110550","부암동","9744","4724","5020","1001","1267","1225","1322","1772","3157","543","680","643","592","825","1441","458","587","582","730","947","1716","4389","0","4389"
"20232","11110560","평창동","17852","8516","9336","2118","2297","2227","2341","3213","5656","1118","1187","1155","1039","1418","2599","1000","1110","1072","1302","1795","3057","7519","0","7519"
"20232","11110570","무악동","8491","4000","4491","1252","1071","886","1269","1557","2456","608","488","419","585","783","1117","644","583","467","684","774","1339","3189","0","3189"
"20232","11110580","교남동","4425","2085","2340","413","467","580","677","750","1538","204","241","270","338","382","650","209","226","310","339","368","888","4594","0","4594"
"20232","11110600","가회동","4350","2016","2334","404","470","553","693","753","1477","203","224","266","322","364","637","201","246","287","371","389","840","2075","0","2075"
"20232","11110615","종로1?2?3?4가동","7051","4082","2969","384","574","927","825","1133","3208","212","185","548","492","770","1875","172","389","379","333","363","1333","5274","0","5274"
"20232","11110630","종로5?6가동","5316","2910","2406","266","675","790","594","959","2032","124","412","444","352","525","1053","142","263","346","242","434","979","3392","0","3392"
"20232","11110640","이화동","8190","3843","4347","648","843","1854","1215","1242","2388","299","384","876","616","604","1064","349","459","978","599","638","1324","4433","0","4433"
"20232","11110650","혜화동","16276","8000","8276","1506","2420","3581","2208","2318","4243","757","1126","2051","1062","1139","1865","749","1294","1530","1146","1179","2378","9367","0","9367"
"20232","11110670","창신1동","5666","3042","2624","369","535","716","683","1074","2289","187","285","414","351","592","1213","182","250","302","332","482","1076","2960","0","2960"
"20232","11110680","창신2동","9581","4892","4689","685","1147","1280","1208","1936","3325","367","590","699","679","1015","1542","318","557","581","529","921","1783","4184","0","4184"
"20232","11110690","창신3동","6905","3445","3460","828","790","1029","971","1162","2125","432","435","526","477","571","1004","396","355","503","494","591","1121","2911","0","2911"
"20232","11110700","숭인1동","5812","2906","2906","619","603","775","913","1027","1875","321","312","400","477","532","864","298","291","375","436","495","1011","3038","0","3038"
"20232","11110710","숭인2동","9149","4605","4544","589","885","1863","1298","1526","2988","310","397","903","688","831","1476","279","488","960","610","695","1512","6160","0","6160"
"20232","11140520","소공동","1350","694","656","202","72","220","316","197","343","110","25","114","169","89","187","92","47","106","147","108","156","1130","0","1130"
"20232","11140540","회현동","4305","2452","1853","207","250","393","504","683","2268","101","115","206","301","434","1295","106","135","187","203","249","973","3014","0","3014"
"20232","11140550","명동","2450","1251","1199","213","167","336","373","402","959","108","78","178","185","219","483","105","89","158","188","183","476","1414","0","1414"
"20232","11140570","필동","3851","1963","1888","290","325","680","543","572","1441","145","161","379","291","311","676","145","164","301","252","261","765","2408","0","2408"
"20232","11140580","장충동","4951","2525","2426","397","677","1143","704","666","1364","215","303","674","375","328","630","182","374","469","329","338","734","2753","0","2753"
"20232","11140590","광희동","4896","2555","2341","318","334","794","651","728","2071","148","164","407","354","416","1066","170","170","387","297","312","1005","3279","0","3279"
"20232","11140605","을지로동","1457","902","555","51","75","149","135","252","795","22","38","84","83","173","502","29","37","65","52","79","293","1504","0","1504"
"20232","11140615","신당동","7105","3650","3455","540","754","1229","1015","1309","2258","267","389","665","552","688","1089","273","365","564","463","621","1169","4635","0","4635"
"20232","11140625","다산동","15434","7528","7906","1383","1704","2630","2409","2540","4768","712","870","1357","1227","1239","2123","671","834","1273","1182","1301","2645","6915","0","6915"
"20232","11140635","약수동","18461","8880","9581","2212","1575","2518","3058","2790","6308","1100","828","1233","1539","1386","2794","1112","747","1285","1519","1404","3514","7802","0","7802"
"20232","11140645","청구동","15318","7367","7951","1734","1546","2347","2395","2405","4891","893","793","1132","1195","1181","2173","841","753","1215","1200","1224","2718","6400","0","6400"
"20232","11140650","신당5동","9927","4942","4985","1104","994","1371","1634","1774","3050","552","525","699","855","943","1368","552","469","672","779","831","1682","5386","0","5386"
"20232","11140665","동화동","11648","5670","5978","1522","1304","1598","1818","1976","3430","769","677","788","883","953","1600","753","627","810","935","1023","1830","4170","0","4170"
"20232","11140670","황학동","11965","5958","6007","1385","963","2246","2181","1768","3422","698","476","1066","1137","925","1656","687","487","1180","1044","843","1766","6918","0","6918"
"20232","11140680","중림동","8328","4194","4134","918","764","1160","1372","1305","2809","475","373","558","722","716","1350","443","391","602","650","589","1459","5647","0","5647"
"20232","11170510","후암동","18208","8969","9239","2015","1972","2636","2985","3073","5527","1040","1052","1383","1512","1529","2453","975","920","1253","1473","1544","3074","8724","0","8724"
"20232","11170520","용산2가동","10876","5217","5659","893","1039","1745","1729","1648","3822","458","539","883","886","784","1667","435","500","862","843","864","2155","5384","0","5384"
"20232","11170530","남영동","6632","4176","2456","322","446","947","936","1284","2697","173","237","521","597","909","1739","149","209","426","339","375","958","5384","0","5384"
"20232","11170555","청파동","20375","9946","10429","1731","2582","3918","3102","3294","5748","910","1180","1902","1602","1683","2669","821","1402","2016","1500","1611","3079","11102","0","11102"
"20232","11170560","원효로1동","12933","6357","6576","1938","1068","2279","2568","1818","3262","1013","525","1076","1313","917","1513","925","543","1203","1255","901","1749","8035","0","8035"
"20232","11170570","원효로2동","14528","6847","7681","2051","1649","1837","2358","2456","4177","931","769","875","1160","1214","1898","1120","880","962","1198","1242","2279","6038","0","6038"
"20232","11170580","효창동","9063","4417","4646","1115","1085","1323","1473","1510","2557","592","587","651","730","712","1145","523","498","672","743","798","1412","4373","0","4373"
"20232","11170590","용문동","12606","6091","6515","1722","1299","1706","2177","2048","3654","882","671","819","1076","1027","1616","840","628","887","1101","1021","2038","5438","0","5438"
"20232","11170625","한강로동","12463","6247","6216","1395","935","2030","2008","1870","4225","741","498","1023","1009","977","1999","654","437","1007","999","893","2226","10405","0","10405"
"20232","11170630","이촌1동","28057","13052","15005","5075","2937","2903","4654","4970","7518","2558","1454","1305","2014","2404","3317","2517","1483","1598","2640","2566","4201","10344","0","10344"
"20232","11170640","이촌2동","9521","4519","5002","1174","837","1312","1495","1432","3271","610","425","654","759","695","1376","564","412","658","736","737","1895","3847","0","3847"
"20232","11170650","이태원1동","7126","3341","3785","560","555","1173","1068","1102","2668","285","287","601","530","523","1115","275","268","572","538","579","1553","3935","0","3935"
"20232","11170660","이태원2동","9481","4373","5108","930","742","1547","1581","1419","3262","440","375","776","760","667","1355","490","367","771","821","752","1907","5025","0","5025"
"20232","11170685","한남동","19536","9359","10177","1920","1460","3328","3596","3130","6102","1005","748","1632","1808","1500","2666","915","712","1696","1788","1630","3436","11412","0","11412"
"20232","11170690","서빙고동","13291","6439","6852","1679","1939","1402","1894","2766","3611","855","993","707","857","1382","1645","824","946","695","1037","1384","1966","5326","0","5326"
"20232","11170700","보광동","14985","7317","7668","1066","1497","2402","2364","2654","5002","596","815","1331","1196","1287","2092","470","682","1071","1168","1367","2910","7784","0","7784"
"20232","11200520","왕십리2동","16917","8349","8568","2121","1846","2582","2768","2785","4815","1093","941","1274","1385","1396","2260","1028","905","1308","1383","1389","2555","7629","0","7629"
"20232","11200535","왕십리도선동","19658","9555","10103","2678","2046","3178","3237","3096","5423","1364","1018","1521","1636","1479","2537","1314","1028","1657","1601","1617","2886","12023","0","12023"
"20232","11200540","마장동","22343","11095","11248","2462","2721","3815","3188","3593","6564","1263","1355","1924","1635","1782","3136","1199","1366","1891","1553","1811","3428","10912","0","10912"
"20232","11200550","사근동","10998","5707","5291","896","1758","3048","1337","1335","2624","443","858","1808","730","663","1205","453","900","1240","607","672","1419","7801","0","7801"
"20232","11200560","행당1동","11784","5756","6028","1398","1245","1890","1928","1848","3475","699","632","954","959","889","1623","699","613","936","969","959","1852","6455","0","6455"
"20232","11200570","행당2동","26603","12624","13979","4305","2910","3267","4864","4419","6838","2090","1379","1526","2335","2194","3100","2215","1531","1741","2529","2225","3738","9483","0","9483"
"20232","11200580","응봉동","16178","7777","8401","2485","1830","1822","2932","2775","4334","1296","891","892","1385","1351","1962","1189","939","930","1547","1424","2372","6128","0","6128"
"20232","11200590","금호1가동","13659","6614","7045","1665","1480","1721","2265","2297","4231","863","775","839","1143","1133","1861","802","705","882","1122","1164","2370","6713","0","6713"
"20232","11200615","금호2?3가동","24420","11838","12582","3394","2362","3538","4495","3775","6856","1753","1209","1695","2258","1879","3044","1641","1153","1843","2237","1896","3812","10318","0","10318"
"20232","11200620","금호4가동","14290","6889","7401","2194","1207","1947","2840","2176","3926","1128","622","917","1408","1088","1726","1066","585","1030","1432","1088","2200","6460","0","6460"
"20232","11200645","옥수동","23133","10990","12143","3782","1902","3462","4480","3298","6209","1913","951","1584","2193","1551","2798","1869","951","1878","2287","1747","3411","11091","0","11091"
"20232","11200650","성수1가1동","16029","8118","7911","1966","1860","2624","2576","2819","4184","1012","950","1354","1337","1425","2040","954","910","1270","1239","1394","2144","7671","0","7671"
"20232","11200660","성수1가2동","14754","7371","7383","1728","1466","2718","2652","2255","3935","872","753","1333","1368","1145","1900","856","713","1385","1284","1110","2035","6504","0","6504"
"20232","11200670","성수2가1동","18477","9577","8900","1853","1802","2902","2880","3225","5815","953","934","1543","1525","1710","2912","900","868","1359","1355","1515","2903","8455","0","8455"
"20232","11200690","성수2가3동","10873","5654","5219","1104","970","1910","1775","1636","3478","553","503","971","966","898","1763","551","467","939","809","738","1715","5700","0","5700"
"20232","11200720","송정동","11173","5944","5229","1053","1140","1765","1774","2006","3435","560","610","960","987","1105","1722","493","530","805","787","901","1713","5572","0","5572"
"20232","11200790","용답동","15032","8020","7012","1151","1595","2406","2327","2793","4760","598","803","1230","1375","1598","2416","553","792","1176","952","1195","2344","6872","0","6872"
"20232","11215710","화양동","20588","9881","10707","1020","2793","7469","2922","2219","4165","503","1119","3571","1567","1192","1929","517","1674","3898","1355","1027","2236","17039","0","17039"
"20232","11215730","군자동","19686","9799","9887","1819","2103","4378","3226","2831","5329","968","1035","2197","1686","1417","2496","851","1068","2181","1540","1414","2833","11155","0","11155"
"20232","11215740","중곡1동","15381","7635","7746","1457","1449","2971","2559","2452","4493","748","732","1460","1344","1224","2127","709","717","1511","1215","1228","2366","8508","0","8508"
"20232","11215750","중곡2동","22019","10734","11285","2425","2400","4114","3616","3541","5923","1229","1262","1979","1803","1697","2764","1196","1138","2135","1813","1844","3159","10545","0","10545"
"20232","11215760","중곡3동","17505","8683","8822","1756","1971","2854","2693","3080","5151","924","1001","1438","1425","1508","2387","832","970","1416","1268","1572","2764","8551","0","8551"
"20232","11215770","중곡4동","30966","15309","15657","3319","3868","4677","4730","5372","9000","1758","1991","2345","2467","2625","4123","1561","1877","2332","2263","2747","4877","13163","0","13163"
"20232","11215780","능동","11129","5278","5851","1112","941","2823","2137","1384","2732","584","469","1231","1106","666","1222","528","472","1592","1031","718","1510","6510","0","6510"
"20232","11215810","광장동","33732","16406","17326","6320","5294","3153","5481","7151","6333","3233","2695","1550","2302","3584","3042","3087","2599","1603","3179","3567","3291","12065","0","12065"
"20232","11215820","자양1동","21955","10732","11223","2070","2420","4128","3711","3540","6086","1088","1212","2004","1914","1724","2790","982","1208","2124","1797","1816","3296","11855","0","11855"
"20232","11215830","자양2동","25781","12705","13076","3262","2913","3872","4448","4108","7178","1679","1548","1894","2241","1973","3370","1583","1365","1978","2207","2135","3808","11214","0","11214"
"20232","11215840","자양3동","28608","13914","14694","4412","3346","4084","4620","4654","7492","2219","1737","1964","2193","2223","3578","2193","1609","2120","2427","2431","3914","11170","0","11170"
"20232","11215847","자양4동","19042","9519","9523","1506","1813","3243","2917","3187","6376","732","922","1643","1549","1658","3015","774","891","1600","1368","1529","3361","9474","0","9474"
"20232","11215850","구의1동","22151","10602","11549","1890","2386","4797","3917","3382","5779","968","1141","2265","1961","1659","2608","922","1245","2532","1956","1723","3171","12108","0","12108"
"20232","11215860","구의2동","24579","12042","12537","3043","2860","3561","4059","4068","6988","1592","1424","1794","2057","1965","3210","1451","1436","1767","2002","2103","3778","11685","0","11685"
"20232","11215870","구의3동","28444","13740","14704","3622","3641","4596","4446","4826","7313","1822","1861","2233","2150","2256","3418","1800","1780","2363","2296","2570","3895","12201","0","12201"
"20232","11230536","용신동","25063","12915","12148","2205","2280","4500","4017","3756","8305","1155","1205","2335","2138","2024","4058","1050","1075","2165","1879","1732","4247","18390","0","18390"
"20232","11230545","제기동","23990","12234","11756","2266","2361","4044","3366","3491","8462","1166","1216","2284","1793","1871","3904","1100","1145","1760","1573","1620","4558","13286","0","13286"
"20232","11230560","전농1동","28613","14345","14268","3230","3245","3923","4404","4626","9185","1642","1644","2036","2312","2391","4320","1588","1601","1887","2092","2235","4865","15185","0","15185"
"20232","11230570","전농2동","20201","9804","10397","2686","2399","2403","3092","3444","6177","1368","1207","1236","1448","1696","2849","1318","1192","1167","1644","1748","3328","7805","0","7805"
"20232","11230600","답십리1동","23777","11657","12120","3389","2404","3527","4216","3690","6551","1695","1232","1692","2164","1865","3009","1694","1172","1835","2052","1825","3542","12898","0","12898"
"20232","11230610","답십리2동","29117","14305","14812","3440","3148","3823","4553","4911","9242","1692","1623","1962","2308","2479","4241","1748","1525","1861","2245","2432","5001","12848","0","12848"
"20232","11230650","장안1동","36646","18353","18293","4657","3484","5627","6449","5590","10839","2384","1777","2830","3330","2847","5185","2273","1707","2797","3119","2743","5654","18258","0","18258"
"20232","11230660","장안2동","29924","15093","14831","4640","3083","3655","5514","4813","8219","2426","1668","1858","2780","2512","3849","2214","1415","1797","2734","2301","4370","14016","0","14016"
"20232","11230705","청량리동","19581","9755","9826","1814","1839","2592","2589","2921","7826","920","941","1387","1357","1495","3655","894","898","1205","1232","1426","4171","10036","0","10036"
"20232","11230710","회기동","10009","4828","5181","924","1400","2490","1481","1244","2470","458","600","1326","737","629","1078","466","800","1164","744","615","1392","6296","0","6296"
"20232","11230720","휘경1동","12887","6407","6480","973","1597","2619","1873","1939","3886","504","751","1338","1015","1028","1771","469","846","1281","858","911","2115","7186","0","7186"
"20232","11230730","휘경2동","23906","11788","12118","2807","3382","4055","3533","3700","6429","1440","1548","2249","1775","1815","2961","1367","1834","1806","1758","1885","3468","11851","0","11851"
"20232","11230740","이문1동","18250","9095","9155","1619","2576","3826","2437","2697","5095","848","1197","2165","1243","1339","2303","771","1379","1661","1194","1358","2792","10572","0","10572"
"20232","11230750","이문2동","21209","10388","10821","2844","2490","2749","3259","3588","6279","1441","1241","1392","1634","1798","2882","1403","1249","1357","1625","1790","3397","8712","0","8712"
"20232","11260520","면목2동","26072","13121","12951","2731","2813","3655","4071","4848","7954","1382","1459","1867","2186","2498","3729","1349","1354","1788","1885","2350","4225","12298","0","12298"
"20232","11260540","면목4동","20660","10452","10208","2286","2141","2878","3493","3359","6503","1220","1129","1487","1887","1732","2997","1066","1012","1391","1606","1627","3506","8959","0","8959"
"20232","11260550","면목5동","9670","4934","4736","1070","1044","1436","1407","1739","2974","538","530","759","724","921","1462","532","514","677","683","818","1512","6602","0","6602"
"20232","11260565","면목본동","34196","17176","17020","3236","3752","5530","5402","5922","10354","1623","1953","2849","2900","2989","4862","1613","1799","2681","2502","2933","5492","17765","0","17765"
"20232","11260570","면목7동","22266","11109","11157","2282","2236","3376","3406","3605","7361","1175","1174","1710","1788","1788","3474","1107","1062","1666","1618","1817","3887","10708","0","10708"
"20232","11260575","면목3?8동","24806","12457","12349","2326","2716","3720","3684","4331","8029","1195","1402","1910","2000","2216","3734","1131","1314","1810","1684","2115","4295","12759","0","12759"
"20232","11260580","상봉1동","25886","12691","13195","3534","3345","3605","3787","4419","7196","1810","1754","1808","1849","2134","3336","1724","1591","1797","1938","2285","3860","10297","0","10297"
"20232","11260590","상봉2동","17233","8600","8633","1520","1615","3519","2776","2688","5115","780","828","1688","1478","1360","2466","740","787","1831","1298","1328","2649","11702","0","11702"
"20232","11260600","중화1동","20211","10001","10210","2457","2150","3204","3196","3007","6197","1232","1132","1602","1691","1439","2905","1225","1018","1602","1505","1568","3292","9121","0","9121"
"20232","11260610","중화2동","26132","13508","12624","2069","2584","3831","3728","4729","9191","1095","1342","1977","2062","2518","4514","974","1242","1854","1666","2211","4677","13880","0","13880"
"20232","11260620","묵1동","34443","16890","17553","4401","3952","4968","5576","5564","9982","2230","2026","2446","2807","2715","4666","2171","1926","2522","2769","2849","5316","14972","0","14972"
"20232","11260630","묵2동","18734","9263","9471","2094","1899","2985","3167","2866","5723","1112","950","1458","1657","1452","2634","982","949","1527","1510","1414","3089","9338","0","9338"
"20232","11260655","망우본동","31010","15654","15356","3103","3483","4551","4513","5212","10148","1569","1822","2309","2461","2582","4911","1534","1661","2242","2052","2630","5237","15073","0","15073"
"20232","11260660","망우3동","17398","8668","8730","1738","2131","2406","2443","3186","5494","870","1058","1218","1266","1632","2624","868","1073","1188","1177","1554","2870","8431","0","8431"
"20232","11260680","신내1동","40914","20056","20858","6648","4755","5111","6509","6210","11681","3373","2477","2551","3242","2962","5451","3275","2278","2560","3267","3248","6230","14806","0","14806"
"20232","11260690","신내2동","23997","11640","12357","3218","2732","3114","3835","3977","7121","1630","1444","1546","1918","1889","3213","1588","1288","1568","1917","2088","3908","9076","0","9076"
"20232","11290525","성북동","16414","7796","8618","1579","1848","2708","2549","2769","4961","797","935","1242","1239","1354","2229","782","913","1466","1310","1415","2732","8225","0","8225"
"20232","11290555","삼선동","23746","11430","12316","2589","2860","4002","3808","3927","6560","1354","1390","1926","1883","1945","2932","1235","1470","2076","1925","1982","3628","11689","0","11689"
"20232","11290575","동선동","15848","6935","8913","1341","2137","3951","2371","2138","3910","681","763","1593","1133","1055","1710","660","1374","2358","1238","1083","2200","9347","0","9347"
"20232","11290580","돈암1동","15258","7224","8034","1888","1849","2056","2245","2634","4586","921","866","1014","1106","1264","2053","967","983","1042","1139","1370","2533","6236","0","6236"
"20232","11290590","돈암2동","23961","11574","12387","4048","2979","2755","3902","4333","5944","2071","1500","1339","1806","2116","2742","1977","1479","1416","2096","2217","3202","8735","0","8735"
"20232","11290600","안암동","5435","2811","2624","330","892","1483","672","719","1339","176","429","845","380","361","620","154","463","638","292","358","719","9202","0","9202"
"20232","11290610","보문동","12473","6081","6392","1213","1405","2252","1975","2071","3557","591","696","1156","1020","1003","1615","622","709","1096","955","1068","1942","7827","0","7827"
"20232","11290620","정릉1동","18977","9182","9795","2796","2165","2373","3198","3103","5342","1408","1089","1150","1555","1543","2437","1388","1076","1223","1643","1560","2905","7502","0","7502"
"20232","11290630","정릉2동","23438","11571","11867","3071","2676","2870","3742","3830","7249","1624","1418","1474","1913","1850","3292","1447","1258","1396","1829","1980","3957","9882","0","9882"
"20232","11290640","정릉3동","14792","7539","7253","1392","1922","2397","1957","2172","4952","714","941","1392","1077","1134","2281","678","981","1005","880","1038","2671","8011","0","8011"
"20232","11290650","정릉4동","27377","13341","14036","3860","2957","3266","4707","4438","8149","2020","1513","1585","2342","2190","3691","1840","1444","1681","2365","2248","4458","10979","0","10979"
"20232","11290660","길음1동","38001","18312","19689","7850","4026","3908","7782","6374","8061","4019","1976","1818","3614","3309","3576","3831","2050","2090","4168","3065","4485","12775","0","12775"
"20232","11290685","길음2동","11218","5450","5768","1546","1263","1443","1825","1820","3321","822","621","713","867","906","1521","724","642","730","958","914","1800","7118","0","7118"
"20232","11290705","종암동","38996","19364","19632","5488","4454","5569","6271","6351","10863","2860","2340","2961","3093","3197","4913","2628","2114","2608","3178","3154","5950","17435","0","17435"
"20232","11290715","월곡1동","27636","13410","14226","4482","2793","3066","4939","4478","7878","2261","1372","1473","2418","2328","3558","2221","1421","1593","2521","2150","4320","10916","0","10916"
"20232","11290725","월곡2동","20500","10126","10374","2445","2460","3008","3096","3271","6220","1287","1130","1512","1583","1677","2937","1158","1330","1496","1513","1594","3283","9615","0","9615"
"20232","11290760","장위1동","20012","9937","10075","1962","2514","2675","2679","3652","6530","981","1290","1447","1432","1779","3008","981","1224","1228","1247","1873","3522","9162","0","9162"
"20232","11290770","장위2동","14714","7306","7408","1404","1671","1801","2020","2617","5201","706","851","942","1072","1335","2400","698","820","859","948","1282","2801","6593","0","6593"
"20232","11290780","장위3동","10387","5220","5167","1296","1210","1144","1556","1821","3360","619","633","618","780","925","1645","677","577","526","776","896","1715","7094","0","7094"
"20232","11290810","석관동","33174","16605","16569","3595","3475","4707","5103","5353","10941","1909","1782","2439","2652","2662","5161","1686","1693","2268","2451","2691","5780","16697","0","16697"
"20232","11305534","삼양동","26436","13157","13279","3148","3040","3261","4035","4517","8435","1638","1597","1697","2053","2303","3869","1510","1443","1564","1982","2214","4566","11377","0","11377"
"20232","11305535","미아동","22868","11145","11723","1933","2521","3584","3363","3789","7678","1015","1224","1797","1749","1857","3503","918","1297","1787","1614","1932","4175","11775","0","11775"
"20232","11305545","송중동","27542","13534","14008","2493","2865","3972","4095","4467","9650","1248","1472","2018","2155","2231","4410","1245","1393","1954","1940","2236","5240","14073","0","14073"
"20232","11305555","송천동","28896","14419","14477","2573","3034","3889","4131","4974","10295","1292","1579","2046","2195","2534","4773","1281","1455","1843","1936","2440","5522","13795","0","13795"
"20232","11305575","삼각산동","34820","16934","17886","6502","4223","3366","6521","6212","7996","3342","2166","1623","3059","3190","3554","3160","2057","1743","3462","3022","4442","11742","0","11742"
"20232","11305595","번1동","19824","9799","10025","1760","2113","3156","3264","3217","6314","899","1067","1518","1704","1706","2905","861","1046","1638","1560","1511","3409","10476","0","10476"
"20232","11305603","번2동","18104","8873","9231","1653","2107","2237","2680","2937","6490","885","1082","1201","1424","1447","2834","768","1025","1036","1256","1490","3656","7659","0","7659"
"20232","11305608","번3동","20018","9619","10399","2252","2218","2115","3185","2975","7273","1117","1146","1078","1672","1510","3096","1135","1072","1037","1513","1465","4177","7579","0","7579"
"20232","11305615","수유1동","21607","10731","10876","2108","2388","3053","3176","3458","7424","1059","1240","1560","1732","1726","3414","1049","1148","1493","1444","1732","4010","10452","0","10452"
"20232","11305625","수유2동","21671","10645","11026","2250","2363","2768","3154","3533","7603","1181","1238","1447","1640","1732","3407","1069","1125","1321","1514","1801","4196","9731","0","9731"
"20232","11305635","수유3동","23645","11828","11817","1845","2403","4077","3561","3875","7884","959","1241","2116","1938","1919","3655","886","1162","1961","1623","1956","4229","12998","0","12998"
"20232","11305645","우이동","20289","9917","10372","2233","2224","2519","2821","3343","7149","1175","1141","1283","1478","1597","3243","1058","1083","1236","1343","1746","3906","9647","0","9647"
"20232","11305660","인수동","31270","15275","15995","3143","3363","4091","4467","5030","11176","1592","1736","2052","2375","2476","5044","1551","1627","2039","2092","2554","6132","14563","0","14563"
"20232","11320511","창1동","27262","13230","14032","3617","3206","3531","4409","4694","7805","1860","1652","1782","2175","2247","3514","1757","1554","1749","2234","2447","4291","10877","0","10877"
"20232","11320512","창2동","30878","15185","15693","3843","3633","4318","4966","5113","9005","1965","1862","2162","2495","2507","4194","1878","1771","2156","2471","2606","4811","12458","0","12458"
"20232","11320513","창3동","15312","7693","7619","1669","1834","1857","2287","2697","4968","878","972","971","1196","1384","2292","791","862","886","1091","1313","2676","6654","0","6654"
"20232","11320514","창4동","30025","14596","15429","4109","4023","3748","4464","5511","8170","2152","2064","1872","2108","2598","3802","1957","1959","1876","2356","2913","4368","10753","0","10753"
"20232","11320515","창5동","26631","12984","13647","3271","3232","3858","3912","4352","8006","1702","1629","1938","1925","2062","3728","1569","1603","1920","1987","2290","4278","10266","0","10266"
"20232","11320521","도봉1동","22048","11169","10879","1818","2320","2697","2993","3551","8669","904","1233","1422","1656","1809","4145","914","1087","1275","1337","1742","4524","10426","0","10426"
"20232","11320522","도봉2동","28223","13937","14286","3390","2634","3489","4214","4086","10410","1726","1394","1775","2173","2039","4830","1664","1240","1714","2041","2047","5580","12123","0","12123"
"20232","11320660","쌍문1동","21760","10668","11092","2427","2677","2694","3142","3625","7195","1213","1350","1389","1584","1800","3332","1214","1327","1305","1558","1825","3863","9441","0","9441"
"20232","11320670","쌍문2동","20146","9775","10371","2204","2424","2861","2911","3259","6487","1176","1244","1442","1500","1510","2903","1028","1180","1419","1411","1749","3584","8673","0","8673"
"20232","11320680","쌍문3동","17430","8515","8915","1800","1828","2656","2751","2735","5660","931","905","1345","1417","1329","2588","869","923","1311","1334","1406","3072","7896","0","7896"
"20232","11320681","쌍문4동","19452","9326","10126","2432","2700","2553","2599","3529","5639","1229","1398","1280","1226","1594","2599","1203","1302","1273","1373","1935","3040","7196","0","7196"
"20232","11320690","방학1동","30854","15417","15437","3224","3696","4158","4289","5280","10207","1663","1955","2183","2178","2572","4866","1561","1741","1975","2111","2708","5341","12737","0","12737"
"20232","11320700","방학2동","21677","10994","10683","2110","2751","2631","3002","3910","7273","1106","1472","1462","1560","2031","3363","1004","1279","1169","1442","1879","3910","9509","0","9509"
"20232","11320710","방학3동","29657","14581","15076","4025","3818","3768","3973","5190","8883","2139","2076","1997","1817","2460","4092","1886","1742","1771","2156","2730","4791","10068","0","10068"
"20232","11350560","월계1동","22187","11501","10686","2539","2913","3278","3481","3279","6697","1335","1638","1885","1788","1680","3175","1204","1275","1393","1693","1599","3522","10472","0","10472"
"20232","11350570","월계2동","27157","13216","13941","3177","3122","3156","4213","4316","9173","1641","1628","1641","2160","2150","3996","1536","1494","1515","2053","2166","5177","12063","0","12063"
"20232","11350580","월계3동","33913","16450","17463","5036","3197","4541","6012","4908","10219","2626","1606","2221","3107","2411","4479","2410","1591","2320","2905","2497","5740","13009","0","13009"
"20232","11350595","공릉1동","37367","18304","19063","4148","4580","6357","5940","5545","10797","2105","2294","3206","3136","2689","4874","2043","2286","3151","2804","2856","5923","18300","0","18300"
"20232","11350600","공릉2동","41090","20272","20818","6353","5977","5335","6608","7025","9792","3320","3039","2713","3149","3479","4572","3033","2938","2622","3459","3546","5220","16502","0","16502"
"20232","11350611","하계1동","28983","13931","15052","2847","4968","3638","3407","5803","8320","1505","2772","1885","1579","2673","3517","1342","2196","1753","1828","3130","4803","11662","0","11662"
"20232","11350612","하계2동","25187","12199","12988","3486","4080","2831","3578","4960","6252","1760","2161","1422","1638","2389","2829","1726","1919","1409","1940","2571","3423","8303","0","8303"
"20232","11350619","중계본동","26352","12942","13410","3558","5239","2411","3145","6230","5769","1842","2723","1217","1296","3019","2845","1716","2516","1194","1849","3211","2924","8624","0","8624"
"20232","11350621","중계1동","29087","14266","14821","4415","6089","2226","3616","7437","5304","2328","3239","1127","1411","3640","2521","2087","2850","1099","2205","3797","2783","9073","0","9073"
"20232","11350624","중계4동","21511","10572","10939","2500","3261","2309","2993","4116","6332","1282","1784","1215","1483","2019","2789","1218","1477","1094","1510","2097","3543","8476","0","8476"
"20232","11350625","중계2?3동","39546","18598","20948","4960","5095","4465","6352","6653","12021","2503","2573","2151","3185","3236","4950","2457","2522","2314","3167","3417","7071","15408","0","15408"
"20232","11350630","상계1동","41426","20305","21121","5034","5397","5434","5915","7150","12496","2566","2815","2742","2889","3376","5917","2468","2582","2692","3026","3774","6579","15655","0","15655"
"20232","11350640","상계2동","21559","10678","10881","2127","3175","3037","2911","3967","6342","1095","1638","1513","1456","1933","3043","1032","1537","1524","1455","2034","3299","8798","0","8798"
"20232","11350665","상계3?4동","27744","13900","13844","2709","3226","3167","3815","4781","10046","1431","1707","1728","2001","2427","4606","1278","1519","1439","1814","2354","5440","12221","0","12221"
"20232","11350670","상계5동","27306","13262","14044","2786","3621","3429","3830","4865","8775","1423","1875","1758","1919","2321","3966","1363","1746","1671","1911","2544","4809","11023","0","11023"
"20232","11350695","상계6?7동","36633","17204","19429","5656","4492","4867","6353","6329","8936","2927","2243","2224","3002","2966","3842","2729","2249","2643","3351","3363","5094","13946","0","13946"
"20232","11350700","상계8동","26740","12933","13807","5513","2878","3711","5618","3861","5159","2805","1459","1721","2843","1900","2205","2708","1419","1990","2775","1961","2954","9169","0","9169"
"20232","11350710","상계9동","23749","11462","12287","3382","3222","2912","3781","4282","6170","1716","1716","1470","1815","2010","2735","1666","1506","1442","1966","2272","3435","8424","0","8424"
"20232","11350720","상계10동","17781","8304","9477","2305","2357","2702","2817","3063","4537","1154","1184","1289","1353","1372","1952","1151","1173","1413","1464","1691","2585","7083","0","7083"
"20232","11380510","녹번동","31623","15331","16292","3678","3162","4485","5312","4992","9994","1884","1621","2222","2710","2464","4430","1794","1541","2263","2602","2528","5564","17479","0","17479"
"20232","11380520","불광1동","42306","20267","22039","5382","4366","5798","7094","6778","12888","2794","2171","2804","3533","3253","5712","2588","2195","2994","3561","3525","7176","17969","0","17969"
"20232","11380530","불광2동","28518","13988","14530","2560","3172","4121","4223","4748","9694","1305","1684","2125","2221","2273","4380","1255","1488","1996","2002","2475","5314","13956","0","13956"
"20232","11380551","갈현1동","24611","12052","12559","2292","3101","3666","3565","4136","7851","1223","1625","1865","1832","1961","3546","1069","1476","1801","1733","2175","4305","11152","0","11152"
"20232","11380552","갈현2동","28906","13918","14988","3305","3904","4085","4659","4908","8045","1750","1932","1942","2403","2341","3550","1555","1972","2143","2256","2567","4495","12643","0","12643"
"20232","11380560","구산동","31839","15538","16301","3849","3954","4135","4934","5329","9638","1942","1952","2040","2500","2529","4575","1907","2002","2095","2434","2800","5063","13401","0","13401"
"20232","11380570","대조동","30107","14301","15806","2977","3148","5110","5026","4726","9120","1475","1483","2414","2562","2278","4089","1502","1665","2696","2464","2448","5031","14312","0","14312"
"20232","11380580","응암1동","25166","12072","13094","3278","2619","3603","4603","4015","7048","1699","1317","1680","2255","1992","3129","1579","1302","1923","2348","2023","3919","14058","0","14058"
"20232","11380590","응암2동","17038","8318","8720","2981","1761","1907","3498","2632","4259","1547","936","911","1739","1293","1892","1434","825","996","1759","1339","2367","11005","0","11005"
"20232","11380600","응암3동","26254","12910","13344","2464","2854","3674","3863","4363","9036","1261","1554","1904","1988","2195","4008","1203","1300","1770","1875","2168","5028","12765","0","12765"
"20232","11380625","역촌동","48771","23402","25369","5902","5653","6743","8522","7962","13989","2972","2820","3208","4308","3862","6232","2930","2833","3535","4214","4100","7757","20857","0","20857"
"20232","11380631","신사1동","27669","13490","14179","3156","3143","4051","4591","4453","8275","1587","1715","1982","2333","2116","3757","1569","1428","2069","2258","2337","4518","11838","0","11838"
"20232","11380632","신사2동","21138","10605","10533","2514","2602","2786","3284","3570","6382","1315","1423","1464","1686","1754","2963","1199","1179","1322","1598","1816","3419","9044","0","9044"
"20232","11380640","증산동","15115","7497","7618","1579","1677","2052","2304","2451","5052","803","873","1060","1169","1221","2371","776","804","992","1135","1230","2681","6891","0","6891"
"20232","11380650","수색동","7827","3932","3895","877","836","1055","1124","1275","2660","483","431","547","608","651","1212","394","405","508","516","624","1448","4737","0","4737"
"20232","11380690","진관동","50293","24088","26205","9460","5815","5293","8934","8416","12375","4908","2853","2404","3982","4302","5639","4552","2962","2889","4952","4114","6736","21642","0","21642"
"20232","11410520","천연동","19842","9532","10310","3033","2060","2372","3235","3313","5829","1558","1023","1175","1571","1673","2532","1475","1037","1197","1664","1640","3297","8016","0","8016"
"20232","11410555","북아현동","9826","4812","5014","1004","1068","1525","1489","1665","3075","514","540","785","784","846","1343","490","528","740","705","819","1732","7469","0","7469"
"20232","11410565","충현동","17627","8593","9034","1572","2042","2756","2515","3009","5733","769","1074","1368","1276","1519","2587","803","968","1388","1239","1490","3146","10379","0","10379"
"20232","11410585","신촌동","17521","8062","9459","1229","2308","5614","2464","2053","3853","632","873","2618","1206","1016","1717","597","1435","2996","1258","1037","2136","13316","0","13316"
"20232","11410615","연희동","37904","18494","19410","3647","4374","7331","5594","5889","11069","1895","2169","3864","2708","2877","4981","1752","2205","3467","2886","3012","6088","18862","0","18862"
"20232","11410620","홍제1동","22602","10762","11840","2776","2531","2963","3572","3744","7016","1371","1283","1489","1756","1782","3081","1405","1248","1474","1816","1962","3935","10489","0","10489"
"20232","11410640","홍제3동","16314","7937","8377","1634","1940","2093","2233","2871","5543","830","976","1066","1173","1425","2467","804","964","1027","1060","1446","3076","7117","0","7117"
"20232","11410655","홍제2동","15218","7313","7905","1849","1665","2078","2158","2566","4902","946","868","1000","1057","1236","2206","903","797","1078","1101","1330","2696","5908","0","5908"
"20232","11410660","홍은1동","20855","10192","10663","2334","2487","2575","2882","3594","6983","1186","1254","1293","1475","1790","3194","1148","1233","1282","1407","1804","3789","9716","0","9716"
"20232","11410685","홍은2동","27823","13595","14228","3027","3440","3942","4030","4756","8628","1554","1749","2019","2026","2348","3899","1473","1691","1923","2004","2408","4729","12304","0","12304"
"20232","11410690","남가좌1동","15986","7764","8222","3613","1451","1914","3347","2318","3343","1820","732","865","1662","1140","1545","1793","719","1049","1685","1178","1798","5889","0","5889"
"20232","11410700","남가좌2동","22912","11218","11694","2675","2758","3108","3356","3901","7114","1372","1377","1643","1683","1947","3196","1303","1381","1465","1673","1954","3918","13308","0","13308"
"20232","11410710","북가좌1동","19466","9500","9966","2972","2129","2395","3338","3264","5368","1553","1088","1137","1631","1619","2472","1419","1041","1258","1707","1645","2896","6990","0","6990"
"20232","11410720","북가좌2동","34442","16874","17568","3869","4097","4698","5514","5653","10611","1973","2129","2393","2773","2762","4844","1896","1968","2305","2741","2891","5767","14785","0","14785"
"20232","11440555","아현동","21498","10283","11215","3593","1913","3580","4177","3151","5084","1763","938","1576","2144","1523","2339","1830","975","2004","2033","1628","2745","10610","0","10610"
"20232","11440565","공덕동","37133","17847","19286","4236","3991","6100","5899","6297","10610","2150","2001","2849","2996","3082","4769","2086","1990","3251","2903","3215","5841","18628","0","18628"
"20232","11440585","도화동","22198","10672","11526","2826","2195","3578","3624","3429","6546","1483","1108","1673","1789","1681","2938","1343","1087","1905","1835","1748","3608","9539","0","9539"
"20232","11440590","용강동","20469","9899","10570","3636","1857","2689","4072","3287","4928","1833","928","1278","1973","1677","2210","1803","929","1411","2099","1610","2718","9300","0","9300"
"20232","11440600","대흥동","11549","5625","5924","845","1412","2592","1756","1685","3259","449","613","1293","895","883","1492","396","799","1299","861","802","1767","8385","0","8385"
"20232","11440610","염리동","10246","4948","5298","1166","1185","1553","1624","1736","2982","593","580","779","802","870","1324","573","605","774","822","866","1658","5677","0","5677"
"20232","11440630","신수동","21438","10501","10937","3041","2322","3282","3756","3424","5613","1548","1206","1657","1848","1724","2518","1493","1116","1625","1908","1700","3095","10213","0","10213"
"20232","11440655","서강동","25284","12138","13146","3495","2763","4810","4670","3801","5745","1818","1303","2319","2232","1823","2643","1677","1460","2491","2438","1978","3102","11619","0","11619"
"20232","11440660","서교동","24372","11344","13028","1920","2278","6226","4724","3321","5903","1003","1009","2800","2285","1611","2636","917","1269","3426","2439","1710","3267","14891","0","14891"
"20232","11440680","합정동","18775","8925","9850","2120","1885","4100","3414","2504","4752","1109","899","1831","1748","1216","2122","1011","986","2269","1666","1288","2630","10285","0","10285"
"20232","11440690","망원1동","21608","10430","11178","2221","2223","3839","3893","3391","6041","1169","1114","1791","1949","1707","2700","1052","1109","2048","1944","1684","3341","10513","0","10513"
"20232","11440700","망원2동","19167","9232","9935","2519","2088","2843","3574","3054","5089","1272","1075","1314","1729","1549","2293","1247","1013","1529","1845","1505","2796","8571","0","8571"
"20232","11440710","연남동","17597","8305","9292","1567","1653","3875","3287","2455","4760","785","802","1810","1626","1193","2089","782","851","2065","1661","1262","2671","8854","0","8854"
"20232","11440720","성산1동","19859","9469","10390","2122","2145","3293","3713","3276","5310","1066","1134","1533","1780","1581","2375","1056","1011","1760","1933","1695","2935","9419","0","9419"
"20232","11440730","성산2동","36249","17469","18780","5629","4319","5165","6381","6338","8417","2893","2192","2438","3016","3176","3754","2736","2127","2727","3365","3162","4663","19041","0","19041"
"20232","11440740","상암동","33829","16457","17372","6425","3987","3947","6338","5772","7360","3332","1979","1874","2930","3008","3334","3093","2008","2073","3408","2764","4026","12766","0","12766"
"20232","11470510","목1동","27807","13405","14402","4690","4528","2851","4269","5937","5532","2378","2256","1290","1809","2981","2691","2312","2272","1561","2460","2956","2841","10556","0","10556"
"20232","11470520","목2동","31200","15334","15866","3648","3943","5637","4998","5049","7925","1872","2161","2731","2513","2375","3682","1776","1782","2906","2485","2674","4243","13239","0","13239"
"20232","11470530","목3동","21251","10374","10877","2407","2564","3581","3392","3369","5938","1252","1449","1733","1701","1556","2683","1155","1115","1848","1691","1813","3255","10117","0","10117"
"20232","11470540","목4동","26950","13376","13574","3238","4943","3208","3726","5772","6063","1653","2772","1636","1717","2752","2846","1585","2171","1572","2009","3020","3217","10128","0","10128"
"20232","11470550","목5동","44710","22223","22487","7428","7622","4515","6136","9883","9126","3987","4180","2255","2419","4916","4466","3441","3442","2260","3717","4967","4660","13578","0","13578"
"20232","11470560","신월1동","21328","10978","10350","2129","2294","2841","3356","3658","7050","1070","1193","1519","1852","1897","3447","1059","1101","1322","1504","1761","3603","10203","0","10203"
"20232","11470570","신월2동","22442","11147","11295","2979","2455","3074","3707","3436","6791","1508","1335","1572","1910","1663","3159","1471","1120","1502","1797","1773","3632","8607","0","8607"
"20232","11470580","신월3동","16840","8848","7992","1583","1919","2283","2450","3012","5593","839","991","1273","1348","1624","2773","744","928","1010","1102","1388","2820","8040","0","8040"
"20232","11470590","신월4동","18943","9302","9641","2976","2118","2293","3394","2839","5323","1500","1103","1137","1688","1386","2488","1476","1015","1156","1706","1453","2835","6961","0","6961"
"20232","11470600","신월5동","15293","7571","7722","1975","1875","2105","2476","2584","4278","1050","961","1044","1267","1253","1996","925","914","1061","1209","1331","2282","6487","0","6487"
"20232","11470610","신월6동","6659","3311","3348","843","882","833","1006","1097","1998","434","452","439","517","538","931","409","430","394","489","559","1067","5226","0","5226"
"20232","11470611","신월7동","23403","11588","11815","2672","2608","3191","3660","3735","7537","1344","1369","1687","1930","1860","3398","1328","1239","1504","1730","1875","4139","9234","0","9234"
"20232","11470620","신정1동","21578","10558","11020","3410","3489","2153","3018","4474","5034","1748","1804","1037","1306","2228","2435","1662","1685","1116","1712","2246","2599","7213","0","7213"
"20232","11470630","신정2동","21607","10722","10885","2806","3732","2345","2708","4652","5364","1469","1984","1169","1185","2312","2603","1337","1748","1176","1523","2340","2761","7141","0","7141"
"20232","11470640","신정3동","47275","23338","23937","7541","6408","5441","7735","8551","11599","3904","3346","2757","3758","4208","5365","3637","3062","2684","3977","4343","6234","17831","0","17831"
"20232","11470650","신정4동","34659","17028","17631","3728","3810","5536","5958","5366","10261","1901","1918","2735","3089","2554","4831","1827","1892","2801","2869","2812","5430","16066","0","16066"
"20232","11470670","신정6동","26460","12891","13569","4076","4568","2916","3616","5692","5592","2134","2374","1386","1536","2742","2719","1942","2194","1530","2080","2950","2873","8300","0","8300"
"20232","11470680","신정7동","31798","15590","16208","3805","4841","3704","4175","6209","9064","2028","2536","1865","1980","3031","4150","1777","2305","1839","2195","3178","4914","11604","0","11604"
"20232","11500510","염창동","40707","20025","20682","7548","5002","5284","7452","6860","8561","3844","2610","2476","3598","3410","4087","3704","2392","2808","3854","3450","4474","15820","0","15820"
"20232","11500520","등촌1동","21207","10029","11178","2527","2129","5026","3720","2970","4835","1332","1068","2050","1901","1428","2250","1195","1061","2976","1819","1542","2585","13153","0","13153"
"20232","11500530","등촌2동","21918","10945","10973","2601","2735","3635","3337","3515","6095","1376","1536","1807","1709","1613","2904","1225","1199","1828","1628","1902","3191","8766","0","8766"
"20232","11500535","등촌3동","34687","16662","18025","3605","4369","5248","4692","5433","11340","1874","2315","2651","2370","2491","4961","1731","2054","2597","2322","2942","6379","15067","0","15067"
"20232","11500540","화곡1동","51684","25545","26139","5313","4725","10247","9544","7194","14661","2659","2371","5090","5146","3512","6767","2654","2354","5157","4398","3682","7894","26338","0","26338"
"20232","11500550","화곡2동","19772","9715","10057","2662","2083","2981","3755","3063","5228","1360","1074","1490","1906","1494","2391","1302","1009","1491","1849","1569","2837","7957","0","7957"
"20232","11500560","화곡3동","23012","11189","11823","2535","2637","3656","3449","3491","7244","1313","1331","1788","1703","1626","3428","1222","1306","1868","1746","1865","3816","9239","0","9239"
"20232","11500570","화곡4동","22351","11009","11342","2520","2371","3389","3998","3435","6638","1283","1259","1750","2072","1661","2984","1237","1112","1639","1926","1774","3654","9638","0","9638"
"20232","11500590","화곡본동","36422","17852","18570","4796","3791","6201","7202","5302","9130","2484","1881","3077","3757","2660","3993","2312","1910","3124","3445","2642","5137","18579","0","18579"
"20232","11500591","화곡6동","24725","12166","12559","2919","2686","4111","4119","3759","7131","1488","1442","1955","2147","1815","3319","1431","1244","2156","1972","1944","3812","11873","0","11873"
"20232","11500593","화곡8동","26703","12972","13731","3234","2595","4164","5191","3813","7706","1628","1345","2043","2676","1831","3449","1606","1250","2121","2515","1982","4257","11583","0","11583"
"20232","11500603","가양1동","26585","12986","13599","3430","3000","5505","4597","3876","6177","1780","1470","2559","2369","1830","2978","1650","1530","2946","2228","2046","3199","20072","0","20072"
"20232","11500604","가양2동","16549","7941","8608","1103","1292","3004","2178","2034","6938","565","664","1509","1186","951","3066","538","628","1495","992","1083","3872","8052","0","8052"
"20232","11500605","가양3동","17796","8514","9282","1855","1524","3099","2927","2299","6092","934","811","1525","1601","1107","2536","921","713","1574","1326","1192","3556","7912","0","7912"
"20232","11500611","발산1동","39598","18904","20694","7295","5742","4050","7120","6871","8520","3667","2753","1953","3389","3335","3807","3628","2989","2097","3731","3536","4713","13523","0","13523"
"20232","11500615","우장산동","46018","22135","23883","7708","5727","5581","8243","7885","10874","3839","2779","2685","3810","3916","5106","3869","2948","2896","4433","3969","5768","16129","0","16129"
"20232","11500620","공항동","21949","11131","10818","2919","2011","3729","3870","3094","6326","1515","989","1896","2115","1613","3003","1404","1022","1833","1755","1481","3323","12784","0","12784"
"20232","11500630","방화1동","44245","21720","22525","7878","4495","5856","8138","6362","11516","3974","2302","2780","4063","3212","5389","3904","2193","3076","4075","3150","6127","17489","0","17489"
"20232","11500640","방화2동","23158","11434","11724","2391","2246","3695","3555","3411","7860","1244","1160","1839","1890","1762","3539","1147","1086","1856","1665","1649","4321","11644","0","11644"
"20232","11500641","방화3동","25941","12518","13423","3158","2278","3810","4348","3737","8610","1587","1185","1861","2242","1821","3822","1571","1093","1949","2106","1916","4788","11330","0","11330"
"20232","11530510","신도림동","37145","18228","18917","6689","3913","5106","7286","5347","8804","3407","2006","2384","3532","2661","4238","3282","1907","2722","3754","2686","4566","13483","0","13483"
"20232","11530520","구로1동","20644","10237","10407","3581","2254","3109","3981","3036","4683","1877","1165","1547","1976","1496","2176","1704","1089","1562","2005","1540","2507","8364","0","8364"
"20232","11530530","구로2동","27306","13796","13510","2367","2709","3588","3954","4938","9750","1223","1391","1848","2148","2615","4571","1144","1318","1740","1806","2323","5179","12794","0","12794"
"20232","11530540","구로3동","26146","13194","12952","3083","2004","6479","5459","3291","5830","1558","952","3226","3005","1762","2691","1525","1052","3253","2454","1529","3139","13227","0","13227"
"20232","11530550","구로4동","22308","11078","11230","2201","2049","3528","3867","3515","7148","1112","1078","1694","2105","1825","3264","1089","971","1834","1762","1690","3884","10711","0","10711"
"20232","11530560","구로5동","29629","14558","15071","3632","2870","5640","5087","4342","8058","1836","1409","2650","2626","2183","3854","1796","1461","2990","2461","2159","4204","14707","0","14707"
"20232","11530595","가리봉동","10098","5543","4555","628","795","1246","1314","2101","4014","327","408","690","781","1242","2095","301","387","556","533","859","1919","6040","0","6040"
"20232","11530720","고척1동","24431","12260","12171","2991","2920","3304","3725","3930","7561","1546","1542","1755","1905","1950","3562","1445","1378","1549","1820","1980","3999","9619","0","9619"
"20232","11530730","고척2동","28625","14298","14327","3686","3504","3510","4609","4945","8371","1894","1816","1777","2325","2462","4024","1792","1688","1733","2284","2483","4347","11610","0","11610"
"20232","11530740","개봉1동","32447","16214","16233","4037","3652","4152","5067","5206","10333","1994","1917","2075","2616","2648","4964","2043","1735","2077","2451","2558","5369","14937","0","14937"
"20232","11530750","개봉2동","34282","16893","17389","4816","3308","4671","6031","4645","10811","2486","1711","2270","3131","2235","5060","2330","1597","2401","2900","2410","5751","12605","0","12605"
"20232","11530760","개봉3동","20217","10000","10217","2547","2230","2683","3415","3143","6199","1299","1143","1398","1782","1521","2857","1248","1087","1285","1633","1622","3342","8842","0","8842"
"20232","11530770","오류1동","20637","10158","10479","2315","2048","3699","3555","2824","6196","1148","993","1799","1903","1437","2878","1167","1055","1900","1652","1387","3318","11785","0","11785"
"20232","11530780","오류2동","41924","20532","21392","7476","4258","5234","7688","6094","11174","3834","2190","2496","3875","3045","5092","3642","2068","2738","3813","3049","6082","15629","0","15629"
"20232","11530790","수궁동","25143","12527","12616","3469","2798","3309","4419","3829","7319","1813","1506","1632","2258","1904","3414","1656","1292","1677","2161","1925","3905","9967","0","9967"
"20232","11530800","항동","2568","1281","1287","393","262","306","464","401","742","206","135","156","235","204","345","187","127","150","229","197","397","6135","0","6135"
"20232","11545510","가산동","18712","10409","8303","1427","1467","5073","3192","2696","4857","721","676","2864","1967","1603","2578","706","791","2209","1225","1093","2279","15924","0","15924"
"20232","11545610","독산1동","29172","15296","13876","3132","2734","5979","4897","4234","8196","1631","1382","3328","2801","2219","3935","1501","1352","2651","2096","2015","4261","21131","0","21131"
"20232","11545620","독산2동","20805","10580","10225","2021","2411","3031","2861","3976","6505","1041","1279","1611","1508","2030","3111","980","1132","1420","1353","1946","3394","9436","0","9436"
"20232","11545630","독산3동","24757","12508","12249","2179","2669","3543","3527","4714","8125","1061","1393","1850","1934","2352","3918","1118","1276","1693","1593","2362","4207","12553","0","12553"
"20232","11545640","독산4동","16891","8513","8378","1583","1945","2221","2461","3338","5343","791","974","1188","1246","1719","2595","792","971","1033","1215","1619","2748","7657","0","7657"
"20232","11545670","시흥1동","34306","17230","17076","4063","3622","4961","5491","5727","10442","2110","1915","2558","2844","2904","4899","1953","1707","2403","2647","2823","5543","16124","0","16124"
"20232","11545680","시흥2동","23869","11691","12178","3450","2864","2727","3656","4055","7117","1760","1461","1438","1735","1975","3322","1690","1403","1289","1921","2080","3795","8474","0","8474"
"20232","11545690","시흥3동","10878","5434","5444","1183","1172","1455","1575","1724","3769","554","631","763","836","868","1782","629","541","692","739","856","1987","4771","0","4771"
"20232","11545700","시흥4동","21890","10936","10954","2416","2562","2853","3115","3802","7142","1224","1307","1512","1594","1914","3385","1192","1255","1341","1521","1888","3757","9154","0","9154"
"20232","11545710","시흥5동","18790","9438","9352","1946","2201","2330","2651","3299","6363","1021","1158","1236","1393","1692","2938","925","1043","1094","1258","1607","3425","9414","0","9414"
"20232","11560515","영등포본동","22836","11519","11317","2860","2251","3356","3704","3643","7022","1410","1181","1707","1927","1900","3394","1450","1070","1649","1777","1743","3628","10338","0","10338"
"20232","11560535","영등포동","17225","9669","7556","1321","1246","4403","2760","2387","5108","712","594","2328","1604","1504","2927","609","652","2075","1156","883","2181","18953","0","18953"
"20232","11560540","여의동","28793","13691","15102","4470","2786","3677","4639","4433","8788","2262","1390","1697","2141","2166","4035","2208","1396","1980","2498","2267","4753","13784","0","13784"
"20232","11560550","당산1동","20148","9854","10294","2408","1767","3787","3613","2776","5797","1200","866","1809","1900","1402","2677","1208","901","1978","1713","1374","3120","10797","0","10797"
"20232","11560560","당산2동","33422","15920","17502","4378","3011","7985","5837","4234","7977","2285","1418","3480","2912","2058","3767","2093","1593","4505","2925","2176","4210","18478","0","18478"
"20232","11560585","도림동","19997","10044","9953","2240","1762","3482","3541","3220","5752","1157","919","1666","1933","1668","2701","1083","843","1816","1608","1552","3051","9436","0","9436"
"20232","11560605","문래동","32692","16240","16452","5883","2908","4556","6497","4586","8262","3068","1482","2113","3238","2398","3941","2815","1426","2443","3259","2188","4321","13355","0","13355"
"20232","11560610","양평1동","17070","8527","8543","2398","1429","3173","3564","2231","4275","1229","720","1530","1914","1209","1925","1169","709","1643","1650","1022","2350","9134","0","9134"
"20232","11560620","양평2동","22099","11046","11053","3412","2348","4170","4059","3257","4853","1711","1212","2000","2087","1711","2325","1701","1136","2170","1972","1546","2528","10325","0","10325"
"20232","11560630","신길1동","17202","8741","8461","1359","1604","3260","2733","2678","5568","697","830","1740","1524","1414","2536","662","774","1520","1209","1264","3032","10413","0","10413"
"20232","11560650","신길3동","16658","8346","8312","1951","1749","2162","2536","2887","5373","1005","970","1107","1302","1461","2501","946","779","1055","1234","1426","2872","7653","0","7653"
"20232","11560660","신길4동","9364","4673","4691","857","1083","1285","1226","1607","3306","437","581","684","633","803","1535","420","502","601","593","804","1771","5042","0","5042"
"20232","11560670","신길5동","9645","4845","4800","948","1033","1212","1421","1656","3375","502","544","651","728","843","1577","446","489","561","693","813","1798","4997","0","4997"
"20232","11560680","신길6동","16987","8362","8625","1871","1826","2784","2621","2623","5262","967","952","1411","1335","1279","2418","904","874","1373","1286","1344","2844","9247","0","9247"
"20232","11560690","신길7동","12751","6395","6356","2034","1667","1824","2225","2169","2832","1112","828","930","1103","1113","1309","922","839","894","1122","1056","1523","7911","0","7911"
"20232","11560700","대림1동","13474","6752","6722","1202","1519","1838","1892","2342","4681","622","809","971","1019","1164","2167","580","710","867","873","1178","2514","7219","0","7219"
"20232","11560710","대림2동","13629","6736","6893","1184","1191","1870","2013","2394","4977","599","640","950","1057","1173","2317","585","551","920","956","1221","2660","6977","0","6977"
"20232","11560720","대림3동","24878","12593","12285","2951","2612","3688","3838","4191","7598","1512","1410","1929","1991","2128","3623","1439","1202","1759","1847","2063","3975","10429","0","10429"
"20232","11590510","노량진1동","30860","15434","15426","3747","3195","5559","4768","4466","9125","1914","1670","3028","2502","2233","4087","1833","1525","2531","2266","2233","5038","15709","0","15709"
"20232","11590520","노량진2동","13262","6766","6496","866","1393","2450","1704","2148","4701","446","717","1368","929","1120","2186","420","676","1082","775","1028","2515","7466","0","7466"
"20232","11590530","상도1동","46157","22802","23355","6111","5387","8643","7734","6209","12073","3206","2683","4614","3820","3027","5452","2905","2704","4029","3914","3182","6621","21584","0","21584"
"20232","11590540","상도2동","24850","12037","12813","3389","2467","4324","4313","3569","6788","1739","1206","2076","2174","1776","3066","1650","1261","2248","2139","1793","3722","12575","0","12575"
"20232","11590550","상도3동","25055","12231","12824","2752","2624","4230","4303","3767","7379","1421","1357","2106","2184","1816","3347","1331","1267","2124","2119","1951","4032","12051","0","12051"
"20232","11590560","상도4동","28952","14335","14617","3504","3047","4725","4937","4467","8272","1825","1618","2407","2614","2127","3744","1679","1429","2318","2323","2340","4528","13804","0","13804"
"20232","11590605","흑석동","29016","14150","14866","3467","3153","4433","4501","4483","8979","1795","1584","2299","2326","2172","3974","1672","1569","2134","2175","2311","5005","14266","0","14266"
"20232","11590620","사당1동","22033","10598","11435","1793","1862","5394","3915","2741","6328","971","936","2501","2027","1308","2855","822","926","2893","1888","1433","3473","13289","0","13289"
"20232","11590630","사당2동","28458","13883","14575","3654","2485","4598","5019","3855","8847","1945","1275","2189","2563","1860","4051","1709","1210","2409","2456","1995","4796","11947","0","11947"
"20232","11590640","사당3동","23901","11636","12265","3182","2159","3731","4047","3321","7461","1655","1095","1785","1990","1622","3489","1527","1064","1946","2057","1699","3972","10564","0","10564"
"20232","11590650","사당4동","14300","6955","7345","1501","1358","2548","2557","2026","4310","775","711","1247","1331","970","1921","726","647","1301","1226","1056","2389","7154","0","7154"
"20232","11590651","사당5동","11517","5667","5850","1453","1174","1916","2109","1700","3165","754","633","935","1074","841","1430","699","541","981","1035","859","1735","6600","0","6600"
"20232","11590660","대방동","39072","18782","20290","5061","5448","5895","6108","6895","9665","2564","2763","2806","2916","3424","4309","2497","2685","3089","3192","3471","5356","17282","0","17282"
"20232","11590670","신대방1동","25113","12292","12821","3653","3100","3317","4026","4243","6774","1889","1541","1640","1898","2143","3181","1764","1559","1677","2128","2100","3593","10234","0","10234"
"20232","11590680","신대방2동","19143","9398","9745","2868","2090","3139","3472","2913","4661","1526","1051","1467","1727","1458","2169","1342","1039","1672","1745","1455","2492","9769","0","9769"
"20232","11620525","보라매동","24290","12101","12189","2435","2474","4335","4059","3604","7383","1243","1299","2238","2141","1784","3396","1192","1175","2097","1918","1820","3987","12009","0","12009"
"20232","11620545","청림동","17325","8505","8820","2838","1582","2334","3259","2482","4830","1437","793","1168","1684","1290","2133","1401","789","1166","1575","1192","2697","6553","0","6553"
"20232","11620565","성현동","32568","15918","16650","4556","3795","3837","5545","5410","9425","2352","1992","1861","2763","2723","4227","2204","1803","1976","2782","2687","5198","14122","0","14122"
"20232","11620575","행운동","25488","12516","12972","2053","2264","7397","4414","3000","6360","1036","1043","3634","2399","1527","2877","1017","1221","3763","2015","1473","3483","17137","0","17137"
"20232","11620585","낙성대동","15762","7962","7800","1259","1750","5057","2591","1757","3348","639","792","2678","1396","908","1549","620","958","2379","1195","849","1799","10254","0","10254"
"20232","11620595","청룡동","27130","13262","13868","2062","2865","7843","4311","3270","6779","1049","1310","3823","2280","1680","3120","1013","1555","4020","2031","1590","3659","22229","0","22229"
"20232","11620605","은천동","34935","17283","17652","4592","3390","5645","6212","5163","9933","2365","1725","2815","3237","2605","4536","2227","1665","2830","2975","2558","5397","15937","0","15937"
"20232","11620615","중앙동","14535","7052","7483","1022","1433","3884","2247","1886","4063","537","647","1879","1201","974","1814","485","786","2005","1046","912","2249","9605","0","9605"
"20232","11620625","인헌동","27630","13734","13896","2914","2755","6416","4783","3860","6902","1515","1377","3246","2531","1926","3139","1399","1378","3170","2252","1934","3763","13908","0","13908"
"20232","11620630","남현동","18394","8878","9516","2019","1683","4427","3144","2321","4800","1025","781","2131","1627","1106","2208","994","902","2296","1517","1215","2592","9538","0","9538"
"20232","11620645","서원동","22834","11713","11121","1498","2175","6237","3974","2955","5995","765","1098","3427","2221","1441","2761","733","1077","2810","1753","1514","3234","13823","0","13823"
"20232","11620655","신원동","18403","9182","9221","1516","1893","3971","3023","2591","5409","763","948","2160","1625","1276","2410","753","945","1811","1398","1315","2999","10797","0","10797"
"20232","11620665","서림동","24645","13642","11003","1870","2532","6503","4141","3280","6319","998","1314","3999","2546","1815","2970","872","1218","2504","1595","1465","3349","15523","0","15523"
"20232","11620685","신사동","23022","11613","11409","1976","2434","4982","3783","3628","6219","1047","1224","2628","1975","1828","2911","929","1210","2354","1808","1800","3308","13680","0","13680"
"20232","11620695","신림동","19935","10085","9850","898","1810","8114","3667","1916","3530","471","721","4113","2091","1050","1639","427","1089","4001","1576","866","1891","17289","0","17289"
"20232","11620715","난향동","17130","8500","8630","2656","1722","1880","3239","2756","4877","1352","894","956","1627","1452","2219","1304","828","924","1612","1304","2658","6422","0","6422"
"20232","11620725","조원동","17088","8712","8376","1496","1518","3865","2961","2464","4784","753","712","2022","1614","1303","2308","743","806","1843","1347","1161","2476","10649","0","10649"
"20232","11620735","대학동","22444","13615","8829","1438","2398","6280","4087","3255","4986","732","1264","4242","2771","2150","2456","706","1134","2038","1316","1105","2530","16777","0","16777"
"20232","11620745","삼성동","25864","13023","12841","2197","2759","3302","3587","4371","9648","1152","1423","1799","1984","2269","4396","1045","1336","1503","1603","2102","5252","11204","0","11204"
"20232","11620765","미성동","30775","15378","15397","3407","3509","4696","4831","4864","9468","1749","1757","2466","2566","2365","4475","1658","1752","2230","2265","2499","4993","14102","0","14102"
"20232","11620775","난곡동","29317","14862","14455","2978","3473","4067","4463","4981","9355","1542","1843","2216","2401","2480","4380","1436","1630","1851","2062","2501","4975","12972","0","12972"
"20232","11650510","서초1동","20781","10038","10743","2874","2259","3393","3806","3207","5242","1462","1185","1588","1789","1566","2448","1412","1074","1805","2017","1641","2794","9350","0","9350"
"20232","11650520","서초2동","17183","8274","8909","2504","1780","2853","3217","2640","4189","1259","924","1302","1496","1301","1992","1245","856","1551","1721","1339","2197","9671","0","9671"
"20232","11650530","서초3동","25750","12651","13099","2777","3369","4322","3916","4468","6898","1443","1922","2005","1884","2138","3259","1334","1447","2317","2032","2330","3639","14565","0","14565"
"20232","11650531","서초4동","26577","12926","13651","4743","3332","2877","4602","4876","6147","2448","1713","1303","2047","2453","2962","2295","1619","1574","2555","2423","3185","11005","0","11005"
"20232","11650540","잠원동","26523","12794","13729","4196","3275","3497","4734","5195","5626","2188","1628","1639","2082","2619","2638","2008","1647","1858","2652","2576","2988","11449","0","11449"
"20232","11650550","반포본동","12869","6096","6773","1787","2213","1016","1785","2967","3101","952","1066","479","670","1493","1436","835","1147","537","1115","1474","1665","4107","0","4107"
"20232","11650560","반포1동","28508","13708","14800","4562","2729","4889","5931","4491","5906","2352","1305","2191","2783","2369","2708","2210","1424","2698","3148","2122","3198","14274","0","14274"
"20232","11650570","반포2동","12641","5976","6665","3055","1544","996","2301","2282","2463","1538","736","439","929","1211","1123","1517","808","557","1372","1071","1340","5109","0","5109"
"20232","11650580","반포3동","17389","8265","9124","3107","2218","1834","3191","3274","3765","1599","1117","853","1366","1650","1680","1508","1101","981","1825","1624","2085","7739","0","7739"
"20232","11650581","반포4동","19165","9074","10091","3161","2269","2545","3307","3180","4703","1615","1137","1167","1466","1505","2184","1546","1132","1378","1841","1675","2519","7275","0","7275"
"20232","11650590","방배본동","21003","9845","11158","2997","2940","2556","3223","4043","5244","1497","1385","1176","1392","1946","2449","1500","1555","1380","1831","2097","2795","7997","0","7997"
"20232","11650600","방배1동","17063","8160","8903","2035","1884","2922","3047","2535","4640","1059","1013","1280","1487","1179","2142","976","871","1642","1560","1356","2498","7644","0","7644"
"20232","11650610","방배2동","20416","9763","10653","2403","2439","3402","3304","3006","5862","1226","1277","1572","1607","1368","2713","1177","1162","1830","1697","1638","3149","8671","0","8671"
"20232","11650620","방배3동","21866","10587","11279","2411","2735","3409","3060","3539","6712","1227","1455","1705","1420","1626","3154","1184","1280","1704","1640","1913","3558","8284","0","8284"
"20232","11650621","방배4동","22692","10501","12191","3087","2951","3345","3775","4029","5505","1533","1342","1424","1736","1899","2567","1554","1609","1921","2039","2130","2938","9812","0","9812"
"20232","11650651","양재1동","47758","22988","24770","8804","4536","6512","9257","6735","11914","4506","2293","3098","4476","3357","5258","4298","2243","3414","4781","3378","6656","18222","0","18222"
"20232","11650652","양재2동","23406","11715","11691","2936","2189","4501","4623","3628","5529","1511","1142","2274","2380","1850","2558","1425","1047","2227","2243","1778","2971","10829","0","10829"
"20232","11650660","내곡동","18416","9036","9380","3581","1529","2350","3583","2279","5094","1819","807","1118","1819","1104","2369","1762","722","1232","1764","1175","2725","7209","0","7209"
"20232","11680510","신사동","18137","8472","9665","2230","2121","2768","3104","3062","4852","1158","1065","1193","1372","1468","2216","1072","1056","1575","1732","1594","2636","7323","0","7323"
"20232","11680521","논현1동","23747","10982","12765","1598","1819","6239","5414","3189","5488","794","873","2732","2527","1597","2459","804","946","3507","2887","1592","3029","14400","0","14400"
"20232","11680531","논현2동","21289","9978","11311","2207","1914","4273","4501","3089","5305","1127","1004","1798","2080","1518","2451","1080","910","2475","2421","1571","2854","11676","0","11676"
"20232","11680545","압구정동","28557","13258","15299","4370","3214","3441","4765","4777","7990","2180","1571","1530","2100","2272","3605","2190","1643","1911","2665","2505","4385","10622","0","10622"
"20232","11680565","청담동","30253","14353","15900","4122","3496","4561","5329","4948","7797","2167","1864","2042","2408","2299","3573","1955","1632","2519","2921","2649","4224","11801","0","11801"
"20232","11680580","삼성1동","12969","6444","6525","1536","1706","1937","2050","2251","3489","801","1055","941","946","1050","1651","735","651","996","1104","1201","1838","5675","0","5675"
"20232","11680590","삼성2동","29555","14126","15429","4404","3483","4429","6173","5279","5787","2328","1943","1910","2634","2651","2660","2076","1540","2519","3539","2628","3127","13439","0","13439"
"20232","11680600","대치1동","24865","12437","12428","4090","5027","2014","3011","6046","4677","2273","2726","939","1171","2994","2334","1817","2301","1075","1840","3052","2343","7380","0","7380"
"20232","11680610","대치2동","40398","20450","19948","4638","8163","4534","4366","9272","9425","2599","4711","2272","1768","4369","4731","2039","3452","2262","2598","4903","4694","12986","0","12986"
"20232","11680630","대치4동","20756","9812","10944","1732","3513","3550","3669","4333","3959","926","1833","1564","1593","2032","1864","806","1680","1986","2076","2301","2095","10328","0","10328"
"20232","11680640","역삼1동","35231","16873","18358","2250","2975","9999","8129","4726","7152","1125","1362","4509","3968","2513","3396","1125","1613","5490","4161","2213","3756","23983","0","23983"
"20232","11680650","역삼2동","36291","17132","19159","5899","5027","4745","6988","7068","6564","3103","2358","2043","3002","3598","3028","2796","2669","2702","3986","3470","3536","15675","0","15675"
"20232","11680655","도곡1동","21644","10277","11367","3153","2714","3349","3405","3672","5351","1522","1327","1533","1560","1761","2574","1631","1387","1816","1845","1911","2777","8661","0","8661"
"20232","11680656","도곡2동","24138","11213","12925","4108","3805","2562","3795","5034","4834","1987","1686","1117","1609","2460","2354","2121","2119","1445","2186","2574","2480","11792","0","11792"
"20232","11680660","개포1동","6308","3041","3267","803","957","794","712","1093","1949","411","485","375","288","506","976","392","472","419","424","587","973","2465","0","2465"
"20232","11680670","개포2동","14194","6920","7274","1879","2386","1669","1695","2832","3733","958","1199","853","767","1299","1844","921","1187","816","928","1533","1889","8033","0","8033"
"20232","11680690","개포4동","18031","8893","9138","2179","2374","2741","2992","3259","4486","1137","1219","1332","1505","1559","2141","1042","1155","1409","1487","1700","2345","9499","0","9499"
"20232","11680700","세곡동","42164","20181","21983","8556","4325","5147","8093","5849","10194","4248","2146","2376","3941","2936","4534","4308","2179","2771","4152","2913","5660","17965","0","17965"
"20232","11680720","일원본동","25466","12646","12820","4394","3697","3009","3824","4867","5675","2369","2037","1508","1648","2364","2720","2025","1660","1501","2176","2503","2955","8146","0","8146"
"20232","11680730","일원1동","17211","8427","8784","1766","1952","2807","2464","2638","5584","921","1109","1373","1301","1241","2482","845","843","1434","1163","1397","3102","7465","0","7465"
"20232","11680740","일원2동","15370","7351","8019","1903","1699","2134","2634","2343","4657","1007","989","1059","1308","1122","1866","896","710","1075","1326","1221","2791","7357","0","7357"
"20232","11680750","수서동","16178","7412","8766","1442","1217","2501","2412","1739","6867","707","661","1241","1350","784","2669","735","556","1260","1062","955","4198","7876","0","7876"
"20232","11710510","풍납1동","15603","7687","7916","1648","1601","2267","2431","2520","5136","856","822","1162","1261","1239","2347","792","779","1105","1170","1281","2789","6377","0","6377"
"20232","11710520","풍납2동","23982","11544","12438","3437","2599","3845","4232","3662","6207","1765","1320","1733","2016","1803","2907","1672","1279","2112","2216","1859","3300","11071","0","11071"
"20232","11710531","거여1동","11495","5902","5593","1249","1460","1484","1672","2051","3579","651","787","816","837","1052","1759","598","673","668","835","999","1820","5510","0","5510"
"20232","11710532","거여2동","17995","8871","9124","2403","2014","2115","2930","3195","5338","1213","1043","1118","1460","1608","2429","1190","971","997","1470","1587","2909","8170","0","8170"
"20232","11710540","마천1동","22624","11470","11154","2754","2589","2553","3421","3852","7455","1387","1321","1356","1775","2052","3579","1367","1268","1197","1646","1800","3876","8972","0","8972"
"20232","11710570","오금동","36272","17898","18374","4092","4829","5417","5035","6250","10649","2131","2554","2734","2452","2926","5101","1961","2275","2683","2583","3324","5548","15693","0","15693"
"20232","11710580","송파1동","26130","12457","13673","2738","2670","5469","4806","3752","6695","1361","1316","2514","2366","1776","3124","1377","1354","2955","2440","1976","3571","12434","0","12434"
"20232","11710610","삼전동","33572","16157","17415","3699","3432","6552","6869","5112","7908","1897","1811","3056","3411","2426","3556","1802","1621","3496","3458","2686","4352","16326","0","16326"
"20232","11710620","가락본동","27265","13643","13622","3259","3363","4574","4217","4638","7214","1691","1771","2249","2139","2300","3493","1568","1592","2325","2078","2338","3721","12010","0","12010"
"20232","11710631","가락1동","735","366","369","124","100","92","114","127","178","65","61","47","57","55","81","59","39","45","57","72","97","9908","0","9908"
"20232","11710632","가락2동","31488","15493","15995","4839","4251","4529","5003","5514","7352","2488","2197","2216","2383","2696","3513","2351","2054","2313","2620","2818","3839","12379","0","12379"
"20232","11710641","문정1동","21688","10719","10969","2555","2597","3774","3252","3437","6073","1322","1314","1896","1647","1602","2938","1233","1283","1878","1605","1835","3135","8431","0","8431"
"20232","11710642","문정2동","19802","9480","10322","2402","1894","3669","3390","2643","5804","1206","992","1701","1544","1247","2790","1196","902","1968","1846","1396","3014","15761","0","15761"
"20232","11710646","장지동","32060","15550","16510","4985","3976","4238","5573","5156","8132","2532","2036","2123","2766","2453","3640","2453","1940","2115","2807","2703","4492","12080","0","12080"
"20232","11710647","위례동","17776","8831","8945","4478","1873","1704","3874","3002","2845","2282","978","778","1848","1614","1331","2196","895","926","2026","1388","1514","9900","0","9900"
"20232","11710650","잠실본동","29377","14001","15376","2812","3137","6035","5628","4491","7274","1468","1545","2784","2763","2143","3298","1344","1592","3251","2865","2348","3976","15419","0","15419"
"20232","11710670","잠실2동","37790","18019","19771","8259","4848","3403","7574","7192","6514","4206","2327","1461","3208","3801","3016","4053","2521","1942","4366","3391","3498","11899","0","11899"
"20232","11710680","잠실3동","37310","17936","19374","6137","4464","4630","6051","6002","10026","3245","2189","2144","2724","2901","4733","2892","2275","2486","3327","3101","5293","12130","0","12130"
"20232","11710690","잠실4동","22970","11125","11845","4871","2151","2672","4593","3429","5254","2499","1125","1196","2108","1726","2471","2372","1026","1476","2485","1703","2783","7418","0","7418"
"20232","11710710","잠실6동","16882","8015","8867","2347","2101","2356","2362","2763","4953","1158","1051","1127","1045","1265","2369","1189","1050","1229","1317","1498","2584","5983","0","5983"
"20232","11710720","잠실7동","10540","4937","5603","1365","1486","1183","1363","1838","3305","710","663","525","600","870","1569","655","823","658","763","968","1736","3465","0","3465"
"20232","11740515","강일동","34450","16815","17635","6574","4587","3459","5849","5563","8418","3415","2296","1719","2762","2782","3841","3159","2291","1740","3087","2781","4577","12960","0","12960"
"20232","11740520","상일동","8782","4429","4353","890","1242","1250","1023","1606","2771","477","624","699","503","769","1357","413","618","551","520","837","1414","11601","0","11601"
"20232","11740530","명일1동","23041","11295","11746","3304","3171","2927","3397","3918","6324","1757","1682","1471","1589","1877","2919","1547","1489","1456","1808","2041","3405","10105","0","10105"
"20231","11110515","청운효자동","13009","6104","6905","1650","1622","1661","2151","2248","3677","867","844","784","955","1046","1608","783","778","877","1196","1202","2069","5285","0","5285"
"20231","11110530","사직동","8486","3874","4612","1113","786","1169","1409","1384","2625","577","361","520","604","627","1185","536","425","649","805","757","1440","3655","0","3655"
"20231","11110540","삼청동","2597","1223","1374","229","258","281","394","386","1049","120","130","130","193","185","465","109","128","151","201","201","584","1254","0","1254"
"20231","11110550","부암동","9744","4724","5020","1001","1267","1225","1322","1772","3157","543","680","643","592","825","1441","458","587","582","730","947","1716","3960","0","3960"
"20231","11110560","평창동","17852","8516","9336","2118","2297","2227","2341","3213","5656","1118","1187","1155","1039","1418","2599","1000","1110","1072","1302","1795","3057","6651","0","6651"
"20232","11740540","명일2동","18340","9201","9139","2408","2922","2336","2171","3466","5037","1304","1597","1260","930","1682","2428","1104","1325","1076","1241","1784","2609","6115","0","6115"
"20232","11740550","고덕1동","16057","8177","7880","2594","2046","2087","2651","2709","3970","1351","1158","1101","1312","1349","1906","1243","888","986","1339","1360","2064","8800","0","8800"
"20232","11740560","고덕2동","8110","4273","3837","665","990","1014","1001","1461","2979","336","575","590","547","777","1448","329","415","424","454","684","1531","8705","0","8705"
"20232","11740570","암사1동","35414","17674","17740","4393","3979","5039","5979","5821","10203","2225","2145","2583","3097","2910","4714","2168","1834","2456","2882","2911","5489","16172","0","16172"
"20232","11740580","암사2동","14123","6943","7180","2377","1353","2086","2733","2082","3492","1232","682","990","1348","1072","1619","1145","671","1096","1385","1010","1873","6352","0","6352"
"20232","11740590","암사3동","19270","9507","9763","3668","2197","2156","3345","3154","4750","1850","1136","1096","1570","1588","2267","1818","1061","1060","1775","1566","2483","6369","0","6369"
"20232","11740600","천호1동","28380","14072","14308","3131","3131","4142","4369","4544","9063","1604","1602","2105","2274","2242","4245","1527","1529","2037","2095","2302","4818","12913","0","12913"
"20232","11740610","천호2동","30887","15548","15339","3270","2907","4917","5232","5018","9543","1673","1555","2454","2758","2606","4502","1597","1352","2463","2474","2412","5041","17730","0","17730"
"20232","11740620","천호3동","21563","10905","10658","2071","1954","3683","3501","3237","7117","1055","995","1861","1924","1696","3374","1016","959","1822","1577","1541","3743","13901","0","13901"
"20232","11740640","성내1동","19174","9373","9801","2870","2069","2870","3425","2859","5081","1481","1076","1388","1693","1398","2337","1389","993","1482","1732","1461","2744","8258","0","8258"
"20232","11740650","성내2동","24045","11987","12058","2366","2141","4218","4151","3636","7533","1248","1071","2112","2186","1814","3556","1118","1070","2106","1965","1822","3977","12909","0","12909"
"20232","11740660","성내3동","23172","11552","11620","2733","2585","3613","4079","3726","6436","1451","1457","1833","2091","1824","2896","1282","1128","1780","1988","1902","3540","10606","0","10606"
"20232","11740685","길동","46207","22719","23488","5288","4863","7779","7696","6990","13591","2792","2496","3735","3964","3407","6325","2496","2367","4044","3732","3583","7266","21589","0","21589"
"20232","11740690","둔촌1동","25","15","10","2","5","2","1","5","10","2","3","2","0","1","7","0","2","0","1","4","3","14","0","14"
"20232","11740700","둔촌2동","27231","13469","13762","3510","3339","4023","4101","4361","7897","1861","1709","2034","2057","2121","3687","1649","1630","1989","2044","2240","4210","11040","0","11040"
"20223","11110515","청운효자동","12434","5780","6654","1993","1594","1697","2148","1979","3023","1046","793","780","967","919","1275","947","801","917","1181","1060","1748","5352","0","5352"
"20223","11110530","사직동","9524","4267","5257","1267","1238","1443","1476","1562","2538","601","568","619","659","700","1120","666","670","824","817","862","1418","4758","0","4758"
"20223","11110540","삼청동","2635","1271","1364","295","320","360","369","413","878","157","171","177","178","205","383","138","149","183","191","208","495","1340","0","1340"
"20223","11110550","부암동","10015","4765","5250","1479","1340","1236","1628","1723","2609","778","689","588","755","782","1173","701","651","648","873","941","1436","4389","0","4389"
"20223","11110560","평창동","18390","8553","9837","2815","2450","2233","2767","3266","4859","1428","1248","1032","1222","1474","2149","1387","1202","1201","1545","1792","2710","7519","0","7519"
"20223","11110570","무악동","8541","3977","4564","1707","935","941","1505","1419","2034","779","431","427","709","744","887","928","504","514","796","675","1147","3189","0","3189"
"20223","11110580","교남동","10466","4838","5628","1725","1272","1709","1852","1615","2293","844","603","790","873","776","952","881","669","919","979","839","1341","4594","0","4594"
"20223","11110600","가회동","4325","2003","2322","544","493","573","767","685","1263","289","232","266","363","315","538","255","261","307","404","370","725","2075","0","2075"
"20223","11110615","종로1?2?3?4가동","7242","4344","2898","394","878","939","959","1338","2734","208","460","528","598","942","1608","186","418","411","361","396","1126","5274","0","5274"
"20223","11110630","종로5?6가동","5219","2821","2398","348","1066","704","586","977","1538","171","543","407","350","554","796","177","523","297","236","423","742","3392","0","3392"
"20223","11110640","이화동","7603","3575","4028","664","1686","1243","974","1107","1929","323","780","606","489","545","832","341","906","637","485","562","1097","4433","0","4433"
"20223","11110650","혜화동","16799","8091","8708","2001","4486","2077","2295","2302","3638","989","2213","1103","1098","1110","1578","1012","2273","974","1197","1192","2060","9367","0","9367"
"20223","11110670","창신1동","5129","2771","2358","372","612","538","637","1112","1858","195","334","311","327","622","982","177","278","227","310","490","876","2960","0","2960"
"20223","11110680","창신2동","8326","4290","4036","754","1169","895","1105","1832","2571","403","631","520","572","978","1186","351","538","375","533","854","1385","4184","0","4184"
"20223","11110690","창신3동","6921","3393","3528","907","966","962","956","1290","1840","460","522","466","462","630","853","447","444","496","494","660","987","2911","0","2911"
"20223","11110700","숭인1동","6080","2963","3117","648","807","829","943","1147","1706","312","420","428","494","565","744","336","387","401","449","582","962","3038","0","3038"
"20223","11110710","숭인2동","9700","4913","4787","621","2093","1564","1262","1677","2483","312","864","859","712","913","1253","309","1229","705","550","764","1230","6160","0","6160"
"20223","11140520","소공동","2073","1027","1046","280","219","421","449","307","397","126","90","206","241","158","206","154","129","215","208","149","191","1130","0","1130"
"20223","11140540","회현동","5124","2713","2411","393","509","537","665","968","2052","191","226","253","365","569","1109","202","283","284","300","399","943","3014","0","3014"
"20223","11140550","명동","2766","1177","1589","205","279","339","418","494","1031","108","130","164","182","206","387","97","149","175","236","288","644","1414","0","1414"
"20223","11140570","필동","4038","2083","1955","361","727","624","493","611","1222","194","369","345","274","347","554","167","358","279","219","264","668","2408","0","2408"
"20223","11140580","장충동","4665","2358","2307","472","1255","665","562","595","1116","239","672","349","300","300","498","233","583","316","262","295","618","2753","0","2753"
"20223","11140590","광희동","5204","2697","2507","330","890","815","636","874","1659","171","381","454","355","497","839","159","509","361","281","377","820","3279","0","3279"
"20223","11140605","을지로동","1959","1159","800","94","266","350","208","326","715","39","113","208","134","229","436","55","153","142","74","97","279","1504","0","1504"
"20223","11140615","신당동","7698","3852","3846","564","1368","1310","1054","1396","2006","270","654","666","572","744","946","294","714","644","482","652","1060","4635","0","4635"
"20223","11140625","다산동","14154","6850","7304","1392","2367","2249","2054","2295","3797","735","1146","1173","1037","1088","1671","657","1221","1076","1017","1207","2126","6915","0","6915"
"20223","11140635","약수동","17127","8063","9064","2082","2019","2422","2464","2844","5296","1035","1013","1142","1226","1352","2295","1047","1006","1280","1238","1492","3001","7802","0","7802"
"20223","11140645","청구동","14045","6664","7381","1656","2015","2203","1950","2371","3850","828","980","1101","953","1145","1657","828","1035","1102","997","1226","2193","6400","0","6400"
"20223","11140650","신당5동","10518","5116","5402","1127","1672","1748","1550","1869","2552","566","773","883","787","982","1125","561","899","865","763","887","1427","5386","0","5386"
"20223","11140665","동화동","10659","5140","5519","1596","1436","1344","1595","1957","2731","837","708","621","779","942","1253","759","728","723","816","1015","1478","4170","0","4170"
"20223","11140670","황학동","12570","5998","6572","1255","2086","2794","1829","1784","2822","639","874","1376","899","909","1301","616","1212","1418","930","875","1521","6918","0","6918"
"20223","11140680","중림동","12288","6125","6163","1794","1453","2254","2037","1944","2806","924","711","1073","1080","1004","1333","870","742","1181","957","940","1473","5647","0","5647"
"20223","11170510","후암동","17736","8616","9120","2243","2606","2834","2810","2871","4372","1206","1315","1477","1347","1399","1872","1037","1291","1357","1463","1472","2500","8724","0","8724"
"20223","11170520","용산2가동","9925","4771","5154","890","1548","1728","1381","1447","2931","458","805","893","707","670","1238","432","743","835","674","777","1693","5384","0","5384"
"20223","11170530","남영동","7618","4636","2982","452","957","1041","1101","1625","2442","238","455","555","710","1144","1534","214","502","486","391","481","908","5384","0","5384"
"20223","11170555","청파동","19837","9323","10514","1842","4244","3115","2758","3135","4743","954","1696","1686","1393","1553","2041","888","2548","1429","1365","1582","2702","11102","0","11102"
"20223","11170560","원효로1동","16085","7749","8336","2188","2447","3698","2630","2210","2912","1121","1036","1809","1356","1093","1334","1067","1411","1889","1274","1117","1578","8035","0","8035"
"20223","11170570","원효로2동","14197","6674","7523","2193","1857","2069","2306","2349","3423","968","872","1048","1127","1161","1498","1225","985","1021","1179","1188","1925","6038","0","6038"
"20223","11170580","효창동","10191","4829","5362","1535","1574","1858","1571","1559","2094","792","733","902","744","749","909","743","841","956","827","810","1185","4373","0","4373"
"20223","11170590","용문동","12297","5862","6435","1600","1849","2023","1852","1974","2999","818","885","989","912","975","1283","782","964","1034","940","999","1716","5438","0","5438"
"20223","11170625","한강로동","19846","9585","10261","2117","3124","4016","2797","3365","4427","1107","1404","1912","1367","1665","2130","1010","1720","2104","1430","1700","2297","10405","0","10405"
"20223","11170630","이촌1동","28160","13165","14995","5655","3004","3670","4920","4593","6318","2902","1468","1637","2205","2205","2748","2753","1536","2033","2715","2388","3570","10344","0","10344"
"20223","11170640","이촌2동","8729","4103","4626","1077","965","1469","1258","1406","2554","552","476","745","620","652","1058","525","489","724","638","754","1496","3847","0","3847"
"20223","11170650","이태원1동","6926","3294","3632","516","1054","1152","884","1130","2190","259","544","635","431","527","898","257","510","517","453","603","1292","3935","0","3935"
"20223","11170660","이태원2동","9269","4266","5003","924","1400","1658","1420","1298","2569","459","686","825","674","583","1039","465","714","833","746","715","1530","5025","0","5025"
"20223","11170685","한남동","21151","10175","10976","2336","2782","4033","3373","3289","5338","1216","1398","1985","1674","1573","2329","1120","1384","2048","1699","1716","3009","11412","0","11412"
"20223","11170690","서빙고동","13196","6333","6863","2260","1801","1525","2470","2221","2919","1147","890","741","1166","1113","1276","1113","911","784","1304","1108","1643","5326","0","5326"
"20223","11170700","보광동","14218","7045","7173","1259","2232","2158","2093","2490","3986","700","1252","1191","1051","1220","1631","559","980","967","1042","1270","2355","7784","0","7784"
"20223","11200520","왕십리2동","17081","8307","8774","2432","2503","2939","2650","2746","3811","1247","1195","1474","1325","1327","1739","1185","1308","1465","1325","1419","2072","7629","0","7629"
"20223","11200535","왕십리도선동","27086","12915","14171","3947","4406","4765","4037","4411","5520","2018","2036","2224","2026","2092","2519","1929","2370","2541","2011","2319","3001","12023","0","12023"
"20223","11200540","마장동","22773","11240","11533","2826","4369","3275","3017","3712","5574","1427","2179","1689","1533","1816","2596","1399","2190","1586","1484","1896","2978","10912","0","10912"
"20223","11200550","사근동","11920","6090","5830","1201","4632","1592","1152","1286","2057","564","2509","889","601","633","894","637","2123","703","551","653","1163","7801","0","7801"
"20223","11200560","행당1동","14071","6791","7280","2003","2218","2282","2168","2273","3127","986","1081","1120","1048","1107","1449","1017","1137","1162","1120","1166","1678","6455","0","6455"
"20223","11200570","행당2동","24054","11286","12768","3931","3028","3708","4081","3923","5383","1875","1425","1760","1971","1919","2336","2056","1603","1948","2110","2004","3047","9483","0","9483"
"20223","11200580","응봉동","15758","7475","8283","2869","1754","2248","2936","2483","3468","1427","868","1094","1400","1209","1477","1442","886","1154","1536","1274","1991","6128","0","6128"
"20223","11200590","금호1가동","15703","7515","8188","2366","1819","2758","2549","2383","3828","1219","909","1282","1304","1146","1655","1147","910","1476","1245","1237","2173","6713","0","6713"
"20223","11200615","금호2?3가동","23406","11157","12249","3246","2931","4172","3755","3692","5610","1657","1483","1996","1844","1765","2412","1589","1448","2176","1911","1927","3198","10318","0","10318"
"20223","11200620","금호4가동","14708","7034","7674","2349","1510","2808","2574","2119","3348","1212","769","1316","1279","1037","1421","1137","741","1492","1295","1082","1927","6460","0","6460"
"20223","11200645","옥수동","26675","12414","14261","4247","3013","5092","4504","3943","5876","2150","1377","2265","2223","1827","2572","2097","1636","2827","2281","2116","3304","11091","0","11091"
"20223","11200650","성수1가1동","16575","8293","8282","2156","2555","2909","2406","3050","3499","1134","1335","1452","1163","1548","1661","1022","1220","1457","1243","1502","1838","7671","0","7671"
"20223","11200660","성수1가2동","13438","6602","6836","1677","2149","2476","2094","2055","2987","848","1052","1204","1019","1068","1411","829","1097","1272","1075","987","1576","6504","0","6504"
"20223","11200670","성수2가1동","16593","8680","7913","1727","2345","2616","2324","3148","4433","895","1253","1423","1226","1713","2170","832","1092","1193","1098","1435","2263","8455","0","8455"
"20223","11200690","성수2가3동","11147","5651","5496","1109","2015","1961","1458","1845","2759","563","936","1041","746","987","1378","546","1079","920","712","858","1381","5700","0","5700"
"20223","11200720","송정동","10729","5665","5064","1133","1712","1647","1557","1963","2717","602","888","897","856","1075","1347","531","824","750","701","888","1370","5572","0","5572"
"20223","11200790","용답동","11806","6233","5573","1041","2074","1656","1752","2196","3087","534","965","898","1008","1298","1530","507","1109","758","744","898","1557","6872","0","6872"
"20223","11215710","화양동","22632","10720","11912","1087","9645","4383","2184","2090","3243","508","4133","2295","1217","1105","1462","579","5512","2088","967","985","1781","17039","0","17039"
"20223","11215730","군자동","19923","9831","10092","1936","4484","3639","2628","2895","4341","1006","2121","1868","1376","1458","2002","930","2363","1771","1252","1437","2339","11155","0","11155"
"20223","11215740","중곡1동","16176","7887","8289","1601","2880","3068","2253","2606","3768","833","1317","1558","1163","1279","1737","768","1563","1510","1090","1327","2031","8508","0","8508"
"20223","11215750","중곡2동","21787","10306","11481","2595","3874","3899","2982","3549","4888","1317","1730","1890","1472","1666","2231","1278","2144","2009","1510","1883","2657","10545","0","10545"
"20223","11215760","중곡3동","16644","8257","8387","1716","2705","2744","2320","2910","4249","898","1343","1436","1184","1434","1962","818","1362","1308","1136","1476","2287","8551","0","8551"
"20223","11215770","중곡4동","29181","14304","14877","3400","4472","4348","4146","5276","7539","1807","2245","2176","2108","2509","3459","1593","2227","2172","2038","2767","4080","13163","0","13163"
"20223","11215780","능동","11615","5328","6287","1133","2404","2672","1643","1413","2350","586","1010","1195","829","652","1056","547","1394","1477","814","761","1294","6510","0","6510"
"20223","11215810","광장동","35430","17108","18322","8824","4147","3834","7693","5468","5464","4537","2056","1650","3547","2785","2533","4287","2091","2184","4146","2683","2931","12065","0","12065"
"20223","11215820","자양1동","22775","10942","11833","2529","4391","3787","3382","3627","5059","1286","2068","1901","1692","1749","2246","1243","2323","1886","1690","1878","2813","11855","0","11855"
"20223","11215830","자양2동","25646","12492","13154","3521","3864","3931","4043","4283","6004","1842","1919","1942","2003","2004","2782","1679","1945","1989","2040","2279","3222","11214","0","11214"
"20223","11215840","자양3동","28690","13776","14914","4975","3957","4335","4594","4673","6156","2475","1946","2052","2154","2253","2896","2500","2011","2283","2440","2420","3260","11170","0","11170"
"20223","11215847","자양4동","17745","8826","8919","1591","2702","2606","2453","3099","5294","778","1318","1404","1283","1625","2418","813","1384","1202","1170","1474","2876","9474","0","9474"
"20223","11215850","구의1동","22038","10524","11514","2045","4832","4230","3213","3188","4530","1031","2215","2122","1605","1546","2005","1014","2617","2108","1608","1642","2525","12108","0","12108"
"20223","11215860","구의2동","26958","12964","13994","4138","3771","3883","4354","4526","6286","2097","1851","1942","2110","2165","2799","2041","1920","1941","2244","2361","3487","11685","0","11685"
"20223","11215870","구의3동","29306","13933","15373","4413","4769","4624","4570","4898","6032","2193","2235","2247","2122","2339","2797","2220","2534","2377","2448","2559","3235","12201","0","12201"
"20223","11230536","용신동","31118","15778","15340","2704","6129","5357","4225","4670","8033","1414","2903","2806","2318","2502","3835","1290","3226","2551","1907","2168","4198","18390","0","18390"
"20223","11230545","제기동","24935","12789","12146","2428","4415","3263","3125","3836","7868","1253","2406","1820","1709","2020","3581","1175","2009","1443","1416","1816","4287","13286","0","13286"
"20223","11230560","전농1동","30150","15129","15021","3806","4675","4382","4328","4909","8050","1928","2377","2263","2273","2519","3769","1878","2298","2119","2055","2390","4281","15185","0","15185"
"20223","11230570","전농2동","19195","9231","9964","2975","2383","2304","3059","3296","5178","1480","1200","1161","1479","1613","2298","1495","1183","1143","1580","1683","2880","7805","0","7805"
"20223","11230600","답십리1동","29090","14088","15002","4716","4011","5271","4716","4287","6089","2398","1865","2506","2451","2089","2779","2318","2146","2765","2265","2198","3310","12898","0","12898"
"20223","11230610","답십리2동","29220","14189","15031","3839","3839","4490","4234","4976","7842","1921","1922","2288","2131","2430","3497","1918","1917","2202","2103","2546","4345","12848","0","12848"
"20223","11230650","장안1동","38693","19230","19463","5173","5285","6342","6384","6071","9438","2659","2517","3272","3325","3000","4457","2514","2768","3070","3059","3071","4981","18258","0","18258"
"20223","11230660","장안2동","33005","16505","16500","5728","3880","5160","5777","4941","7519","3020","2014","2570","2951","2476","3474","2708","1866","2590","2826","2465","4045","14016","0","14016"
"20223","11230705","청량리동","19830","9886","9944","1906","2316","2220","2536","3474","7378","987","1232","1196","1336","1766","3369","919","1084","1024","1200","1708","4009","10036","0","10036"
"20223","11230710","회기동","10447","5009","5438","1150","3163","1480","1327","1232","2095","573","1490","795","651","623","877","577","1673","685","676","609","1218","6296","0","6296"
"20223","11230720","휘경1동","13616","6578","7038","1569","3278","2177","1698","1933","2961","793","1452","1131","876","961","1365","776","1826","1046","822","972","1596","7186","0","7186"
"20223","11230730","휘경2동","24296","12051","12245","3314","5327","3015","3532","3537","5571","1618","2840","1606","1741","1741","2505","1696","2487","1409","1791","1796","3066","11851","0","11851"
"20223","11230740","이문1동","18532","9220","9312","1993","4775","2170","2439","2613","4542","1009","2386","1233","1245","1348","1999","984","2389","937","1194","1265","2543","10572","0","10572"
"20223","11230750","이문2동","20461","9917","10544","3111","2843","2518","3208","3420","5361","1559","1373","1262","1605","1709","2409","1552","1470","1256","1603","1711","2952","8712","0","8712"
"20223","11260520","면목2동","24773","12340","12433","2884","3381","3293","3687","4931","6597","1440","1677","1740","1950","2517","3016","1444","1704","1553","1737","2414","3581","12298","0","12298"
"20223","11260540","면목4동","18750","9350","9400","2207","2472","2623","2927","3238","5283","1158","1283","1376","1564","1612","2357","1049","1189","1247","1363","1626","2926","8959","0","8959"
"20223","11260550","면목5동","15170","7642","7528","2296","1864","2772","2316","2575","3347","1164","953","1399","1253","1307","1566","1132","911","1373","1063","1268","1781","6602","0","6602"
"20223","11260565","면목본동","34313","17041","17272","3553","5321","5289","5041","6298","8811","1792","2699","2779","2642","3102","4027","1761","2622","2510","2399","3196","4784","17765","0","17765"
"20223","11260570","면목7동","22366","11210","11156","2455","3128","3426","3182","3927","6248","1318","1596","1763","1693","1906","2934","1137","1532","1663","1489","2021","3314","10708","0","10708"
"20223","11260575","면목3?8동","25508","12676","12832","2598","3810","3613","3513","4721","7253","1334","1920","1926","1840","2301","3355","1264","1890","1687","1673","2420","3898","12759","0","12759"
"20223","11260580","상봉1동","24775","12114","12661","3851","3574","3649","3602","4416","5683","2032","1762","1843","1764","2121","2592","1819","1812","1806","1838","2295","3091","10297","0","10297"
"20223","11260590","상봉2동","19882","9674","10208","1606","4048","4117","2622","3103","4386","839","1702","2111","1380","1564","2078","767","2346","2006","1242","1539","2308","11702","0","11702"
"20223","11260600","중화1동","20232","9911","10321","2627","2925","3217","2837","3381","5245","1333","1436","1670","1488","1575","2409","1294","1489","1547","1349","1806","2836","9121","0","9121"
"20223","11260610","중화2동","25562","13123","12439","2236","3772","3694","3501","4968","7391","1192","1871","1974","1887","2635","3564","1044","1901","1720","1614","2333","3827","13880","0","13880"
"20223","11260620","묵1동","35402","17135","18267","5518","4995","4950","5894","5553","8492","2814","2401","2449","2911","2669","3891","2704","2594","2501","2983","2884","4601","14972","0","14972"
"20223","11260630","묵2동","19446","9570","9876","2330","2728","3123","2907","3245","5113","1208","1330","1630","1468","1588","2346","1122","1398","1493","1439","1657","2767","9338","0","9338"
"20223","11260655","망우본동","30392","15262","15130","3381","4214","4110","4126","5693","8868","1713","2136","2142","2232","2865","4174","1668","2078","1968","1894","2828","4694","15073","0","15073"
"20223","11260660","망우3동","17107","8588","8519","1962","2336","2149","2440","3321","4899","948","1191","1169","1254","1694","2332","1014","1145","980","1186","1627","2567","8431","0","8431"
"20223","11260680","신내1동","39688","19315","20373","7169","4931","5130","6037","6572","9849","3676","2503","2528","3029","3110","4469","3493","2428","2602","3008","3462","5380","14806","0","14806"
"20223","11260690","신내2동","21208","10115","11093","3132","2583","2946","3221","3559","5767","1600","1316","1446","1569","1674","2510","1532","1267","1500","1652","1885","3257","9076","0","9076"
"20223","11290525","성북동","16832","7862","8970","1967","2808","2518","2545","2762","4232","1011","1287","1198","1210","1306","1850","956","1521","1320","1335","1456","2382","8225","0","8225"
"20223","11290555","삼선동","23545","11221","12324","3053","4275","3339","3694","3674","5510","1597","1907","1646","1807","1847","2417","1456","2368","1693","1887","1827","3093","11689","0","11689"
"20223","11290575","동선동","15583","6532","9051","1529","4477","2508","2036","1930","3103","712","1421","1154","973","958","1314","817","3056","1354","1063","972","1789","9347","0","9347"
"20223","11290580","돈암1동","15288","7144","8144","2174","2082","1981","2215","2719","4117","1053","964","979","1037","1300","1811","1121","1118","1002","1178","1419","2306","6236","0","6236"
"20223","11290590","돈암2동","24591","11692","12899","4892","3025","3040","4516","4079","5039","2475","1488","1421","2127","1965","2216","2417","1537","1619","2389","2114","2823","8735","0","8735"
"20223","11290600","안암동","14908","7511","7397","1279","5070","2002","1660","2004","2893","660","2643","1121","851","990","1246","619","2427","881","809","1014","1647","9202","0","9202"
"20223","11290610","보문동","15749","7608","8141","1933","2707","2624","2415","2553","3517","952","1335","1332","1227","1219","1543","981","1372","1292","1188","1334","1974","7827","0","7827"
"20223","11290620","정릉1동","18647","9008","9639","3231","2318","2650","3258","2855","4335","1648","1159","1295","1589","1411","1906","1583","1159","1355","1669","1444","2429","7502","0","7502"
"20223","11290630","정릉2동","23495","11368","12127","3412","3249","3158","3632","3747","6297","1740","1643","1612","1793","1808","2772","1672","1606","1546","1839","1939","3525","9882","0","9882"
"20223","11290640","정릉3동","15532","7689","7843","1596","3171","1909","1949","2386","4521","817","1745","1074","958","1167","1928","779","1426","835","991","1219","2593","8011","0","8011"
"20223","11290650","정릉4동","25601","12380","13221","3856","3267","3292","4220","4171","6795","2019","1691","1590","2086","2015","2979","1837","1576","1702","2134","2156","3816","10979","0","10979"
"20223","11290660","길음1동","36397","17304","19093","8899","3486","4714","7942","4966","6390","4450","1667","2121","3814","2536","2716","4449","1819","2593","4128","2430","3674","12775","0","12775"
"20223","11290685","길음2동","17041","8242","8799","2879","2126","2532","2956","2771","3777","1526","1016","1235","1410","1368","1687","1353","1110","1297","1546","1403","2090","7118","0","7118"
"20223","11290705","종암동","39773","19588","20185","6415","5839","5234","6460","6365","9460","3409","3066","2603","3187","3172","4151","3006","2773","2631","3273","3193","5309","17435","0","17435"
"20223","11290715","월곡1동","26920","13023","13897","4720","3043","3598","4607","4260","6692","2330","1462","1765","2323","2105","3038","2390","1581","1833","2284","2155","3654","10916","0","10916"
"20223","11290725","월곡2동","19925","9584","10341","2596","3584","2738","2870","3042","5095","1341","1527","1415","1452","1549","2300","1255","2057","1323","1418","1493","2795","9615","0","9615"
"20223","11290760","장위1동","20207","9845","10362","2501","3027","2472","2908","3818","5481","1259","1553","1355","1404","1833","2441","1242","1474","1117","1504","1985","3040","9162","0","9162"
"20223","11290770","장위2동","13848","6857","6991","1506","1925","1701","1967","2454","4295","755","964","906","1057","1255","1920","751","961","795","910","1199","2375","6593","0","6593"
"20223","11290780","장위3동","17221","8518","8703","3194","2227","2772","2748","2712","3568","1632","1082","1354","1393","1384","1673","1562","1145","1418","1355","1328","1895","7094","0","7094"
"20223","11290810","석관동","35589","17616","17973","4272","5198","5027","5177","6014","9901","2230","2573","2584","2693","2957","4579","2042","2625","2443","2484","3057","5322","16697","0","16697"
"20223","11305534","삼양동","24555","12239","12316","3286","3153","3031","3666","4374","7045","1720","1627","1609","1868","2210","3205","1566","1526","1422","1798","2164","3840","11377","0","11377"
"20223","11305535","미아동","22217","10700","11517","2132","3868","2899","3093","3846","6379","1135","1674","1533","1614","1861","2883","997","2194","1366","1479","1985","3496","11775","0","11775"
"20223","11305545","송중동","30349","14594","15755","3618","4271","4115","4607","5199","8539","1809","2091","2072","2347","2453","3822","1809","2180","2043","2260","2746","4717","14073","0","14073"
"20223","11305555","송천동","27466","13641","13825","2718","3703","3290","3934","5055","8766","1375","1888","1760","2072","2547","3999","1343","1815","1530","1862","2508","4767","13795","0","13795"
"20223","11305575","삼각산동","31996","15394","16602","7015","3387","3850","6493","4975","6276","3608","1678","1804","3139","2475","2690","3407","1709","2046","3354","2500","3586","11742","0","11742"
"20223","11305595","번1동","19057","9573","9484","1792","3283","2816","2946","3130","5090","948","1587","1524","1560","1627","2327","844","1696","1292","1386","1503","2763","10476","0","10476"
"20223","11305603","번2동","16440","7977","8463","1781","2212","1808","2427","2776","5436","941","1153","1005","1234","1352","2292","840","1059","803","1193","1424","3144","7659","0","7659"
"20223","11305608","번3동","17545","8257","9288","2317","1943","1748","2673","2831","6033","1179","991","904","1367","1362","2454","1138","952","844","1306","1469","3579","7579","0","7579"
"20223","11305615","수유1동","21236","10516","10720","2420","3068","2789","3014","3628","6317","1237","1558","1504","1620","1757","2840","1183","1510","1285","1394","1871","3477","10452","0","10452"
"20223","11305625","수유2동","21476","10289","11187","2498","2993","2581","3060","3784","6560","1316","1436","1372","1523","1793","2849","1182","1557","1209","1537","1991","3711","9731","0","9731"
"20223","11305635","수유3동","23512","11646","11866","1962","4305","3385","3309","4036","6515","1021","2065","1846","1748","2040","2926","941","2240","1539","1561","1996","3589","12998","0","12998"
"20223","11305645","우이동","20955","10206","10749","2501","2678","2592","3005","3588","6591","1333","1253","1397","1543","1730","2950","1168","1425","1195","1462","1858","3641","9647","0","9647"
"20223","11305660","인수동","31311","15131","16180","3707","4100","3842","4506","5425","9731","1862","2053","2026","2304","2587","4299","1845","2047","1816","2202","2838","5432","14563","0","14563"
"20223","11320511","창1동","25241","12027","13214","3749","3307","3413","4121","4181","6470","1899","1643","1707","1996","1944","2838","1850","1664","1706","2125","2237","3632","10877","0","10877"
"20223","11320512","창2동","29648","14474","15174","4104","4143","4145","4588","5178","7490","2143","2064","2079","2327","2465","3396","1961","2079","2066","2261","2713","4094","12458","0","12458"
"20223","11320513","창3동","14305","7124","7181","1863","1828","1710","2167","2621","4116","972","951","913","1114","1297","1877","891","877","797","1053","1324","2239","6654","0","6654"
"20223","11320514","창4동","27197","13076","14121","4413","3735","3420","4429","4919","6281","2270","1895","1656","2085","2324","2846","2143","1840","1764","2344","2595","3435","10753","0","10753"
"20223","11320515","창5동","25203","12123","13080","3530","3726","3560","3569","4456","6362","1829","1824","1829","1689","2050","2902","1701","1902","1731","1880","2406","3460","10266","0","10266"
"20223","11320521","도봉1동","21653","10950","10703","2080","2634","2404","2927","3810","7798","1080","1409","1328","1589","1903","3641","1000","1225","1076","1338","1907","4157","10426","0","10426"
"20223","11320522","도봉2동","27800","13600","14200","3388","3341","3654","3809","4506","9102","1749","1687","1858","1932","2193","4181","1639","1654","1796","1877","2313","4921","12123","0","12123"
"20223","11320660","쌍문1동","21794","10500","11294","2809","3096","2598","3250","3692","6349","1395","1467","1335","1653","1769","2881","1414","1629","1263","1597","1923","3468","9441","0","9441"
"20223","11320670","쌍문2동","19253","9269","9984","2422","2545","2624","2799","3329","5534","1274","1299","1355","1408","1499","2434","1148","1246","1269","1391","1830","3100","8673","0","8673"
"20223","11320680","쌍문3동","16762","8136","8626","1819","2499","2380","2433","2846","4785","938","1227","1233","1259","1319","2160","881","1272","1147","1174","1527","2625","7896","0","7896"
"20223","11320681","쌍문4동","19259","9090","10169","3249","2568","2322","3007","3437","4676","1648","1290","1120","1366","1548","2118","1601","1278","1202","1641","1889","2558","7196","0","7196"
"20223","11320690","방학1동","28975","14420","14555","3761","3904","3352","4238","5428","8292","1893","2031","1733","2100","2731","3932","1868","1873","1619","2138","2697","4360","12737","0","12737"
"20223","11320700","방학2동","20278","10245","10033","2435","2723","2210","2949","3774","6187","1269","1488","1213","1526","1867","2882","1166","1235","997","1423","1907","3305","9509","0","9509"
"20223","11320710","방학3동","27895","13583","14312","4769","3369","3212","4256","4835","7454","2561","1841","1613","1998","2244","3326","2208","1528","1599","2258","2591","4128","10068","0","10068"
"20223","11350560","월계1동","22454","11554","10900","2925","3873","2717","3440","3569","5930","1545","2226","1478","1774","1796","2735","1380","1647","1239","1666","1773","3195","10472","0","10472"
"20223","11350570","월계2동","27466","13247","14219","3943","3244","3238","4338","4625","8078","2022","1726","1633","2197","2212","3457","1921","1518","1605","2141","2413","4621","12063","0","12063"
"20223","11350580","월계3동","30593","14662","15931","4410","3601","4627","4676","4803","8476","2277","1801","2329","2358","2243","3654","2133","1800","2298","2318","2560","4822","13009","0","13009"
"20223","11350595","공릉1동","37700","18335","19365","4795","6830","5406","5406","5849","9414","2423","3395","2741","2754","2813","4209","2372","3435","2665","2652","3036","5205","18300","0","18300"
"20223","11350600","공릉2동","39784","19394","20390","7324","6721","5226","6584","6121","7808","3763","3325","2611","3110","3009","3576","3561","3396","2615","3474","3112","4232","16502","0","16502"
"20223","11350611","하계1동","27479","13234","14245","4354","4696","2748","4237","4977","6467","2399","2514","1385","1874","2411","2651","1955","2182","1363","2363","2566","3816","11662","0","11662"
"20223","11350612","하계2동","22673","10808","11865","4351","3096","2556","4071","3921","4678","2243","1577","1212","1896","1889","1991","2108","1519","1344","2175","2032","2687","8303","0","8303"
"20223","11350619","중계본동","24840","12174","12666","6075","3245","1908","5083","4554","3975","3112","1709","900","2222","2366","1865","2963","1536","1008","2861","2188","2110","8624","0","8624"
"20223","11350621","중계1동","27473","13374","14099","7750","2973","2006","6627","4469","3648","4106","1542","854","2884","2391","1597","3644","1431","1152","3743","2078","2051","9073","0","9073"
"20223","11350624","중계4동","20700","9999","10701","3504","2613","1993","3542","3612","5436","1885","1369","1010","1643","1814","2278","1619","1244","983","1899","1798","3158","8476","0","8476"
"20223","11350625","중계2?3동","35461","16354","19107","5317","4341","4303","5926","5653","9921","2597","2229","2087","2909","2654","3878","2720","2112","2216","3017","2999","6043","15408","0","15408"
"20223","11350630","상계1동","39064","18975","20089","5741","5302","4946","5735","7015","10325","2980","2717","2468","2753","3308","4749","2761","2585","2478","2982","3707","5576","15655","0","15655"
"20223","11350640","상계2동","20557","10167","10390","2880","3323","2335","3102","3944","4973","1464","1667","1226","1491","1981","2338","1416","1656","1109","1611","1963","2635","8798","0","8798"
"20223","11350665","상계3?4동","27081","13471","13610","3538","3256","2965","4002","4808","8512","1869","1757","1560","2016","2435","3834","1669","1499","1405","1986","2373","4678","12221","0","12221"
"20223","11350670","상계5동","24691","11998","12693","3176","3492","2631","3739","4552","7101","1613","1839","1383","1831","2219","3113","1563","1653","1248","1908","2333","3988","11023","0","11023"
"20223","11350695","상계6?7동","33550","15577","17973","5569","4630","4941","5572","5658","7180","2892","2225","2320","2562","2580","2998","2677","2405","2621","3010","3078","4182","13946","0","13946"
"20223","11350700","상계8동","22935","11020","11915","4551","2687","4732","3919","3012","4034","2318","1324","2326","1956","1418","1678","2233","1363","2406","1963","1594","2356","9169","0","9169"
"20223","11350710","상계9동","21136","10040","11096","3541","2753","2810","3507","3620","4905","1828","1434","1422","1589","1683","2084","1713","1319","1388","1918","1937","2821","8424","0","8424"
"20223","11350720","상계10동","17437","8034","9403","2668","2543","2640","2729","3073","3784","1325","1204","1293","1215","1381","1616","1343","1339","1347","1514","1692","2168","7083","0","7083"
"20223","11380510","녹번동","37380","17807","19573","4821","5070","6066","5831","5883","9709","2410","2384","3031","2940","2805","4237","2411","2686","3035","2891","3078","5472","17479","0","17479"
"20223","11380520","불광1동","39732","18809","20923","5092","5477","5445","6021","6771","10926","2665","2663","2665","2910","3167","4739","2427","2814","2780","3111","3604","6187","17969","0","17969"
"20223","11380530","불광2동","28437","13802","14635","2952","4339","3867","3953","4928","8398","1488","2181","2035","2040","2285","3773","1464","2158","1832","1913","2643","4625","13956","0","13956"
"20223","11380551","갈현1동","23146","11280","11866","2591","3751","3056","3331","4008","6409","1351","1910","1617","1671","1856","2875","1240","1841","1439","1660","2152","3534","11152","0","11152"
"20223","11380552","갈현2동","28872","13674","15198","4039","4370","3917","4715","4798","7033","2045","2101","1928","2263","2245","3092","1994","2269","1989","2452","2553","3941","12643","0","12643"
"20223","11380560","구산동","32750","16287","16463","4675","4439","4119","5130","5670","8717","2300","2191","2118","2577","2856","4245","2375","2248","2001","2553","2814","4472","13401","0","13401"
"20223","11380570","대조동","27235","12691","14544","2851","4889","4193","4105","4138","7059","1396","2140","2083","2018","2001","3053","1455","2749","2110","2087","2137","4006","14312","0","14312"
"20223","11380580","응암1동","30938","14680","16258","4886","4201","5148","5227","4581","6895","2518","1922","2524","2564","2234","2918","2368","2279","2624","2663","2347","3977","14058","0","14058"
"20223","11380590","응암2동","27580","13401","14179","5535","2765","5059","5193","3605","5423","2864","1395","2388","2662","1763","2329","2671","1370","2671","2531","1842","3094","11005","0","11005"
"20223","11380600","응암3동","25229","12332","12897","2631","3648","3379","3615","4242","7714","1371","1853","1784","1854","2130","3340","1260","1795","1595","1761","2112","4374","12765","0","12765"
"20223","11380625","역촌동","46566","22003","24563","6216","6530","6700","7609","7651","11860","3133","3114","3252","3792","3591","5121","3083","3416","3448","3817","4060","6739","20857","0","20857"
"20223","11380631","신사1동","27543","13312","14231","3745","3920","4102","4204","4492","7080","1902","2004","2079","2072","2096","3159","1843","1916","2023","2132","2396","3921","11838","0","11838"
"20223","11380632","신사2동","20812","10392","10420","2782","2938","2797","3166","3509","5620","1503","1523","1475","1616","1682","2593","1279","1415","1322","1550","1827","3027","9044","0","9044"
"20223","11380640","증산동","15338","7474","7864","1940","2110","2024","2248","2579","4437","988","1044","1038","1104","1261","2039","952","1066","986","1144","1318","2398","6891","0","6891"
"20223","11380650","수색동","11132","5498","5634","1442","1485","1729","1505","1965","3006","766","761","880","750","991","1350","676","724","849","755","974","1656","4737","0","4737"
"20223","11380690","진관동","57020","26773","30247","12180","7112","6887","10773","8409","11659","6267","3087","3005","5018","4217","5179","5913","4025","3882","5755","4192","6480","21642","0","21642"
"20223","11410520","천연동","17742","8412","9330","2727","2276","2419","2808","3004","4508","1362","1109","1178","1362","1485","1916","1365","1167","1241","1446","1519","2592","8016","0","8016"
"20223","11410555","북아현동","16643","7949","8694","2524","2381","2894","2685","2778","3381","1279","1079","1417","1351","1375","1448","1245","1302","1477","1334","1403","1933","7469","0","7469"
"20223","11410565","충현동","20756","9990","10766","2595","3434","3262","3046","3349","5070","1289","1650","1614","1535","1658","2244","1306","1784","1648","1511","1691","2826","10379","0","10379"
"20223","11410585","신촌동","19272","8599","10673","1594","7419","3286","1982","1999","2992","809","2877","1645","970","1000","1298","785","4542","1641","1012","999","1694","13316","0","13316"
"20223","11410615","연희동","36200","17437","18763","4151","7591","5620","5114","5256","8468","2102","3871","2818","2446","2492","3708","2049","3720","2802","2668","2764","4760","18862","0","18862"
"20223","11410620","홍제1동","24329","11424","12905","3451","3166","3452","3793","4088","6379","1705","1557","1666","1825","1898","2773","1746","1609","1786","1968","2190","3606","10489","0","10489"
"20223","11410640","홍제3동","15810","7661","8149","1897","2120","1969","2206","2714","4904","990","1065","1027","1100","1370","2109","907","1055","942","1106","1344","2795","7117","0","7117"
"20223","11410655","홍제2동","14233","6779","7454","1910","1857","1925","2050","2570","3921","991","926","960","974","1225","1703","919","931","965","1076","1345","2218","5908","0","5908"
"20223","11410660","홍은1동","22956","11085","11871","3264","2921","2994","3450","3966","6361","1647","1466","1519","1687","1950","2816","1617","1455","1475","1763","2016","3545","9716","0","9716"
"20223","11410685","홍은2동","26960","13019","13941","3464","4245","3479","3999","4588","7185","1763","2139","1822","1971","2192","3132","1701","2106","1657","2028","2396","4053","12304","0","12304"
"20223","11410690","남가좌1동","15900","7657","8243","3606","1553","2487","3089","2130","3035","1774","753","1104","1630","1043","1353","1832","800","1383","1459","1087","1682","5889","0","5889"
"20223","11410700","남가좌2동","30036","14498","15538","5089","4293","4609","4921","4409","6715","2535","2087","2273","2490","2177","2936","2554","2206","2336","2431","2232","3779","13308","0","13308"
"20223","11410710","북가좌1동","18445","8896","9549","3394","2173","2402","3277","3020","4179","1769","1051","1125","1637","1447","1867","1625","1122","1277","1640","1573","2312","6990","0","6990"
"20223","11410720","북가좌2동","32607","15868","16739","4116","4817","4306","5035","5442","8891","2121","2443","2225","2462","2627","3990","1995","2374","2081","2573","2815","4901","14785","0","14785"
"20223","11440555","아현동","25772","12061","13711","4469","3208","5156","4239","3878","4822","2155","1421","2382","2127","1859","2117","2314","1787","2774","2112","2019","2705","10610","0","10610"
"20223","11440565","공덕동","37964","17907","20057","4584","6428","6526","5543","6396","8487","2344","2820","3154","2748","3136","3705","2240","3608","3372","2795","3260","4782","18628","0","18628"
"20223","11440585","도화동","21763","10454","11309","3114","3007","3633","3231","3484","5294","1671","1449","1758","1549","1679","2348","1443","1558","1875","1682","1805","2946","9539","0","9539"
"20223","11440590","용강동","21842","10278","11564","4294","2232","3775","4430","2940","4171","2082","1027","1722","2136","1469","1842","2212","1205","2053","2294","1471","2329","9300","0","9300"
"20223","11440600","대흥동","14388","6943","7445","1565","3355","2375","2090","2036","2967","830","1511","1201","1045","1069","1287","735","1844","1174","1045","967","1680","8385","0","8385"
"20223","11440610","염리동","12125","5839","6286","2088","1801","1869","2190","1765","2412","1045","869","901","1107","886","1031","1043","932","968","1083","879","1381","5677","0","5677"
"20223","11440630","신수동","23146","11271","11875","3604","3477","3770","3911","3566","4818","1913","1749","1834","1839","1785","2151","1691","1728","1936","2072","1781","2667","10213","0","10213"
"20223","11440655","서강동","24664","11742","12922","3605","4648","4109","4000","3678","4624","1832","2224","1937","1920","1751","2078","1773","2424","2172","2080","1927","2546","11619","0","11619"
"20223","11440660","서교동","23682","10810","12872","1830","5964","5177","3499","2754","4458","914","2494","2421","1719","1338","1924","916","3470","2756","1780","1416","2534","14891","0","14891"
"20223","11440680","합정동","19846","9219","10627","2303","3878","3956","2888","2722","4099","1149","1722","1882","1381","1299","1786","1154","2156","2074","1507","1423","2313","10285","0","10285"
"20223","11440690","망원1동","20802","9777","11025","2377","3494","3922","3265","2974","4770","1185","1626","1868","1584","1468","2046","1192","1868","2054","1681","1506","2724","10513","0","10513"
"20223","11440700","망원2동","19023","8954","10069","2766","2909","2976","3266","2821","4285","1375","1343","1408","1605","1387","1836","1391","1566","1568","1661","1434","2449","8571","0","8571"
"20223","11440710","연남동","15575","7355","8220","1429","3229","3101","2336","2033","3447","743","1496","1506","1172","958","1480","686","1733","1595","1164","1075","1967","8854","0","8854"
"20223","11440720","성산1동","19357","9097","10260","2453","3135","3401","3329","2884","4155","1204","1473","1643","1593","1367","1817","1249","1662","1758","1736","1517","2338","9419","0","9419"
"20223","11440730","성산2동","40394","18378","22016","6010","6782","6742","6586","5765","8509","3097","2723","3065","3170","2809","3514","2913","4059","3677","3416","2956","4995","19041","0","19041"
"20223","11440740","상암동","31404","14976","16428","6769","4296","4026","6183","4503","5627","3459","1944","1836","2951","2341","2445","3310","2352","2190","3232","2162","3182","12766","0","12766"
"20223","11470510","목1동","31563","15159","16404","8109","3423","3302","6956","5008","4765","4075","1669","1392","3172","2622","2229","4034","1754","1910","3784","2386","2536","10556","0","10556"
"20223","11470520","목2동","30445","14797","15648","4279","5011","5248","4629","4952","6326","2227","2449","2685","2219","2342","2875","2052","2562","2563","2410","2610","3451","13239","0","13239"
"20223","11470530","목3동","22470","10726","11744","2922","3560","4033","3216","3652","5087","1564","1729","1974","1542","1653","2264","1358","1831","2059","1674","1999","2823","10117","0","10117"
"20223","11470540","목4동","25946","12676","13270","4779","4172","2819","4581","4843","4752","2501","2196","1397","2031","2401","2150","2278","1976","1422","2550","2442","2602","10128","0","10128"
"20223","11470550","목5동","42205","20895","21310","11030","4518","4004","9236","6680","6737","5957","2345","1744","4130","3455","3264","5073","2173","2260","5106","3225","3473","13578","0","13578"
"20223","11470560","신월1동","20959","10757","10202","2336","2696","2770","3113","3915","6129","1198","1430","1526","1624","2051","2928","1138","1266","1244","1489","1864","3201","10203","0","10203"
"20223","11470570","신월2동","21351","10461","10890","3225","2709","3045","3335","3356","5681","1617","1401","1550","1692","1627","2574","1608","1308","1495","1643","1729","3107","8607","0","8607"
"20223","11470580","신월3동","15749","8297","7452","2039","2040","2036","2245","2962","4427","1075","1066","1110","1256","1628","2162","964","974","926","989","1334","2265","8040","0","8040"
"20223","11470590","신월4동","18411","9050","9361","3120","2186","2512","3051","2841","4701","1617","1137","1244","1550","1376","2126","1503","1049","1268","1501","1465","2575","6961","0","6961"
"20223","11470600","신월5동","15055","7459","7596","2281","2154","2110","2308","2549","3653","1195","1094","1114","1145","1215","1696","1086","1060","996","1163","1334","1957","6487","0","6487"
"20223","11470610","신월6동","13741","6769","6972","2688","1606","2583","2159","2032","2673","1365","816","1294","1081","978","1235","1323","790","1289","1078","1054","1438","5226","0","5226"
"20223","11470611","신월7동","20514","10068","10446","2446","2659","2642","2986","3601","6180","1259","1407","1392","1549","1759","2702","1187","1252","1250","1437","1842","3478","9234","0","9234"
"20223","11470620","신정1동","20964","10227","10737","4914","2473","2078","4116","3542","3841","2536","1254","908","1933","1817","1779","2378","1219","1170","2183","1725","2062","7213","0","7213"
"20223","11470630","신정2동","20051","9822","10229","4278","2592","1811","3814","3625","3931","2208","1334","845","1760","1857","1818","2070","1258","966","2054","1768","2113","7141","0","7141"
"20223","11470640","신정3동","46374","22599","23775","8701","5912","5752","8007","7827","10175","4478","3059","2826","3872","3820","4544","4223","2853","2926","4135","4007","5631","17831","0","17831"
"20223","11470650","신정4동","33533","16434","17099","4030","5286","5095","5263","5421","8438","2089","2536","2705","2624","2606","3874","1941","2750","2390","2639","2815","4564","16066","0","16066"
"20223","11470670","신정6동","25017","12160","12857","5769","3198","2749","4744","4416","4141","2975","1640","1222","2137","2199","1987","2794","1558","1527","2607","2217","2154","8300","0","8300"
"20223","11470680","신정7동","29891","14452","15439","5458","3604","3231","5210","5281","7107","2815","1880","1541","2501","2615","3100","2643","1724","1690","2709","2666","4007","11604","0","11604"
"20223","11500510","염창동","41853","20346","21507","8696","5432","7332","7676","5956","6761","4472","2518","3483","3759","2925","3189","4224","2914","3849","3917","3031","3572","15820","0","15820"
"20223","11500520","등촌1동","24118","11283","12835","2654","4989","6008","3255","3033","4179","1455","1994","2894","1605","1474","1861","1199","2995","3114","1650","1559","2318","13153","0","13153"
"20223","11500530","등촌2동","21104","10340","10764","2962","3315","3540","3071","3453","4763","1604","1658","1791","1495","1601","2191","1358","1657","1749","1576","1852","2572","8766","0","8766"
"20223","11500535","등촌3동","31490","15009","16481","3782","4182","4663","3927","5370","9566","1969","2152","2403","1873","2461","4151","1813","2030","2260","2054","2909","5415","15067","0","15067"
"20223","11500540","화곡1동","51115","24830","26285","5142","9133","10320","7382","7240","11898","2596","4115","5477","3856","3406","5380","2546","5018","4843","3526","3834","6518","26338","0","26338"
"20223","11500550","화곡2동","17836","8686","9150","2559","2533","2796","3000","2785","4163","1290","1276","1471","1516","1307","1826","1269","1257","1325","1484","1478","2337","7957","0","7957"
"20223","11500560","화곡3동","21443","10303","11140","2897","3086","3161","3180","3268","5851","1501","1468","1580","1522","1547","2685","1396","1618","1581","1658","1721","3166","9239","0","9239"
"20223","11500570","화곡4동","20867","10214","10653","2499","2942","3333","3221","3401","5471","1296","1520","1731","1661","1616","2390","1203","1422","1602","1560","1785","3081","9638","0","9638"
"20223","11500590","화곡본동","38372","18719","19653","5238","6547","7107","6129","5477","7874","2753","3077","3808","3121","2574","3386","2485","3470","3299","3008","2903","4488","18579","0","18579"
"20223","11500591","화곡6동","24230","11844","12386","2858","4152","4039","3536","3860","5785","1539","1967","2075","1787","1837","2639","1319","2185","1964","1749","2023","3146","11873","0","11873"
"20223","11500593","화곡8동","24746","11897","12849","2940","3770","4188","3938","3696","6214","1476","1845","2187","2001","1658","2730","1464","1925","2001","1937","2038","3484","11583","0","11583"
"20223","11500603","가양1동","34206","15801","18405","3618","8428","8327","4599","4299","4935","1870","2872","4201","2404","2066","2388","1748","5556","4126","2195","2233","2547","20072","0","20072"
"20223","11500604","가양2동","14520","6884","7636","1002","1712","2413","1504","2215","5674","515","768","1249","770","1034","2548","487","944","1164","734","1181","3126","8052","0","8052"
"20223","11500605","가양3동","15544","7269","8275","1344","1846","3144","1929","2277","5004","691","885","1578","1018","1069","2028","653","961","1566","911","1208","2976","7912","0","7912"
"20223","11500611","발산1동","37403","17751","19652","8455","4620","4428","7260","5715","6925","4173","2271","2104","3445","2759","2999","4282","2349","2324","3815","2956","3926","13523","0","13523"
"20223","11500615","우장산동","43678","20888","22790","9278","5266","5575","8655","6506","8398","4537","2517","2657","4051","3239","3887","4741","2749","2918","4604","3267","4511","16129","0","16129"
"20223","11500620","공항동","26929","13662","13267","4329","3789","5023","4292","3815","5681","2235","1907","2615","2307","1938","2660","2094","1882","2408","1985","1877","3021","12784","0","12784"
"20223","11500630","방화1동","44340","21631","22709","8542","5323","6504","7719","6535","9717","4264","2565","3196","3916","3186","4504","4278","2758","3308","3803","3349","5213","17489","0","17489"
"20223","11500640","방화2동","23107","11401","11706","2617","3321","3480","3188","3709","6792","1375","1594","1877","1690","1845","3020","1242","1727","1603","1498","1864","3772","11644","0","11644"
"20223","11500641","방화3동","23471","11391","12080","2893","2599","3732","3470","3614","7163","1488","1349","1923","1768","1741","3122","1405","1250","1809","1702","1873","4041","11330","0","11330"
"20223","11530510","신도림동","36197","17684","18513","7148","4343","6241","6543","5098","6824","3622","2102","2985","3216","2514","3245","3526","2241","3256","3327","2584","3579","13483","0","13483"
"20223","11530520","구로1동","21220","10412","10808","3848","2824","3884","3634","3012","4018","2016","1343","1949","1829","1433","1842","1832","1481","1935","1805","1579","2176","8364","0","8364"
"20223","11530530","구로2동","24606","12419","12187","2338","3251","2934","3507","4720","7856","1232","1697","1620","1857","2466","3547","1106","1554","1314","1650","2254","4309","12794","0","12794"
"20223","11530540","구로3동","23853","12153","11700","2782","4134","5016","4016","3059","4846","1440","2015","2716","2213","1608","2161","1342","2119","2300","1803","1451","2685","13227","0","13227"
"20223","11530550","구로4동","20378","9883","10495","1962","2826","2934","2972","3533","6151","994","1340","1521","1510","1779","2739","968","1486","1413","1462","1754","3412","10711","0","10711"
"20223","11530560","구로5동","29372","14272","15100","3455","5067","5452","4126","4556","6716","1764","2225","2725","2110","2303","3145","1691","2842","2727","2016","2253","3571","14707","0","14707"
"20223","11530595","가리봉동","9271","5026","4245","523","1489","1256","1183","1866","2954","287","781","728","670","1107","1453","236","708","528","513","759","1501","6040","0","6040"
"20223","11530720","고척1동","23146","11542","11604","3293","3293","2908","3512","3936","6204","1708","1726","1514","1778","1922","2894","1585","1567","1394","1734","2014","3310","9619","0","9619"
"20223","11530730","고척2동","27366","13549","13817","4073","3615","3326","4289","4791","7272","2075","1861","1677","2166","2368","3402","1998","1754","1649","2123","2423","3870","11610","0","11610"
"20223","11530740","개봉1동","34336","17169","17167","4655","4632","5074","4975","5860","9140","2348","2370","2651","2570","2913","4317","2307","2262","2423","2405","2947","4823","14937","0","14937"
"20223","11530750","개봉2동","31775","15502","16273","4516","3870","4570","4857","4978","8984","2301","1947","2289","2488","2344","4133","2215","1923","2281","2369","2634","4851","12605","0","12605"
"20223","11530760","개봉3동","20845","10201","10644","2668","2612","2786","3224","3495","6060","1373","1339","1442","1654","1643","2750","1295","1273","1344","1570","1852","3310","8842","0","8842"
"20223","11530770","오류1동","22669","11102","11567","2472","3979","4361","3183","3057","5617","1247","1777","2260","1660","1539","2619","1225","2202","2101","1523","1518","2998","11785","0","11785"
"20223","11530780","오류2동","39127","18870","20257","7244","4661","5182","6707","5695","9638","3694","2271","2548","3375","2716","4266","3550","2390","2634","3332","2979","5372","15629","0","15629"
"20223","11530790","수궁동","23972","11848","12124","3493","3088","3317","3833","3932","6309","1869","1608","1699","1902","1866","2904","1624","1480","1618","1931","2066","3405","9967","0","9967"
"20223","11530800","항동","16279","8030","8249","3918","1720","3914","2663","1745","2319","2034","808","1894","1419","801","1074","1884","912","2020","1244","944","1245","6135","0","6135"
"20223","11545510","가산동","23050","12608","10442","1401","6523","5434","2749","2970","3973","677","3035","3382","1711","1740","2063","724","3488","2052","1038","1230","1910","15924","0","15924"
"20223","11545610","독산1동","42270","21748","20522","5535","7328","8449","6238","6244","8476","2809","3664","4707","3402","3148","4018","2726","3664","3742","2836","3096","4458","21131","0","21131"
"20223","11545620","독산2동","19016","9631","9385","2117","2842","2493","2608","3813","5143","1101","1488","1352","1324","1918","2448","1016","1354","1141","1284","1895","2695","9436","0","9436"
"20223","11545630","독산3동","24503","12308","12195","2380","3852","3545","3276","4761","6689","1212","1917","1979","1708","2361","3131","1168","1935","1566","1568","2400","3558","12553","0","12553"
"20223","11545640","독산4동","15537","7838","7699","1633","2287","1980","2113","3248","4276","826","1163","1097","1053","1661","2038","807","1124","883","1060","1587","2238","7657","0","7657"
"20223","11545670","시흥1동","33778","16865","16913","4166","5050","4789","5006","5947","8820","2187","2577","2554","2554","2915","4078","1979","2473","2235","2452","3032","4742","16124","0","16124"
"20223","11545680","시흥2동","21962","10590","11372","3715","2495","2481","3497","3808","5966","1841","1292","1215","1719","1794","2729","1874","1203","1266","1778","2014","3237","8474","0","8474"
"20223","11545690","시흥3동","11130","5525","5605","1259","1445","1431","1564","2015","3416","624","772","763","811","974","1581","635","673","668","753","1041","1835","4771","0","4771"
"20223","11545700","시흥4동","20791","10307","10484","2627","2732","2585","2974","3923","5950","1333","1430","1373","1495","1880","2796","1294","1302","1212","1479","2043","3154","9154","0","9154"
"20223","11545710","시흥5동","19686","9806","9880","2392","2548","2284","2890","3563","6009","1205","1368","1229","1502","1823","2679","1187","1180","1055","1388","1740","3330","9414","0","9414"
"20223","11560515","영등포본동","21466","11010","10456","2702","2850","3306","3147","3652","5809","1396","1535","1733","1658","1906","2782","1306","1315","1573","1489","1746","3027","10338","0","10338"
"20223","11560535","영등포동","28026","15044","12982","2095","6712","6875","3512","3593","5239","1066","2922","3839","2082","2232","2903","1029","3790","3036","1430","1361","2336","18953","0","18953"
"20223","11560540","여의동","34156","16052","18104","5856","3872","5277","5485","5170","8496","2924","1791","2411","2587","2511","3828","2932","2081","2866","2898","2659","4668","13784","0","13784"
"20223","11560550","당산1동","20750","10190","10560","2137","3542","4245","2927","3064","4835","1067","1602","2227","1521","1543","2230","1070","1940","2018","1406","1521","2605","10797","0","10797"
"20223","11560560","당산2동","37551","17619","19932","5102","7320","8220","5249","4820","6840","2561","3028","3962","2584","2310","3174","2541","4292","4258","2665","2510","3666","18478","0","18478"
"20223","11560585","도림동","18248","9159","9089","1948","2777","3231","2742","3001","4549","1022","1303","1708","1461","1577","2088","926","1474","1523","1281","1424","2461","9436","0","9436"
"20223","11560605","문래동","33159","16250","16909","6315","3845","6194","5984","4184","6637","3259","1830","2974","3018","2104","3065","3056","2015","3220","2966","2080","3572","13355","0","13355"
"20223","11560610","양평1동","17384","8564","8820","2234","2734","4319","2766","2051","3280","1176","1174","2251","1463","1053","1447","1058","1560","2068","1303","998","1833","9134","0","9134"
"20223","11560620","양평2동","22389","11124","11265","3257","3686","5186","3358","3054","3848","1686","1688","2679","1689","1591","1791","1571","1998","2507","1669","1463","2057","10325","0","10325"
"20223","11560630","신길1동","17447","8874","8573","1483","3387","2981","2441","2551","4604","752","1672","1710","1339","1335","2066","731","1715","1271","1102","1216","2538","10413","0","10413"
"20223","11560650","신길3동","16891","8320","8571","2331","2166","2546","2490","2900","4458","1212","1070","1311","1284","1442","2001","1119","1096","1235","1206","1458","2457","7653","0","7653"
"20223","11560660","신길4동","10489","5201","5288","1221","1420","1452","1496","1851","3049","620","752","774","758","927","1370","601","668","678","738","924","1679","5042","0","5042"
"20223","11560670","신길5동","11179","5420","5759","1586","1391","1637","1647","1942","2976","791","695","866","830","941","1297","795","696","771","817","1001","1679","4997","0","4997"
"20223","11560680","신길6동","19624","9600","10024","2527","3210","3293","2849","2953","4792","1374","1515","1653","1464","1427","2167","1153","1695","1640","1385","1526","2625","9247","0","9247"
"20223","11560690","신길7동","20286","10120","10166","3830","2814","3497","3315","3101","3729","2047","1424","1728","1667","1541","1713","1783","1390","1769","1648","1560","2016","7911","0","7911"
"20223","11560700","대림1동","14842","7366","7476","1761","2165","1995","2123","2533","4265","963","1073","1044","1134","1239","1913","798","1092","951","989","1294","2352","7219","0","7219"
"20223","11560710","대림2동","12409","6100","6309","1050","1896","1704","1695","2198","3866","528","973","925","883","1071","1720","522","923","779","812","1127","2146","6977","0","6977"
"20223","11560720","대림3동","22896","11479","11417","2642","3167","3292","3186","4257","6352","1368","1652","1778","1590","2128","2963","1274","1515","1514","1596","2129","3389","10429","0","10429"
"20223","11590510","노량진1동","32054","15972","16082","3941","5592","5423","4353","4703","8042","2017","2937","2923","2265","2275","3555","1924","2655","2500","2088","2428","4487","15709","0","15709"
"20223","11590520","노량진2동","12664","6491","6173","913","2337","1917","1552","2144","3801","477","1211","1127","853","1091","1732","436","1126","790","699","1053","2069","7466","0","7466"
"20223","11590530","상도1동","45153","21834","23319","6123","9857","6311","6578","6345","9939","3111","4984","3119","3261","2960","4399","3012","4873","3192","3317","3385","5540","21584","0","21584"
"20223","11590540","상도2동","27835","13383","14452","4175","4297","4679","4310","4116","6258","2137","2046","2276","2160","1975","2789","2038","2251","2403","2150","2141","3469","12575","0","12575"
"20223","11590550","상도3동","25071","11976","13095","2902","4223","4208","3690","3881","6167","1480","1952","2186","1817","1849","2692","1422","2271","2022","1873","2032","3475","12051","0","12051"
"20223","11590560","상도4동","28885","14018","14867","3599","4580","4840","4380","4403","7083","1897","2185","2522","2215","2092","3107","1702","2395","2318","2165","2311","3976","13804","0","13804"
"20223","11590605","흑석동","32306","15694","16612","4521","5138","4548","4891","5216","7992","2321","2681","2248","2501","2478","3465","2200","2457","2300","2390","2738","4527","14266","0","14266"
"20223","11590620","사당1동","23072","10944","12128","1730","5253","4655","2944","3088","5402","899","2260","2433","1510","1404","2438","831","2993","2222","1434","1684","2964","13289","0","13289"
"20223","11590630","사당2동","27227","13111","14116","3452","3684","4489","4047","4186","7369","1852","1759","2225","1987","1994","3294","1600","1925","2264","2060","2192","4075","11947","0","11947"
"20223","11590640","사당3동","25027","12119","12908","3769","3398","4133","3830","3640","6257","1968","1584","1974","1963","1721","2909","1801","1814","2159","1867","1919","3348","10564","0","10564"
"20223","11590650","사당4동","14426","6900","7526","1501","2526","2494","2072","2102","3731","789","1168","1267","1076","967","1633","712","1358","1227","996","1135","2098","7154","0","7154"
"20223","11590651","사당5동","14690","7131","7559","2065","2219","2597","2336","2184","3289","1067","1084","1321","1162","1031","1466","998","1135","1276","1174","1153","1823","6600","0","6600"
"20223","11590660","대방동","38781","18450","20331","6483","6483","5434","6622","5833","7926","3192","3069","2662","3199","2929","3399","3291","3414","2772","3423","2904","4527","17282","0","17282"
"20223","11590670","신대방1동","23662","11391","12271","4053","3406","3095","4027","3728","5353","2017","1635","1525","1917","1864","2433","2036","1771","1570","2110","1864","2920","10234","0","10234"
"20223","11590680","신대방2동","20916","9943","10973","3271","3590","3408","3367","2789","4491","1652","1582","1665","1667","1341","2036","1619","2008","1743","1700","1448","2455","9769","0","9769"
"20223","11620525","보라매동","23236","11427","11809","2448","4518","3839","3217","3219","5995","1286","2178","2100","1657","1518","2688","1162","2340","1739","1560","1701","3307","12009","0","12009"
"20223","11620545","청림동","15551","7619","7932","2441","1851","2604","2481","2323","3851","1269","981","1307","1259","1142","1661","1172","870","1297","1222","1181","2190","6553","0","6553"
"20223","11620565","성현동","33366","16092","17274","5398","4672","4512","5523","5221","8040","2827","2292","2250","2746","2528","3449","2571","2380","2262","2777","2693","4591","14122","0","14122"
"20223","11620575","행운동","28912","14070","14842","2547","7342","5965","3654","3417","5987","1292","3311","3182","1915","1676","2694","1255","4031","2783","1739","1741","3293","17137","0","17137"
"20223","11620585","낙성대동","15664","7865","7799","1312","5066","3223","1829","1583","2651","640","2416","1813","963","827","1206","672","2650","1410","866","756","1445","10254","0","10254"
"20223","11620595","청룡동","34681","16671","18010","2915","11004","6667","4022","3847","6226","1431","4833","3542","2086","1942","2837","1484","6171","3125","1936","1905","3389","22229","0","22229"
"20223","11620605","은천동","33720","16494","17226","4752","5449","5331","5238","4853","8097","2471","2592","2762","2702","2376","3591","2281","2857","2569","2536","2477","4506","15937","0","15937"
"20223","11620615","중앙동","15166","7234","7932","1001","4394","2978","1720","1798","3275","507","1802","1624","936","899","1466","494","2592","1354","784","899","1809","9605","0","9605"
"20223","11620625","인헌동","25460","12424","13036","2650","5694","4837","3503","3379","5397","1372","2688","2523","1778","1650","2413","1278","3006","2314","1725","1729","2984","13908","0","13908"
"20223","11620630","남현동","18396","8882","9514","1833","3952","3720","2307","2559","4025","922","1783","1974","1198","1165","1840","911","2169","1746","1109","1394","2185","9538","0","9538"
"20223","11620645","서원동","22343","11505","10838","1495","6371","4452","2707","2732","4586","770","3244","2599","1489","1305","2098","725","3127","1853","1218","1427","2488","13823","0","13823"
"20223","11620655","신원동","18098","9066","9032","1459","4347","3218","2251","2420","4403","712","2194","1849","1221","1197","1893","747","2153","1369","1030","1223","2510","10797","0","10797"
"20223","11620665","서림동","25506","13917","11589","2099","6035","5061","3556","3385","5370","1080","3335","3097","2132","1784","2489","1019","2700","1964","1424","1601","2881","15523","0","15523"
"20223","11620685","신사동","22688","11352","11336","1931","5761","3910","2995","3223","4868","1039","2713","2213","1551","1600","2236","892","3048","1697","1444","1623","2632","13680","0","13680"
"20223","11620695","신림동","21839","11395","10444","839","8411","5604","2485","1751","2749","416","4061","3225","1428","983","1282","423","4350","2379","1057","768","1467","17289","0","17289"
"20223","11620715","난향동","15780","7777","8003","2670","1723","1904","2973","2567","3943","1355","886","944","1501","1293","1798","1315","837","960","1472","1274","2145","6422","0","6422"
"20223","11620725","조원동","17480","8832","8648","1515","4082","3265","2234","2393","3991","759","1858","1834","1189","1265","1927","756","2224","1431","1045","1128","2064","10649","0","10649"
"20223","11620735","대학동","24481","14713","9768","1847","6547","4989","3662","3212","4224","955","3889","3323","2473","2007","2066","892","2658","1666","1189","1205","2158","16777","0","16777"
"20223","11620745","삼성동","23760","11871","11889","2455","2905","2688","3408","4238","8066","1308","1551","1525","1819","2119","3549","1147","1354","1163","1589","2119","4517","11204","0","11204"
"20223","11620765","미성동","30979","15172","15807","4055","4797","4264","4700","4963","8200","2026","2369","2225","2407","2380","3765","2029","2428","2039","2293","2583","4435","14102","0","14102"
"20223","11620775","난곡동","27330","13700","13630","3204","4102","3697","3921","4891","7515","1666","2135","2017","2058","2377","3447","1538","1967","1680","1863","2514","4068","12972","0","12972"
"20223","11650510","서초1동","21009","10095","10914","3483","2834","3598","3801","2998","4295","1805","1355","1646","1827","1453","2009","1678","1479","1952","1974","1545","2286","9350","0","9350"
"20223","11650520","서초2동","21404","10200","11204","3682","3055","4227","3838","2854","3748","1894","1368","1938","1830","1427","1743","1788","1687","2289","2008","1427","2005","9671","0","9671"
"20223","11650530","서초3동","31930","15560","16370","4574","5251","5390","5052","4888","6775","2553","2465","2562","2392","2409","3179","2021","2786","2828","2660","2479","3596","14565","0","14565"
"20223","11650531","서초4동","31457","15285","16172","7211","3587","3731","6395","4772","5761","3761","1736","1601","2974","2491","2722","3450","1851","2130","3421","2281","3039","11005","0","11005"
"20223","11650540","잠원동","28349","13589","14760","5634","3683","3857","5551","4624","5000","2905","1773","1764","2544","2319","2284","2729","1910","2093","3007","2305","2716","11449","0","11449"
"20223","11650550","반포본동","11947","5637","6310","2490","1494","892","2258","2175","2638","1277","719","401","924","1105","1211","1213","775","491","1334","1070","1427","4107","0","4107"
"20223","11650560","반포1동","32298","15597","16701","6603","4226","5496","6623","4116","5234","3348","1923","2493","3327","2130","2376","3255","2303","3003","3296","1986","2858","14274","0","14274"
"20223","11650570","반포2동","16079","7668","8411","4625","1360","1541","3721","2142","2690","2335","665","610","1697","1152","1209","2290","695","931","2024","990","1481","5109","0","5109"
"20223","11650580","반포3동","22333","10576","11757","4968","2497","2613","4569","3491","4195","2554","1232","1151","2045","1768","1826","2414","1265","1462","2524","1723","2369","7739","0","7739"
"20223","11650581","반포4동","19377","9164","10213","3854","2328","2649","3579","2865","4102","2017","1114","1171","1625","1372","1865","1837","1214","1478","1954","1493","2237","7275","0","7275"
"20223","11650590","방배본동","21099","9797","11302","4277","2681","2432","3961","3423","4325","2062","1252","1077","1755","1706","1945","2215","1429","1355","2206","1717","2380","7997","0","7997"
"20223","11650600","방배1동","17245","8086","9159","2512","2499","2969","2797","2455","4013","1311","1188","1346","1291","1144","1806","1201","1311","1623","1506","1311","2207","7644","0","7644"
"20223","11650610","방배2동","20247","9493","10754","2819","2861","3177","3080","3164","5146","1434","1420","1474","1436","1433","2296","1385","1441","1703","1644","1731","2850","8671","0","8671"
"20223","11650620","방배3동","21283","10278","11005","3322","2781","2942","3220","3528","5490","1710","1453","1406","1479","1644","2586","1612","1328","1536","1741","1884","2904","8284","0","8284"
"20223","11650621","방배4동","23722","10840","12882","4290","3204","3625","4292","3525","4786","2036","1410","1603","1921","1708","2162","2254","1794","2022","2371","1817","2624","9812","0","9812"
"20223","11650651","양재1동","44542","21287","23255","8390","5396","6773","7771","6302","9910","4300","2637","3243","3789","3000","4318","4090","2759","3530","3982","3302","5592","18222","0","18222"
"20223","11650652","양재2동","22452","11264","11188","3064","3369","4543","3733","3340","4403","1606","1705","2366","1912","1643","2032","1458","1664","2177","1821","1697","2371","10829","0","10829"
"20223","11650660","내곡동","17915","8715","9200","3318","1925","2725","3049","2476","4422","1677","1006","1269","1547","1161","2055","1641","919","1456","1502","1315","2367","7209","0","7209"
"20223","11680510","신사동","16672","7731","8941","2650","2279","2384","2954","2499","3906","1354","1044","1054","1294","1235","1750","1296","1235","1330","1660","1264","2156","7323","0","7323"
"20223","11680521","논현1동","22994","10809","12185","1589","4626","5821","3871","2821","4266","767","2092","2774","1866","1410","1900","822","2534","3047","2005","1411","2366","14400","0","14400"
"20223","11680531","논현2동","21740","10121","11619","2445","3552","4562","3824","2978","4379","1264","1589","2048","1838","1458","1924","1181","1963","2514","1986","1520","2455","11676","0","11676"
"20223","11680545","압구정동","27248","12572","14676","4957","3193","3377","4883","4104","6734","2375","1503","1445","2226","2016","3007","2582","1690","1932","2657","2088","3727","10622","0","10622"
"20223","11680565","청담동","27014","12627","14387","4437","3801","4440","4805","3989","5542","2374","1718","1922","2212","1865","2536","2063","2083","2518","2593","2124","3006","11801","0","11801"
"20223","11680580","삼성1동","13407","6623","6784","2141","1913","1955","2183","2170","3045","1205","1031","910","1005","1046","1426","936","882","1045","1178","1124","1619","5675","0","5675"
"20223","11680590","삼성2동","30115","14342","15773","5917","3889","4981","6443","4143","4742","3215","1842","2094","2957","2115","2119","2702","2047","2887","3486","2028","2623","13439","0","13439"
"20223","11680600","대치1동","24900","12528","12372","7507","2475","1568","6133","3814","3403","4189","1266","610","2705","2126","1632","3318","1209","958","3428","1688","1771","7380","0","7380"
"20223","11680610","대치2동","37565","19103","18462","8358","4959","3268","7283","6730","6967","4874","2688","1512","3105","3518","3406","3484","2271","1756","4178","3212","3561","12986","0","12986"
"20223","11680630","대치4동","20478","9657","10821","3322","3441","3367","4104","3213","3031","1758","1649","1508","1761","1619","1362","1564","1792","1859","2343","1594","1669","10328","0","10328"
"20223","11680640","역삼1동","35804","17333","18471","2485","7528","10082","6058","4240","5411","1252","3206","5008","3103","2235","2529","1233","4322","5074","2955","2005","2882","23983","0","23983"
"20223","11680650","역삼2동","36944","17309","19635","8499","4687","5243","8651","4847","5017","4158","2022","2250","3998","2632","2249","4341","2665","2993","4653","2215","2768","15675","0","15675"
"20223","11680655","도곡1동","22087","10464","11623","4120","2986","3231","3872","3516","4362","1947","1400","1450","1848","1708","2111","2173","1586","1781","2024","1808","2251","8661","0","8661"
"20223","11680656","도곡2동","33941","15779","18162","7711","4013","3590","6550","5477","6600","3594","1857","1463","2932","2746","3187","4117","2156","2127","3618","2731","3413","11792","0","11792"
"20223","11680660","개포1동","6408","3121","3287","969","734","663","915","1044","2083","493","377","307","436","523","985","476","357","356","479","521","1098","2465","0","2465"
"20223","11680670","개포2동","22211","10732","11479","4194","2920","2791","3692","3834","4780","2084","1508","1314","1689","1847","2290","2110","1412","1477","2003","1987","2490","8033","0","8033"
"20223","11680690","개포4동","22529","10991","11538","3691","3161","3468","3759","3781","4669","1898","1599","1709","1775","1869","2141","1793","1562","1759","1984","1912","2528","9499","0","9499"
"20223","11680700","세곡동","44314","21044","23270","9067","5380","6879","7809","6014","9165","4496","2594","3149","3846","2925","4034","4571","2786","3730","3963","3089","5131","17965","0","17965"
"20223","11680720","일원본동","23927","11793","12134","5606","2620","2981","4542","3720","4458","3159","1363","1362","2093","1808","2008","2447","1257","1619","2449","1912","2450","8146","0","8146"
"20223","11680730","일원1동","15672","7693","7979","1950","2208","2268","2145","2515","4586","1060","1150","1195","1092","1205","1991","890","1058","1073","1053","1310","2595","7465","0","7465"
"20223","11680740","일원2동","17642","8556","9086","3007","1940","2579","3044","2602","4470","1748","1044","1243","1464","1255","1802","1259","896","1336","1580","1347","2668","7357","0","7357"
"20223","11680750","수서동","15241","6919","8322","1214","1614","2318","1654","2259","6182","611","827","1166","871","1011","2433","603","787","1152","783","1248","3749","7876","0","7876"
"20223","11710510","풍납1동","13896","6829","7067","1591","1720","1943","1993","2447","4202","854","906","1010","988","1184","1887","737","814","933","1005","1263","2315","6377","0","6377"
"20223","11710520","풍납2동","25501","12123","13378","4043","3836","4296","4061","3703","5562","2066","1685","2035","1964","1800","2573","1977","2151","2261","2097","1903","2989","11071","0","11071"
"20223","11710531","거여1동","12616","6407","6209","1624","1796","1715","1883","2273","3325","864","952","908","946","1149","1588","760","844","807","937","1124","1737","5510","0","5510"
"20223","11710532","거여2동","19174","9408","9766","2911","2233","2678","3028","3315","5009","1544","1149","1362","1477","1614","2262","1367","1084","1316","1551","1701","2747","8170","0","8170"
"20223","11710540","마천1동","19745","10078","9667","2616","2382","2237","2864","3618","6028","1349","1239","1240","1474","1930","2846","1267","1143","997","1390","1688","3182","8972","0","8972"
"20223","11710550","마천2동","19564","9919","9645","2299","2476","2292","2772","3724","6001","1169","1327","1268","1459","1893","2803","1130","1149","1024","1313","1831","3198","8886","0","8886"
"20223","11710561","방이1동","16193","7804","8389","2786","2490","2282","2697","2698","3240","1415","1272","1089","1237","1272","1519","1371","1218","1193","1460","1426","1721","6317","0","6317"
"20223","11710562","방이2동","26148","12310","13838","2469","5177","5982","3661","3645","5214","1325","2194","2922","1790","1703","2376","1144","2983","3060","1871","1942","2838","14550","0","14550"
"20223","11710566","오륜동","18483","9090","9393","4132","2182","1719","3403","3135","3912","2270","1153","720","1504","1557","1886","1862","1029","999","1899","1578","2026","5956","0","5956"
"20223","11710570","오금동","39515","19163","20352","6095","5603","5699","5845","6883","9390","3194","2896","2797","2740","3225","4311","2901","2707","2902","3105","3658","5079","15693","0","15693"
"20223","11710580","송파1동","24810","11632","13178","2634","4604","5425","3506","3518","5123","1313","2067","2648","1636","1622","2346","1321","2537","2777","1870","1896","2777","12434","0","12434"
"20223","11710590","송파2동","20645","9906","10739","3578","2924","3076","3185","3366","4516","1804","1372","1460","1526","1606","2138","1774","1552","1616","1659","1760","2378","7647","0","7647"
"20223","11710600","석촌동","32530","15505","17025","3554","5621","7052","4925","4728","6650","1809","2555","3402","2431","2280","3028","1745","3066","3650","2494","2448","3622","17072","0","17072"
"20223","11710610","삼전동","31448","14829","16619","3634","5375","6677","5192","4518","6052","1877","2401","3288","2482","2104","2677","1757","2974","3389","2710","2414","3375","16326","0","16326"
"20223","11710620","가락본동","27076","13418","13658","3532","4197","4793","3897","4753","5904","1836","2052","2439","1916","2319","2856","1696","2145","2354","1981","2434","3048","12010","0","12010"
"20223","11710631","가락1동","27823","13521","14302","5459","3556","5350","4458","4032","4968","2829","1755","2531","2168","1896","2342","2630","1801","2819","2290","2136","2626","9908","0","9908"
"20223","11710632","가락2동","33013","16237","16776","6137","4580","4836","5658","5272","6530","3225","2307","2343","2727","2549","3086","2912","2273","2493","2931","2723","3444","12379","0","12379"
"20223","11710641","문정1동","20369","10050","10319","2824","3252","3529","2842","3347","4575","1468","1612","1813","1383","1571","2203","1356","1640","1716","1459","1776","2372","8431","0","8431"
"20223","11710642","문정2동","29877","13858","16019","3239","5334","7644","4400","3626","5634","1659","2074","3549","2134","1773","2669","1580","3260","4095","2266","1853","2965","15761","0","15761"
"20223","11710646","장지동","30000","14522","15478","5192","4094","4784","4776","4875","6279","2658","2056","2409","2337","2279","2783","2534","2038","2375","2439","2596","3496","12080","0","12080"
"20223","11710647","위례동","30548","14863","15685","8837","2965","5317","6212","3558","3659","4431","1484","2420","3148","1765","1615","4406","1481","2897","3064","1793","2044","9900","0","9900"
"20223","11710650","잠실본동","28558","13478","15080","3080","5101","6179","4452","4131","5615","1544","2252","3021","2143","1953","2565","1536","2849","3158","2309","2178","3050","15419","0","15419"
"20223","11710670","잠실2동","36151","17260","18891","10069","3308","4094","8723","4853","5104","5081","1556","1644","4059","2641","2279","4988","1752","2450","4664","2212","2825","11899","0","11899"
"20223","11710680","잠실3동","35314","16819","18495","7348","3923","4489","6295","5306","7953","3776","1876","1922","2920","2599","3726","3572","2047","2567","3375","2707","4227","12130","0","12130"
"20223","11710690","잠실4동","21711","10433","11278","5208","2036","3121","4381","2899","4066","2682","1004","1302","2126","1436","1883","2526","1032","1819","2255","1463","2183","7418","0","7418"
"20223","11710710","잠실6동","17212","8128","9084","3242","2014","2372","2779","2661","4144","1632","956","1051","1293","1232","1964","1610","1058","1321","1486","1429","2180","5983","0","5983"
"20223","11710720","잠실7동","9882","4607","5275","1631","1286","1024","1402","1672","2867","733","615","466","621","813","1359","898","671","558","781","859","1508","3465","0","3465"
"20223","11740515","강일동","35390","17082","18308","7624","4276","4332","5989","5365","7804","3929","2126","2040","2881","2636","3470","3695","2150","2292","3108","2729","4334","12960","0","12960"
"20223","11740520","상일동","33197","16367","16830","7513","3597","5313","5919","4811","6044","3853","1862","2450","2986","2287","2929","3660","1735","2863","2933","2524","3115","11601","0","11601"
"20223","11740530","명일1동","26280","12827","13453","4659","3266","4153","4261","4065","5876","2431","1635","2082","2044","1941","2694","2228","1631","2071","2217","2124","3182","10105","0","10105"
"20223","11740540","명일2동","17494","8654","8840","3702","2192","1882","3116","2750","3852","1985","1129","937","1397","1358","1848","1717","1063","945","1719","1392","2004","6115","0","6115"
"20223","11740550","고덕1동","25955","13187","12768","6578","2474","3548","5474","3467","4414","3612","1324","1661","2745","1769","2076","2966","1150","1887","2729","1698","2338","8800","0","8800"
"20223","11740560","고덕2동","22444","11355","11089","4516","2448","3993","3796","3301","4390","2357","1289","1957","1975","1660","2117","2159","1159","2036","1821","1641","2273","8705","0","8705"
"20223","11740570","암사1동","35440","17548","17892","4836","4853","5290","5602","6013","8846","2458","2531","2738","2867","2944","4010","2378","2322","2552","2735","3069","4836","16172","0","16172"
"20223","11740580","암사2동","15439","7481","7958","2450","2002","2920","2411","2241","3415","1230","967","1444","1210","1072","1558","1220","1035","1476","1201","1169","1857","6352","0","6352"
"20223","11740590","암사3동","18359","8985","9374","3974","1970","2617","3282","2693","3823","2051","976","1202","1630","1298","1828","1923","994","1415","1652","1395","1995","6369","0","6369"
"20223","11740600","천호1동","27485","13505","13980","3234","3850","4108","4108","4623","7562","1642","1932","2155","2155","2190","3431","1592","1918","1953","1953","2433","4131","12913","0","12913"
"20223","11740610","천호2동","34494","17015","17479","3607","4975","6295","5026","5716","8875","1868","2349","3246","2600","2851","4101","1739","2626","3049","2426","2865","4774","17730","0","17730"
"20223","11740620","천호3동","26573","12981","13592","2625","4225","4803","3788","4258","6874","1357","1864","2403","1968","2204","3185","1268","2361","2400","1820","2054","3689","13901","0","13901"
"20223","11740640","성내1동","20230","9815","10415","3333","2716","3393","3322","3043","4423","1742","1345","1649","1613","1440","2026","1591","1371","1744","1709","1603","2397","8258","0","8258"
"20223","11740650","성내2동","24318","11935","12383","2332","3995","4327","3504","3832","6328","1187","1811","2265","1813","1900","2959","1145","2184","2062","1691","1932","3369","12909","0","12909"
"20223","11740660","성내3동","23440","11544","11896","3073","3628","3584","3615","3975","5565","1725","1882","1823","1766","1892","2456","1348","1746","1761","1849","2083","3109","10606","0","10606"
"20223","11740685","길동","46576","22715","23861","5584","7189","7606","6859","7605","11733","2907","3400","3893","3508","3615","5392","2677","3789","3713","3351","3990","6341","21589","0","21589"
"20223","11740690","둔촌1동","24","17","7","4","3","4","0","3","10","4","3","2","0","1","7","0","0","2","0","2","3","14","0","14"
"20223","11740700","둔촌2동","26347","12961","13386","4011","3746","3861","3901","4390","6438","2095","1883","1967","1950","2073","2993","1916","1863","1894","1951","2317","3445","11040","0","11040"
"20211","11320690","방학1동","28975","14420","14555","3761","3904","3352","4238","5428","8292","1893","2031","1733","2100","2731","3932","1868","1873","1619","2138","2697","4360","12737","0","12737"
"20211","11320700","방학2동","20278","10245","10033","2435","2723","2210","2949","3774","6187","1269","1488","1213","1526","1867","2882","1166","1235","997","1423","1907","3305","9509","0","9509"
"20211","11320710","방학3동","27895","13583","14312","4769","3369","3212","4256","4835","7454","2561","1841","1613","1998","2244","3326","2208","1528","1599","2258","2591","4128","10068","0","10068"
"20211","11350560","월계1동","22454","11554","10900","2925","3873","2717","3440","3569","5930","1545","2226","1478","1774","1796","2735","1380","1647","1239","1666","1773","3195","10472","0","10472"
"20211","11350570","월계2동","27466","13247","14219","3943","3244","3238","4338","4625","8078","2022","1726","1633","2197","2212","3457","1921","1518","1605","2141","2413","4621","12063","0","12063"
"20211","11350580","월계3동","30593","14662","15931","4410","3601","4627","4676","4803","8476","2277","1801","2329","2358","2243","3654","2133","1800","2298","2318","2560","4822","13009","0","13009"
"20211","11350595","공릉1동","37700","18335","19365","4795","6830","5406","5406","5849","9414","2423","3395","2741","2754","2813","4209","2372","3435","2665","2652","3036","5205","18300","0","18300"
"20211","11350600","공릉2동","39784","19394","20390","7324","6721","5226","6584","6121","7808","3763","3325","2611","3110","3009","3576","3561","3396","2615","3474","3112","4232","16502","0","16502"
"20211","11350611","하계1동","27479","13234","14245","4354","4696","2748","4237","4977","6467","2399","2514","1385","1874","2411","2651","1955","2182","1363","2363","2566","3816","11662","0","11662"
"20211","11350612","하계2동","22673","10808","11865","4351","3096","2556","4071","3921","4678","2243","1577","1212","1896","1889","1991","2108","1519","1344","2175","2032","2687","8303","0","8303"
"20211","11350619","중계본동","24840","12174","12666","6075","3245","1908","5083","4554","3975","3112","1709","900","2222","2366","1865","2963","1536","1008","2861","2188","2110","8624","0","8624"
"20211","11350621","중계1동","27473","13374","14099","7750","2973","2006","6627","4469","3648","4106","1542","854","2884","2391","1597","3644","1431","1152","3743","2078","2051","9073","0","9073"
"20211","11350624","중계4동","20700","9999","10701","3504","2613","1993","3542","3612","5436","1885","1369","1010","1643","1814","2278","1619","1244","983","1899","1798","3158","8476","0","8476"
"20211","11350625","중계2?3동","35461","16354","19107","5317","4341","4303","5926","5653","9921","2597","2229","2087","2909","2654","3878","2720","2112","2216","3017","2999","6043","15408","0","15408"
"20211","11350630","상계1동","39064","18975","20089","5741","5302","4946","5735","7015","10325","2980","2717","2468","2753","3308","4749","2761","2585","2478","2982","3707","5576","15655","0","15655"
"20211","11350640","상계2동","20557","10167","10390","2880","3323","2335","3102","3944","4973","1464","1667","1226","1491","1981","2338","1416","1656","1109","1611","1963","2635","8798","0","8798"
"20211","11350665","상계3?4동","27081","13471","13610","3538","3256","2965","4002","4808","8512","1869","1757","1560","2016","2435","3834","1669","1499","1405","1986","2373","4678","12221","0","12221"
"20211","11350670","상계5동","24691","11998","12693","3176","3492","2631","3739","4552","7101","1613","1839","1383","1831","2219","3113","1563","1653","1248","1908","2333","3988","11023","0","11023"
"20211","11350695","상계6?7동","33550","15577","17973","5569","4630","4941","5572","5658","7180","2892","2225","2320","2562","2580","2998","2677","2405","2621","3010","3078","4182","13946","0","13946"
"20211","11350700","상계8동","22935","11020","11915","4551","2687","4732","3919","3012","4034","2318","1324","2326","1956","1418","1678","2233","1363","2406","1963","1594","2356","9169","0","9169"
"20211","11350710","상계9동","21136","10040","11096","3541","2753","2810","3507","3620","4905","1828","1434","1422","1589","1683","2084","1713","1319","1388","1918","1937","2821","8424","0","8424"
"20211","11350720","상계10동","17437","8034","9403","2668","2543","2640","2729","3073","3784","1325","1204","1293","1215","1381","1616","1343","1339","1347","1514","1692","2168","7083","0","7083"
"20211","11380510","녹번동","37380","17807","19573","4821","5070","6066","5831","5883","9709","2410","2384","3031","2940","2805","4237","2411","2686","3035","2891","3078","5472","17479","0","17479"
"20211","11380520","불광1동","39732","18809","20923","5092","5477","5445","6021","6771","10926","2665","2663","2665","2910","3167","4739","2427","2814","2780","3111","3604","6187","17969","0","17969"
"20211","11380530","불광2동","28437","13802","14635","2952","4339","3867","3953","4928","8398","1488","2181","2035","2040","2285","3773","1464","2158","1832","1913","2643","4625","13956","0","13956"
"20211","11380551","갈현1동","23146","11280","11866","2591","3751","3056","3331","4008","6409","1351","1910","1617","1671","1856","2875","1240","1841","1439","1660","2152","3534","11152","0","11152"
"20211","11380552","갈현2동","28872","13674","15198","4039","4370","3917","4715","4798","7033","2045","2101","1928","2263","2245","3092","1994","2269","1989","2452","2553","3941","12643","0","12643"
"20211","11380560","구산동","32750","16287","16463","4675","4439","4119","5130","5670","8717","2300","2191","2118","2577","2856","4245","2375","2248","2001","2553","2814","4472","13401","0","13401"
"20211","11380570","대조동","27235","12691","14544","2851","4889","4193","4105","4138","7059","1396","2140","2083","2018","2001","3053","1455","2749","2110","2087","2137","4006","14312","0","14312"
"20211","11380580","응암1동","30938","14680","16258","4886","4201","5148","5227","4581","6895","2518","1922","2524","2564","2234","2918","2368","2279","2624","2663","2347","3977","14058","0","14058"
"20211","11380590","응암2동","27580","13401","14179","5535","2765","5059","5193","3605","5423","2864","1395","2388","2662","1763","2329","2671","1370","2671","2531","1842","3094","11005","0","11005"
"20211","11380600","응암3동","25229","12332","12897","2631","3648","3379","3615","4242","7714","1371","1853","1784","1854","2130","3340","1260","1795","1595","1761","2112","4374","12765","0","12765"
"20211","11380625","역촌동","46566","22003","24563","6216","6530","6700","7609","7651","11860","3133","3114","3252","3792","3591","5121","3083","3416","3448","3817","4060","6739","20857","0","20857"
"20211","11380631","신사1동","27543","13312","14231","3745","3920","4102","4204","4492","7080","1902","2004","2079","2072","2096","3159","1843","1916","2023","2132","2396","3921","11838","0","11838"
"20211","11380632","신사2동","20812","10392","10420","2782","2938","2797","3166","3509","5620","1503","1523","1475","1616","1682","2593","1279","1415","1322","1550","1827","3027","9044","0","9044"
"20211","11380640","증산동","15338","7474","7864","1940","2110","2024","2248","2579","4437","988","1044","1038","1104","1261","2039","952","1066","986","1144","1318","2398","6891","0","6891"
"20211","11380650","수색동","11132","5498","5634","1442","1485","1729","1505","1965","3006","766","761","880","750","991","1350","676","724","849","755","974","1656","4737","0","4737"
"20211","11380690","진관동","57020","26773","30247","12180","7112","6887","10773","8409","11659","6267","3087","3005","5018","4217","5179","5913","4025","3882","5755","4192","6480","21642","0","21642"
"20211","11410520","천연동","17742","8412","9330","2727","2276","2419","2808","3004","4508","1362","1109","1178","1362","1485","1916","1365","1167","1241","1446","1519","2592","8016","0","8016"
"20211","11410555","북아현동","16643","7949","8694","2524","2381","2894","2685","2778","3381","1279","1079","1417","1351","1375","1448","1245","1302","1477","1334","1403","1933","7469","0","7469"
"20211","11410565","충현동","20756","9990","10766","2595","3434","3262","3046","3349","5070","1289","1650","1614","1535","1658","2244","1306","1784","1648","1511","1691","2826","10379","0","10379"
"20211","11410585","신촌동","19272","8599","10673","1594","7419","3286","1982","1999","2992","809","2877","1645","970","1000","1298","785","4542","1641","1012","999","1694","13316","0","13316"
"20211","11410615","연희동","36200","17437","18763","4151","7591","5620","5114","5256","8468","2102","3871","2818","2446","2492","3708","2049","3720","2802","2668","2764","4760","18862","0","18862"
"20211","11410620","홍제1동","24329","11424","12905","3451","3166","3452","3793","4088","6379","1705","1557","1666","1825","1898","2773","1746","1609","1786","1968","2190","3606","10489","0","10489"
"20211","11410640","홍제3동","15810","7661","8149","1897","2120","1969","2206","2714","4904","990","1065","1027","1100","1370","2109","907","1055","942","1106","1344","2795","7117","0","7117"
"20211","11410655","홍제2동","14233","6779","7454","1910","1857","1925","2050","2570","3921","991","926","960","974","1225","1703","919","931","965","1076","1345","2218","5908","0","5908"
"20211","11410660","홍은1동","22956","11085","11871","3264","2921","2994","3450","3966","6361","1647","1466","1519","1687","1950","2816","1617","1455","1475","1763","2016","3545","9716","0","9716"
"20211","11410685","홍은2동","26960","13019","13941","3464","4245","3479","3999","4588","7185","1763","2139","1822","1971","2192","3132","1701","2106","1657","2028","2396","4053","12304","0","12304"
"20211","11410690","남가좌1동","15900","7657","8243","3606","1553","2487","3089","2130","3035","1774","753","1104","1630","1043","1353","1832","800","1383","1459","1087","1682","5889","0","5889"
"20211","11410700","남가좌2동","30036","14498","15538","5089","4293","4609","4921","4409","6715","2535","2087","2273","2490","2177","2936","2554","2206","2336","2431","2232","3779","13308","0","13308"
"20211","11410710","북가좌1동","18445","8896","9549","3394","2173","2402","3277","3020","4179","1769","1051","1125","1637","1447","1867","1625","1122","1277","1640","1573","2312","6990","0","6990"
"20211","11410720","북가좌2동","32607","15868","16739","4116","4817","4306","5035","5442","8891","2121","2443","2225","2462","2627","3990","1995","2374","2081","2573","2815","4901","14785","0","14785"
"20211","11440555","아현동","25772","12061","13711","4469","3208","5156","4239","3878","4822","2155","1421","2382","2127","1859","2117","2314","1787","2774","2112","2019","2705","10610","0","10610"
"20211","11440565","공덕동","37964","17907","20057","4584","6428","6526","5543","6396","8487","2344","2820","3154","2748","3136","3705","2240","3608","3372","2795","3260","4782","18628","0","18628"
"20211","11440585","도화동","21763","10454","11309","3114","3007","3633","3231","3484","5294","1671","1449","1758","1549","1679","2348","1443","1558","1875","1682","1805","2946","9539","0","9539"
"20211","11440590","용강동","21842","10278","11564","4294","2232","3775","4430","2940","4171","2082","1027","1722","2136","1469","1842","2212","1205","2053","2294","1471","2329","9300","0","9300"
"20211","11440600","대흥동","14388","6943","7445","1565","3355","2375","2090","2036","2967","830","1511","1201","1045","1069","1287","735","1844","1174","1045","967","1680","8385","0","8385"
"20211","11440610","염리동","12125","5839","6286","2088","1801","1869","2190","1765","2412","1045","869","901","1107","886","1031","1043","932","968","1083","879","1381","5677","0","5677"
"20211","11440630","신수동","23146","11271","11875","3604","3477","3770","3911","3566","4818","1913","1749","1834","1839","1785","2151","1691","1728","1936","2072","1781","2667","10213","0","10213"
"20211","11440655","서강동","24664","11742","12922","3605","4648","4109","4000","3678","4624","1832","2224","1937","1920","1751","2078","1773","2424","2172","2080","1927","2546","11619","0","11619"
"20211","11440660","서교동","23682","10810","12872","1830","5964","5177","3499","2754","4458","914","2494","2421","1719","1338","1924","916","3470","2756","1780","1416","2534","14891","0","14891"
"20211","11440680","합정동","19846","9219","10627","2303","3878","3956","2888","2722","4099","1149","1722","1882","1381","1299","1786","1154","2156","2074","1507","1423","2313","10285","0","10285"
"20211","11440690","망원1동","20802","9777","11025","2377","3494","3922","3265","2974","4770","1185","1626","1868","1584","1468","2046","1192","1868","2054","1681","1506","2724","10513","0","10513"
"20211","11440700","망원2동","19023","8954","10069","2766","2909","2976","3266","2821","4285","1375","1343","1408","1605","1387","1836","1391","1566","1568","1661","1434","2449","8571","0","8571"
"20211","11440710","연남동","15575","7355","8220","1429","3229","3101","2336","2033","3447","743","1496","1506","1172","958","1480","686","1733","1595","1164","1075","1967","8854","0","8854"
"20211","11440720","성산1동","19357","9097","10260","2453","3135","3401","3329","2884","4155","1204","1473","1643","1593","1367","1817","1249","1662","1758","1736","1517","2338","9419","0","9419"
"20211","11440730","성산2동","40394","18378","22016","6010","6782","6742","6586","5765","8509","3097","2723","3065","3170","2809","3514","2913","4059","3677","3416","2956","4995","19041","0","19041"
"20211","11440740","상암동","31404","14976","16428","6769","4296","4026","6183","4503","5627","3459","1944","1836","2951","2341","2445","3310","2352","2190","3232","2162","3182","12766","0","12766"
"20211","11470510","목1동","31563","15159","16404","8109","3423","3302","6956","5008","4765","4075","1669","1392","3172","2622","2229","4034","1754","1910","3784","2386","2536","10556","0","10556"
"20211","11470520","목2동","30445","14797","15648","4279","5011","5248","4629","4952","6326","2227","2449","2685","2219","2342","2875","2052","2562","2563","2410","2610","3451","13239","0","13239"
"20211","11470530","목3동","22470","10726","11744","2922","3560","4033","3216","3652","5087","1564","1729","1974","1542","1653","2264","1358","1831","2059","1674","1999","2823","10117","0","10117"
"20211","11470540","목4동","25946","12676","13270","4779","4172","2819","4581","4843","4752","2501","2196","1397","2031","2401","2150","2278","1976","1422","2550","2442","2602","10128","0","10128"
"20211","11470550","목5동","42205","20895","21310","11030","4518","4004","9236","6680","6737","5957","2345","1744","4130","3455","3264","5073","2173","2260","5106","3225","3473","13578","0","13578"
"20211","11470560","신월1동","20959","10757","10202","2336","2696","2770","3113","3915","6129","1198","1430","1526","1624","2051","2928","1138","1266","1244","1489","1864","3201","10203","0","10203"
"20211","11470570","신월2동","21351","10461","10890","3225","2709","3045","3335","3356","5681","1617","1401","1550","1692","1627","2574","1608","1308","1495","1643","1729","3107","8607","0","8607"
"20211","11470580","신월3동","15749","8297","7452","2039","2040","2036","2245","2962","4427","1075","1066","1110","1256","1628","2162","964","974","926","989","1334","2265","8040","0","8040"
"20211","11470590","신월4동","18411","9050","9361","3120","2186","2512","3051","2841","4701","1617","1137","1244","1550","1376","2126","1503","1049","1268","1501","1465","2575","6961","0","6961"
"20211","11470600","신월5동","15055","7459","7596","2281","2154","2110","2308","2549","3653","1195","1094","1114","1145","1215","1696","1086","1060","996","1163","1334","1957","6487","0","6487"
"20211","11470610","신월6동","13741","6769","6972","2688","1606","2583","2159","2032","2673","1365","816","1294","1081","978","1235","1323","790","1289","1078","1054","1438","5226","0","5226"
"20211","11470611","신월7동","20514","10068","10446","2446","2659","2642","2986","3601","6180","1259","1407","1392","1549","1759","2702","1187","1252","1250","1437","1842","3478","9234","0","9234"
"20211","11470620","신정1동","20964","10227","10737","4914","2473","2078","4116","3542","3841","2536","1254","908","1933","1817","1779","2378","1219","1170","2183","1725","2062","7213","0","7213"
"20211","11470630","신정2동","20051","9822","10229","4278","2592","1811","3814","3625","3931","2208","1334","845","1760","1857","1818","2070","1258","966","2054","1768","2113","7141","0","7141"
"20211","11470640","신정3동","46374","22599","23775","8701","5912","5752","8007","7827","10175","4478","3059","2826","3872","3820","4544","4223","2853","2926","4135","4007","5631","17831","0","17831"
"20211","11470650","신정4동","33533","16434","17099","4030","5286","5095","5263","5421","8438","2089","2536","2705","2624","2606","3874","1941","2750","2390","2639","2815","4564","16066","0","16066"
"20211","11470670","신정6동","25017","12160","12857","5769","3198","2749","4744","4416","4141","2975","1640","1222","2137","2199","1987","2794","1558","1527","2607","2217","2154","8300","0","8300"
"20211","11470680","신정7동","29891","14452","15439","5458","3604","3231","5210","5281","7107","2815","1880","1541","2501","2615","3100","2643","1724","1690","2709","2666","4007","11604","0","11604"
"20211","11500510","염창동","41853","20346","21507","8696","5432","7332","7676","5956","6761","4472","2518","3483","3759","2925","3189","4224","2914","3849","3917","3031","3572","15820","0","15820"
"20211","11500520","등촌1동","24118","11283","12835","2654","4989","6008","3255","3033","4179","1455","1994","2894","1605","1474","1861","1199","2995","3114","1650","1559","2318","13153","0","13153"
"20211","11500530","등촌2동","21104","10340","10764","2962","3315","3540","3071","3453","4763","1604","1658","1791","1495","1601","2191","1358","1657","1749","1576","1852","2572","8766","0","8766"
"20211","11500535","등촌3동","31490","15009","16481","3782","4182","4663","3927","5370","9566","1969","2152","2403","1873","2461","4151","1813","2030","2260","2054","2909","5415","15067","0","15067"
"20211","11500540","화곡1동","51115","24830","26285","5142","9133","10320","7382","7240","11898","2596","4115","5477","3856","3406","5380","2546","5018","4843","3526","3834","6518","26338","0","26338"
"20211","11500550","화곡2동","17836","8686","9150","2559","2533","2796","3000","2785","4163","1290","1276","1471","1516","1307","1826","1269","1257","1325","1484","1478","2337","7957","0","7957"
"20211","11500560","화곡3동","21443","10303","11140","2897","3086","3161","3180","3268","5851","1501","1468","1580","1522","1547","2685","1396","1618","1581","1658","1721","3166","9239","0","9239"
"20211","11500570","화곡4동","20867","10214","10653","2499","2942","3333","3221","3401","5471","1296","1520","1731","1661","1616","2390","1203","1422","1602","1560","1785","3081","9638","0","9638"
"20211","11500590","화곡본동","38372","18719","19653","5238","6547","7107","6129","5477","7874","2753","3077","3808","3121","2574","3386","2485","3470","3299","3008","2903","4488","18579","0","18579"
"20211","11500591","화곡6동","24230","11844","12386","2858","4152","4039","3536","3860","5785","1539","1967","2075","1787","1837","2639","1319","2185","1964","1749","2023","3146","11873","0","11873"
"20211","11500593","화곡8동","24746","11897","12849","2940","3770","4188","3938","3696","6214","1476","1845","2187","2001","1658","2730","1464","1925","2001","1937","2038","3484","11583","0","11583"
"20211","11500603","가양1동","34206","15801","18405","3618","8428","8327","4599","4299","4935","1870","2872","4201","2404","2066","2388","1748","5556","4126","2195","2233","2547","20072","0","20072"
"20211","11500604","가양2동","14520","6884","7636","1002","1712","2413","1504","2215","5674","515","768","1249","770","1034","2548","487","944","1164","734","1181","3126","8052","0","8052"
"20211","11500605","가양3동","15544","7269","8275","1344","1846","3144","1929","2277","5004","691","885","1578","1018","1069","2028","653","961","1566","911","1208","2976","7912","0","7912"
"20211","11500611","발산1동","37403","17751","19652","8455","4620","4428","7260","5715","6925","4173","2271","2104","3445","2759","2999","4282","2349","2324","3815","2956","3926","13523","0","13523"
"20211","11500615","우장산동","43678","20888","22790","9278","5266","5575","8655","6506","8398","4537","2517","2657","4051","3239","3887","4741","2749","2918","4604","3267","4511","16129","0","16129"
"20211","11500620","공항동","26929","13662","13267","4329","3789","5023","4292","3815","5681","2235","1907","2615","2307","1938","2660","2094","1882","2408","1985","1877","3021","12784","0","12784"
"20211","11500630","방화1동","44340","21631","22709","8542","5323","6504","7719","6535","9717","4264","2565","3196","3916","3186","4504","4278","2758","3308","3803","3349","5213","17489","0","17489"
"20211","11500640","방화2동","23107","11401","11706","2617","3321","3480","3188","3709","6792","1375","1594","1877","1690","1845","3020","1242","1727","1603","1498","1864","3772","11644","0","11644"
"20211","11500641","방화3동","23471","11391","12080","2893","2599","3732","3470","3614","7163","1488","1349","1923","1768","1741","3122","1405","1250","1809","1702","1873","4041","11330","0","11330"
"20211","11530510","신도림동","36197","17684","18513","7148","4343","6241","6543","5098","6824","3622","2102","2985","3216","2514","3245","3526","2241","3256","3327","2584","3579","13483","0","13483"
"20211","11530520","구로1동","21220","10412","10808","3848","2824","3884","3634","3012","4018","2016","1343","1949","1829","1433","1842","1832","1481","1935","1805","1579","2176","8364","0","8364"
"20211","11530530","구로2동","24606","12419","12187","2338","3251","2934","3507","4720","7856","1232","1697","1620","1857","2466","3547","1106","1554","1314","1650","2254","4309","12794","0","12794"
"20211","11530540","구로3동","23853","12153","11700","2782","4134","5016","4016","3059","4846","1440","2015","2716","2213","1608","2161","1342","2119","2300","1803","1451","2685","13227","0","13227"
"20211","11530550","구로4동","20378","9883","10495","1962","2826","2934","2972","3533","6151","994","1340","1521","1510","1779","2739","968","1486","1413","1462","1754","3412","10711","0","10711"
"20211","11530560","구로5동","29372","14272","15100","3455","5067","5452","4126","4556","6716","1764","2225","2725","2110","2303","3145","1691","2842","2727","2016","2253","3571","14707","0","14707"
"20211","11530595","가리봉동","9271","5026","4245","523","1489","1256","1183","1866","2954","287","781","728","670","1107","1453","236","708","528","513","759","1501","6040","0","6040"
"20211","11530720","고척1동","23146","11542","11604","3293","3293","2908","3512","3936","6204","1708","1726","1514","1778","1922","2894","1585","1567","1394","1734","2014","3310","9619","0","9619"
"20211","11530730","고척2동","27366","13549","13817","4073","3615","3326","4289","4791","7272","2075","1861","1677","2166","2368","3402","1998","1754","1649","2123","2423","3870","11610","0","11610"
"20211","11530740","개봉1동","34336","17169","17167","4655","4632","5074","4975","5860","9140","2348","2370","2651","2570","2913","4317","2307","2262","2423","2405","2947","4823","14937","0","14937"
"20211","11530750","개봉2동","31775","15502","16273","4516","3870","4570","4857","4978","8984","2301","1947","2289","2488","2344","4133","2215","1923","2281","2369","2634","4851","12605","0","12605"
"20211","11530760","개봉3동","20845","10201","10644","2668","2612","2786","3224","3495","6060","1373","1339","1442","1654","1643","2750","1295","1273","1344","1570","1852","3310","8842","0","8842"
"20211","11530770","오류1동","22669","11102","11567","2472","3979","4361","3183","3057","5617","1247","1777","2260","1660","1539","2619","1225","2202","2101","1523","1518","2998","11785","0","11785"
"20211","11530780","오류2동","39127","18870","20257","7244","4661","5182","6707","5695","9638","3694","2271","2548","3375","2716","4266","3550","2390","2634","3332","2979","5372","15629","0","15629"
"20211","11530790","수궁동","23972","11848","12124","3493","3088","3317","3833","3932","6309","1869","1608","1699","1902","1866","2904","1624","1480","1618","1931","2066","3405","9967","0","9967"
"20211","11530800","항동","16279","8030","8249","3918","1720","3914","2663","1745","2319","2034","808","1894","1419","801","1074","1884","912","2020","1244","944","1245","6135","0","6135"
"20211","11545510","가산동","23050","12608","10442","1401","6523","5434","2749","2970","3973","677","3035","3382","1711","1740","2063","724","3488","2052","1038","1230","1910","15924","0","15924"
"20211","11545610","독산1동","42270","21748","20522","5535","7328","8449","6238","6244","8476","2809","3664","4707","3402","3148","4018","2726","3664","3742","2836","3096","4458","21131","0","21131"
"20211","11545620","독산2동","19016","9631","9385","2117","2842","2493","2608","3813","5143","1101","1488","1352","1324","1918","2448","1016","1354","1141","1284","1895","2695","9436","0","9436"
"20211","11545630","독산3동","24503","12308","12195","2380","3852","3545","3276","4761","6689","1212","1917","1979","1708","2361","3131","1168","1935","1566","1568","2400","3558","12553","0","12553"
"20211","11545640","독산4동","15537","7838","7699","1633","2287","1980","2113","3248","4276","826","1163","1097","1053","1661","2038","807","1124","883","1060","1587","2238","7657","0","7657"
"20211","11545670","시흥1동","33778","16865","16913","4166","5050","4789","5006","5947","8820","2187","2577","2554","2554","2915","4078","1979","2473","2235","2452","3032","4742","16124","0","16124"
"20211","11545680","시흥2동","21962","10590","11372","3715","2495","2481","3497","3808","5966","1841","1292","1215","1719","1794","2729","1874","1203","1266","1778","2014","3237","8474","0","8474"
"20211","11545690","시흥3동","11130","5525","5605","1259","1445","1431","1564","2015","3416","624","772","763","811","974","1581","635","673","668","753","1041","1835","4771","0","4771"
"20211","11545700","시흥4동","20791","10307","10484","2627","2732","2585","2974","3923","5950","1333","1430","1373","1495","1880","2796","1294","1302","1212","1479","2043","3154","9154","0","9154"
"20211","11545710","시흥5동","19686","9806","9880","2392","2548","2284","2890","3563","6009","1205","1368","1229","1502","1823","2679","1187","1180","1055","1388","1740","3330","9414","0","9414"
"20211","11560515","영등포본동","21466","11010","10456","2702","2850","3306","3147","3652","5809","1396","1535","1733","1658","1906","2782","1306","1315","1573","1489","1746","3027","10338","0","10338"
"20211","11560535","영등포동","28026","15044","12982","2095","6712","6875","3512","3593","5239","1066","2922","3839","2082","2232","2903","1029","3790","3036","1430","1361","2336","18953","0","18953"
"20211","11560540","여의동","34156","16052","18104","5856","3872","5277","5485","5170","8496","2924","1791","2411","2587","2511","3828","2932","2081","2866","2898","2659","4668","13784","0","13784"
"20211","11560550","당산1동","20750","10190","10560","2137","3542","4245","2927","3064","4835","1067","1602","2227","1521","1543","2230","1070","1940","2018","1406","1521","2605","10797","0","10797"
"20211","11560560","당산2동","37551","17619","19932","5102","7320","8220","5249","4820","6840","2561","3028","3962","2584","2310","3174","2541","4292","4258","2665","2510","3666","18478","0","18478"
"20211","11560585","도림동","18248","9159","9089","1948","2777","3231","2742","3001","4549","1022","1303","1708","1461","1577","2088","926","1474","1523","1281","1424","2461","9436","0","9436"
"20211","11560605","문래동","33159","16250","16909","6315","3845","6194","5984","4184","6637","3259","1830","2974","3018","2104","3065","3056","2015","3220","2966","2080","3572","13355","0","13355"
"20211","11560610","양평1동","17384","8564","8820","2234","2734","4319","2766","2051","3280","1176","1174","2251","1463","1053","1447","1058","1560","2068","1303","998","1833","9134","0","9134"
"20211","11560620","양평2동","22389","11124","11265","3257","3686","5186","3358","3054","3848","1686","1688","2679","1689","1591","1791","1571","1998","2507","1669","1463","2057","10325","0","10325"
"20211","11560630","신길1동","17447","8874","8573","1483","3387","2981","2441","2551","4604","752","1672","1710","1339","1335","2066","731","1715","1271","1102","1216","2538","10413","0","10413"
"20211","11560650","신길3동","16891","8320","8571","2331","2166","2546","2490","2900","4458","1212","1070","1311","1284","1442","2001","1119","1096","1235","1206","1458","2457","7653","0","7653"
"20211","11560660","신길4동","10489","5201","5288","1221","1420","1452","1496","1851","3049","620","752","774","758","927","1370","601","668","678","738","924","1679","5042","0","5042"
"20211","11560670","신길5동","11179","5420","5759","1586","1391","1637","1647","1942","2976","791","695","866","830","941","1297","795","696","771","817","1001","1679","4997","0","4997"
"20211","11560680","신길6동","19624","9600","10024","2527","3210","3293","2849","2953","4792","1374","1515","1653","1464","1427","2167","1153","1695","1640","1385","1526","2625","9247","0","9247"
"20211","11560690","신길7동","20286","10120","10166","3830","2814","3497","3315","3101","3729","2047","1424","1728","1667","1541","1713","1783","1390","1769","1648","1560","2016","7911","0","7911"
"20211","11560700","대림1동","14842","7366","7476","1761","2165","1995","2123","2533","4265","963","1073","1044","1134","1239","1913","798","1092","951","989","1294","2352","7219","0","7219"
"20211","11560710","대림2동","12409","6100","6309","1050","1896","1704","1695","2198","3866","528","973","925","883","1071","1720","522","923","779","812","1127","2146","6977","0","6977"
"20211","11560720","대림3동","22896","11479","11417","2642","3167","3292","3186","4257","6352","1368","1652","1778","1590","2128","2963","1274","1515","1514","1596","2129","3389","10429","0","10429"
"20211","11590510","노량진1동","32054","15972","16082","3941","5592","5423","4353","4703","8042","2017","2937","2923","2265","2275","3555","1924","2655","2500","2088","2428","4487","15709","0","15709"
"20211","11590520","노량진2동","12664","6491","6173","913","2337","1917","1552","2144","3801","477","1211","1127","853","1091","1732","436","1126","790","699","1053","2069","7466","0","7466"
"20211","11590530","상도1동","45153","21834","23319","6123","9857","6311","6578","6345","9939","3111","4984","3119","3261","2960","4399","3012","4873","3192","3317","3385","5540","21584","0","21584"
"20211","11590540","상도2동","27835","13383","14452","4175","4297","4679","4310","4116","6258","2137","2046","2276","2160","1975","2789","2038","2251","2403","2150","2141","3469","12575","0","12575"
"20211","11590550","상도3동","25071","11976","13095","2902","4223","4208","3690","3881","6167","1480","1952","2186","1817","1849","2692","1422","2271","2022","1873","2032","3475","12051","0","12051"
"20211","11590560","상도4동","28885","14018","14867","3599","4580","4840","4380","4403","7083","1897","2185","2522","2215","2092","3107","1702","2395","2318","2165","2311","3976","13804","0","13804"
"20211","11590605","흑석동","32306","15694","16612","4521","5138","4548","4891","5216","7992","2321","2681","2248","2501","2478","3465","2200","2457","2300","2390","2738","4527","14266","0","14266"
"20211","11590620","사당1동","23072","10944","12128","1730","5253","4655","2944","3088","5402","899","2260","2433","1510","1404","2438","831","2993","2222","1434","1684","2964","13289","0","13289"
"20211","11590630","사당2동","27227","13111","14116","3452","3684","4489","4047","4186","7369","1852","1759","2225","1987","1994","3294","1600","1925","2264","2060","2192","4075","11947","0","11947"
"20211","11590640","사당3동","25027","12119","12908","3769","3398","4133","3830","3640","6257","1968","1584","1974","1963","1721","2909","1801","1814","2159","1867","1919","3348","10564","0","10564"
"20211","11590650","사당4동","14426","6900","7526","1501","2526","2494","2072","2102","3731","789","1168","1267","1076","967","1633","712","1358","1227","996","1135","2098","7154","0","7154"
"20211","11590651","사당5동","14690","7131","7559","2065","2219","2597","2336","2184","3289","1067","1084","1321","1162","1031","1466","998","1135","1276","1174","1153","1823","6600","0","6600"
"20211","11590660","대방동","38781","18450","20331","6483","6483","5434","6622","5833","7926","3192","3069","2662","3199","2929","3399","3291","3414","2772","3423","2904","4527","17282","0","17282"
"20211","11590670","신대방1동","23662","11391","12271","4053","3406","3095","4027","3728","5353","2017","1635","1525","1917","1864","2433","2036","1771","1570","2110","1864","2920","10234","0","10234"
"20211","11590680","신대방2동","20916","9943","10973","3271","3590","3408","3367","2789","4491","1652","1582","1665","1667","1341","2036","1619","2008","1743","1700","1448","2455","9769","0","9769"
"20211","11620525","보라매동","23236","11427","11809","2448","4518","3839","3217","3219","5995","1286","2178","2100","1657","1518","2688","1162","2340","1739","1560","1701","3307","12009","0","12009"
"20211","11620545","청림동","15551","7619","7932","2441","1851","2604","2481","2323","3851","1269","981","1307","1259","1142","1661","1172","870","1297","1222","1181","2190","6553","0","6553"
"20211","11620565","성현동","33366","16092","17274","5398","4672","4512","5523","5221","8040","2827","2292","2250","2746","2528","3449","2571","2380","2262","2777","2693","4591","14122","0","14122"
"20211","11620575","행운동","28912","14070","14842","2547","7342","5965","3654","3417","5987","1292","3311","3182","1915","1676","2694","1255","4031","2783","1739","1741","3293","17137","0","17137"
"20211","11620585","낙성대동","15664","7865","7799","1312","5066","3223","1829","1583","2651","640","2416","1813","963","827","1206","672","2650","1410","866","756","1445","10254","0","10254"
"20211","11620595","청룡동","34681","16671","18010","2915","11004","6667","4022","3847","6226","1431","4833","3542","2086","1942","2837","1484","6171","3125","1936","1905","3389","22229","0","22229"
"20211","11620605","은천동","33720","16494","17226","4752","5449","5331","5238","4853","8097","2471","2592","2762","2702","2376","3591","2281","2857","2569","2536","2477","4506","15937","0","15937"
"20211","11620615","중앙동","15166","7234","7932","1001","4394","2978","1720","1798","3275","507","1802","1624","936","899","1466","494","2592","1354","784","899","1809","9605","0","9605"
"20211","11620625","인헌동","25460","12424","13036","2650","5694","4837","3503","3379","5397","1372","2688","2523","1778","1650","2413","1278","3006","2314","1725","1729","2984","13908","0","13908"
"20211","11620630","남현동","18396","8882","9514","1833","3952","3720","2307","2559","4025","922","1783","1974","1198","1165","1840","911","2169","1746","1109","1394","2185","9538","0","9538"
"20211","11620645","서원동","22343","11505","10838","1495","6371","4452","2707","2732","4586","770","3244","2599","1489","1305","2098","725","3127","1853","1218","1427","2488","13823","0","13823"
"20211","11620655","신원동","18098","9066","9032","1459","4347","3218","2251","2420","4403","712","2194","1849","1221","1197","1893","747","2153","1369","1030","1223","2510","10797","0","10797"
"20211","11620665","서림동","25506","13917","11589","2099","6035","5061","3556","3385","5370","1080","3335","3097","2132","1784","2489","1019","2700","1964","1424","1601","2881","15523","0","15523"
"20211","11620685","신사동","22688","11352","11336","1931","5761","3910","2995","3223","4868","1039","2713","2213","1551","1600","2236","892","3048","1697","1444","1623","2632","13680","0","13680"
"20211","11620695","신림동","21839","11395","10444","839","8411","5604","2485","1751","2749","416","4061","3225","1428","983","1282","423","4350","2379","1057","768","1467","17289","0","17289"
"20211","11620715","난향동","15780","7777","8003","2670","1723","1904","2973","2567","3943","1355","886","944","1501","1293","1798","1315","837","960","1472","1274","2145","6422","0","6422"
"20211","11620725","조원동","17480","8832","8648","1515","4082","3265","2234","2393","3991","759","1858","1834","1189","1265","1927","756","2224","1431","1045","1128","2064","10649","0","10649"
"20211","11620735","대학동","24481","14713","9768","1847","6547","4989","3662","3212","4224","955","3889","3323","2473","2007","2066","892","2658","1666","1189","1205","2158","16777","0","16777"
"20211","11620745","삼성동","23760","11871","11889","2455","2905","2688","3408","4238","8066","1308","1551","1525","1819","2119","3549","1147","1354","1163","1589","2119","4517","11204","0","11204"
"20211","11620765","미성동","30979","15172","15807","4055","4797","4264","4700","4963","8200","2026","2369","2225","2407","2380","3765","2029","2428","2039","2293","2583","4435","14102","0","14102"
"20211","11620775","난곡동","27330","13700","13630","3204","4102","3697","3921","4891","7515","1666","2135","2017","2058","2377","3447","1538","1967","1680","1863","2514","4068","12972","0","12972"
"20211","11650510","서초1동","21009","10095","10914","3483","2834","3598","3801","2998","4295","1805","1355","1646","1827","1453","2009","1678","1479","1952","1974","1545","2286","9350","0","9350"
"20211","11650520","서초2동","21404","10200","11204","3682","3055","4227","3838","2854","3748","1894","1368","1938","1830","1427","1743","1788","1687","2289","2008","1427","2005","9671","0","9671"
"20211","11650530","서초3동","31930","15560","16370","4574","5251","5390","5052","4888","6775","2553","2465","2562","2392","2409","3179","2021","2786","2828","2660","2479","3596","14565","0","14565"
"20211","11650531","서초4동","31457","15285","16172","7211","3587","3731","6395","4772","5761","3761","1736","1601","2974","2491","2722","3450","1851","2130","3421","2281","3039","11005","0","11005"
"20211","11650540","잠원동","28349","13589","14760","5634","3683","3857","5551","4624","5000","2905","1773","1764","2544","2319","2284","2729","1910","2093","3007","2305","2716","11449","0","11449"
"20211","11650550","반포본동","11947","5637","6310","2490","1494","892","2258","2175","2638","1277","719","401","924","1105","1211","1213","775","491","1334","1070","1427","4107","0","4107"
"20211","11650560","반포1동","32298","15597","16701","6603","4226","5496","6623","4116","5234","3348","1923","2493","3327","2130","2376","3255","2303","3003","3296","1986","2858","14274","0","14274"
"20211","11650570","반포2동","16079","7668","8411","4625","1360","1541","3721","2142","2690","2335","665","610","1697","1152","1209","2290","695","931","2024","990","1481","5109","0","5109"
"20211","11650580","반포3동","22333","10576","11757","4968","2497","2613","4569","3491","4195","2554","1232","1151","2045","1768","1826","2414","1265","1462","2524","1723","2369","7739","0","7739"
"20211","11650581","반포4동","19377","9164","10213","3854","2328","2649","3579","2865","4102","2017","1114","1171","1625","1372","1865","1837","1214","1478","1954","1493","2237","7275","0","7275"
"20211","11650590","방배본동","21099","9797","11302","4277","2681","2432","3961","3423","4325","2062","1252","1077","1755","1706","1945","2215","1429","1355","2206","1717","2380","7997","0","7997"
"20211","11650600","방배1동","17245","8086","9159","2512","2499","2969","2797","2455","4013","1311","1188","1346","1291","1144","1806","1201","1311","1623","1506","1311","2207","7644","0","7644"
"20211","11650610","방배2동","20247","9493","10754","2819","2861","3177","3080","3164","5146","1434","1420","1474","1436","1433","2296","1385","1441","1703","1644","1731","2850","8671","0","8671"
"20211","11650620","방배3동","21283","10278","11005","3322","2781","2942","3220","3528","5490","1710","1453","1406","1479","1644","2586","1612","1328","1536","1741","1884","2904","8284","0","8284"
"20211","11650621","방배4동","23722","10840","12882","4290","3204","3625","4292","3525","4786","2036","1410","1603","1921","1708","2162","2254","1794","2022","2371","1817","2624","9812","0","9812"
"20211","11650651","양재1동","44542","21287","23255","8390","5396","6773","7771","6302","9910","4300","2637","3243","3789","3000","4318","4090","2759","3530","3982","3302","5592","18222","0","18222"
"20211","11650652","양재2동","22452","11264","11188","3064","3369","4543","3733","3340","4403","1606","1705","2366","1912","1643","2032","1458","1664","2177","1821","1697","2371","10829","0","10829"
"20211","11650660","내곡동","17915","8715","9200","3318","1925","2725","3049","2476","4422","1677","1006","1269","1547","1161","2055","1641","919","1456","1502","1315","2367","7209","0","7209"
"20211","11680510","신사동","16672","7731","8941","2650","2279","2384","2954","2499","3906","1354","1044","1054","1294","1235","1750","1296","1235","1330","1660","1264","2156","7323","0","7323"
"20211","11680521","논현1동","22994","10809","12185","1589","4626","5821","3871","2821","4266","767","2092","2774","1866","1410","1900","822","2534","3047","2005","1411","2366","14400","0","14400"
"20211","11680531","논현2동","21740","10121","11619","2445","3552","4562","3824","2978","4379","1264","1589","2048","1838","1458","1924","1181","1963","2514","1986","1520","2455","11676","0","11676"
"20211","11680545","압구정동","27248","12572","14676","4957","3193","3377","4883","4104","6734","2375","1503","1445","2226","2016","3007","2582","1690","1932","2657","2088","3727","10622","0","10622"
"20211","11680565","청담동","27014","12627","14387","4437","3801","4440","4805","3989","5542","2374","1718","1922","2212","1865","2536","2063","2083","2518","2593","2124","3006","11801","0","11801"
"20211","11680580","삼성1동","13407","6623","6784","2141","1913","1955","2183","2170","3045","1205","1031","910","1005","1046","1426","936","882","1045","1178","1124","1619","5675","0","5675"
"20211","11680590","삼성2동","30115","14342","15773","5917","3889","4981","6443","4143","4742","3215","1842","2094","2957","2115","2119","2702","2047","2887","3486","2028","2623","13439","0","13439"
"20211","11680600","대치1동","24900","12528","12372","7507","2475","1568","6133","3814","3403","4189","1266","610","2705","2126","1632","3318","1209","958","3428","1688","1771","7380","0","7380"
"20211","11680610","대치2동","37565","19103","18462","8358","4959","3268","7283","6730","6967","4874","2688","1512","3105","3518","3406","3484","2271","1756","4178","3212","3561","12986","0","12986"
"20211","11680630","대치4동","20478","9657","10821","3322","3441","3367","4104","3213","3031","1758","1649","1508","1761","1619","1362","1564","1792","1859","2343","1594","1669","10328","0","10328"
"20211","11680640","역삼1동","35804","17333","18471","2485","7528","10082","6058","4240","5411","1252","3206","5008","3103","2235","2529","1233","4322","5074","2955","2005","2882","23983","0","23983"
"20211","11680650","역삼2동","36944","17309","19635","8499","4687","5243","8651","4847","5017","4158","2022","2250","3998","2632","2249","4341","2665","2993","4653","2215","2768","15675","0","15675"
"20211","11680655","도곡1동","22087","10464","11623","4120","2986","3231","3872","3516","4362","1947","1400","1450","1848","1708","2111","2173","1586","1781","2024","1808","2251","8661","0","8661"
"20211","11680656","도곡2동","33941","15779","18162","7711","4013","3590","6550","5477","6600","3594","1857","1463","2932","2746","3187","4117","2156","2127","3618","2731","3413","11792","0","11792"
"20211","11680660","개포1동","6408","3121","3287","969","734","663","915","1044","2083","493","377","307","436","523","985","476","357","356","479","521","1098","2465","0","2465"
"20211","11680670","개포2동","22211","10732","11479","4194","2920","2791","3692","3834","4780","2084","1508","1314","1689","1847","2290","2110","1412","1477","2003","1987","2490","8033","0","8033"
"20211","11680690","개포4동","22529","10991","11538","3691","3161","3468","3759","3781","4669","1898","1599","1709","1775","1869","2141","1793","1562","1759","1984","1912","2528","9499","0","9499"
"20211","11680700","세곡동","44314","21044","23270","9067","5380","6879","7809","6014","9165","4496","2594","3149","3846","2925","4034","4571","2786","3730","3963","3089","5131","17965","0","17965"
"20211","11680720","일원본동","23927","11793","12134","5606","2620","2981","4542","3720","4458","3159","1363","1362","2093","1808","2008","2447","1257","1619","2449","1912","2450","8146","0","8146"
"20211","11680730","일원1동","15672","7693","7979","1950","2208","2268","2145","2515","4586","1060","1150","1195","1092","1205","1991","890","1058","1073","1053","1310","2595","7465","0","7465"
"20211","11680740","일원2동","17642","8556","9086","3007","1940","2579","3044","2602","4470","1748","1044","1243","1464","1255","1802","1259","896","1336","1580","1347","2668","7357","0","7357"
"20211","11680750","수서동","15241","6919","8322","1214","1614","2318","1654","2259","6182","611","827","1166","871","1011","2433","603","787","1152","783","1248","3749","7876","0","7876"
"20211","11710510","풍납1동","13896","6829","7067","1591","1720","1943","1993","2447","4202","854","906","1010","988","1184","1887","737","814","933","1005","1263","2315","6377","0","6377"
"20211","11710520","풍납2동","25501","12123","13378","4043","3836","4296","4061","3703","5562","2066","1685","2035","1964","1800","2573","1977","2151","2261","2097","1903","2989","11071","0","11071"
"20211","11710531","거여1동","12616","6407","6209","1624","1796","1715","1883","2273","3325","864","952","908","946","1149","1588","760","844","807","937","1124","1737","5510","0","5510"
"20211","11710532","거여2동","19174","9408","9766","2911","2233","2678","3028","3315","5009","1544","1149","1362","1477","1614","2262","1367","1084","1316","1551","1701","2747","8170","0","8170"
"20211","11710540","마천1동","19745","10078","9667","2616","2382","2237","2864","3618","6028","1349","1239","1240","1474","1930","2846","1267","1143","997","1390","1688","3182","8972","0","8972"
"20211","11710550","마천2동","19564","9919","9645","2299","2476","2292","2772","3724","6001","1169","1327","1268","1459","1893","2803","1130","1149","1024","1313","1831","3198","8886","0","8886"
"20211","11710561","방이1동","16193","7804","8389","2786","2490","2282","2697","2698","3240","1415","1272","1089","1237","1272","1519","1371","1218","1193","1460","1426","1721","6317","0","6317"
"20211","11710562","방이2동","26148","12310","13838","2469","5177","5982","3661","3645","5214","1325","2194","2922","1790","1703","2376","1144","2983","3060","1871","1942","2838","14550","0","14550"
"20211","11710566","오륜동","18483","9090","9393","4132","2182","1719","3403","3135","3912","2270","1153","720","1504","1557","1886","1862","1029","999","1899","1578","2026","5956","0","5956"
"20211","11710570","오금동","39515","19163","20352","6095","5603","5699","5845","6883","9390","3194","2896","2797","2740","3225","4311","2901","2707","2902","3105","3658","5079","15693","0","15693"
"20211","11710580","송파1동","24810","11632","13178","2634","4604","5425","3506","3518","5123","1313","2067","2648","1636","1622","2346","1321","2537","2777","1870","1896","2777","12434","0","12434"
"20211","11710590","송파2동","20645","9906","10739","3578","2924","3076","3185","3366","4516","1804","1372","1460","1526","1606","2138","1774","1552","1616","1659","1760","2378","7647","0","7647"
"20211","11710600","석촌동","32530","15505","17025","3554","5621","7052","4925","4728","6650","1809","2555","3402","2431","2280","3028","1745","3066","3650","2494","2448","3622","17072","0","17072"
"20211","11710610","삼전동","31448","14829","16619","3634","5375","6677","5192","4518","6052","1877","2401","3288","2482","2104","2677","1757","2974","3389","2710","2414","3375","16326","0","16326"
"20211","11710620","가락본동","27076","13418","13658","3532","4197","4793","3897","4753","5904","1836","2052","2439","1916","2319","2856","1696","2145","2354","1981","2434","3048","12010","0","12010"
"20211","11710631","가락1동","27823","13521","14302","5459","3556","5350","4458","4032","4968","2829","1755","2531","2168","1896","2342","2630","1801","2819","2290","2136","2626","9908","0","9908"
"20211","11710632","가락2동","33013","16237","16776","6137","4580","4836","5658","5272","6530","3225","2307","2343","2727","2549","3086","2912","2273","2493","2931","2723","3444","12379","0","12379"
"20211","11710641","문정1동","20369","10050","10319","2824","3252","3529","2842","3347","4575","1468","1612","1813","1383","1571","2203","1356","1640","1716","1459","1776","2372","8431","0","8431"
"20211","11710642","문정2동","29877","13858","16019","3239","5334","7644","4400","3626","5634","1659","2074","3549","2134","1773","2669","1580","3260","4095","2266","1853","2965","15761","0","15761"
"20211","11710646","장지동","30000","14522","15478","5192","4094","4784","4776","4875","6279","2658","2056","2409","2337","2279","2783","2534","2038","2375","2439","2596","3496","12080","0","12080"
"20211","11710647","위례동","30548","14863","15685","8837","2965","5317","6212","3558","3659","4431","1484","2420","3148","1765","1615","4406","1481","2897","3064","1793","2044","9900","0","9900"
"20211","11710650","잠실본동","28558","13478","15080","3080","5101","6179","4452","4131","5615","1544","2252","3021","2143","1953","2565","1536","2849","3158","2309","2178","3050","15419","0","15419"
"20211","11710670","잠실2동","36151","17260","18891","10069","3308","4094","8723","4853","5104","5081","1556","1644","4059","2641","2279","4988","1752","2450","4664","2212","2825","11899","0","11899"
"20211","11710680","잠실3동","35314","16819","18495","7348","3923","4489","6295","5306","7953","3776","1876","1922","2920","2599","3726","3572","2047","2567","3375","2707","4227","12130","0","12130"
"20211","11710690","잠실4동","21711","10433","11278","5208","2036","3121","4381","2899","4066","2682","1004","1302","2126","1436","1883","2526","1032","1819","2255","1463","2183","7418","0","7418"
"20211","11710710","잠실6동","17212","8128","9084","3242","2014","2372","2779","2661","4144","1632","956","1051","1293","1232","1964","1610","1058","1321","1486","1429","2180","5983","0","5983"
"20211","11710720","잠실7동","9882","4607","5275","1631","1286","1024","1402","1672","2867","733","615","466","621","813","1359","898","671","558","781","859","1508","3465","0","3465"
"20211","11740515","강일동","35390","17082","18308","7624","4276","4332","5989","5365","7804","3929","2126","2040","2881","2636","3470","3695","2150","2292","3108","2729","4334","12960","0","12960"
"20211","11740520","상일동","33197","16367","16830","7513","3597","5313","5919","4811","6044","3853","1862","2450","2986","2287","2929","3660","1735","2863","2933","2524","3115","11601","0","11601"
"20211","11740530","명일1동","26280","12827","13453","4659","3266","4153","4261","4065","5876","2431","1635","2082","2044","1941","2694","2228","1631","2071","2217","2124","3182","10105","0","10105"
"20211","11740540","명일2동","17494","8654","8840","3702","2192","1882","3116","2750","3852","1985","1129","937","1397","1358","1848","1717","1063","945","1719","1392","2004","6115","0","6115"
"20211","11740550","고덕1동","25955","13187","12768","6578","2474","3548","5474","3467","4414","3612","1324","1661","2745","1769","2076","2966","1150","1887","2729","1698","2338","8800","0","8800"
"20211","11740560","고덕2동","22444","11355","11089","4516","2448","3993","3796","3301","4390","2357","1289","1957","1975","1660","2117","2159","1159","2036","1821","1641","2273","8705","0","8705"
"20211","11740570","암사1동","35440","17548","17892","4836","4853","5290","5602","6013","8846","2458","2531","2738","2867","2944","4010","2378","2322","2552","2735","3069","4836","16172","0","16172"
"20211","11740580","암사2동","15439","7481","7958","2450","2002","2920","2411","2241","3415","1230","967","1444","1210","1072","1558","1220","1035","1476","1201","1169","1857","6352","0","6352"
"20211","11740590","암사3동","18359","8985","9374","3974","1970","2617","3282","2693","3823","2051","976","1202","1630","1298","1828","1923","994","1415","1652","1395","1995","6369","0","6369"
"20211","11740600","천호1동","27485","13505","13980","3234","3850","4108","4108","4623","7562","1642","1932","2155","2155","2190","3431","1592","1918","1953","1953","2433","4131","12913","0","12913"
"20211","11740610","천호2동","34494","17015","17479","3607","4975","6295","5026","5716","8875","1868","2349","3246","2600","2851","4101","1739","2626","3049","2426","2865","4774","17730","0","17730"
"20211","11740620","천호3동","26573","12981","13592","2625","4225","4803","3788","4258","6874","1357","1864","2403","1968","2204","3185","1268","2361","2400","1820","2054","3689","13901","0","13901"
"20211","11740640","성내1동","20230","9815","10415","3333","2716","3393","3322","3043","4423","1742","1345","1649","1613","1440","2026","1591","1371","1744","1709","1603","2397","8258","0","8258"
"20211","11740650","성내2동","24318","11935","12383","2332","3995","4327","3504","3832","6328","1187","1811","2265","1813","1900","2959","1145","2184","2062","1691","1932","3369","12909","0","12909"
"20211","11740660","성내3동","23440","11544","11896","3073","3628","3584","3615","3975","5565","1725","1882","1823","1766","1892","2456","1348","1746","1761","1849","2083","3109","10606","0","10606"
"20211","11740685","길동","46576","22715","23861","5584","7189","7606","6859","7605","11733","2907","3400","3893","3508","3615","5392","2677","3789","3713","3351","3990","6341","21589","0","21589"
"20211","11740690","둔촌1동","24","17","7","4","3","4","0","3","10","4","3","2","0","1","7","0","0","2","0","2","3","14","0","14"
"20211","11740700","둔촌2동","26347","12961","13386","4011","3746","3861","3901","4390","6438","2095","1883","1967","1950","2073","2993","1916","1863","1894","1951","2317","3445","11040","0","11040"
"20213","11260600","중화1동","20232","9911","10321","2627","2925","3217","2837","3381","5245","1333","1436","1670","1488","1575","2409","1294","1489","1547","1349","1806","2836","9121","0","9121"
"20213","11260610","중화2동","25562","13123","12439","2236","3772","3694","3501","4968","7391","1192","1871","1974","1887","2635","3564","1044","1901","1720","1614","2333","3827","13880","0","13880"
"20213","11260620","묵1동","35402","17135","18267","5518","4995","4950","5894","5553","8492","2814","2401","2449","2911","2669","3891","2704","2594","2501","2983","2884","4601","14972","0","14972"
"20213","11260630","묵2동","19446","9570","9876","2330","2728","3123","2907","3245","5113","1208","1330","1630","1468","1588","2346","1122","1398","1493","1439","1657","2767","9338","0","9338"
"20213","11260655","망우본동","30392","15262","15130","3381","4214","4110","4126","5693","8868","1713","2136","2142","2232","2865","4174","1668","2078","1968","1894","2828","4694","15073","0","15073"
"20213","11260660","망우3동","17107","8588","8519","1962","2336","2149","2440","3321","4899","948","1191","1169","1254","1694","2332","1014","1145","980","1186","1627","2567","8431","0","8431"
"20213","11260680","신내1동","39688","19315","20373","7169","4931","5130","6037","6572","9849","3676","2503","2528","3029","3110","4469","3493","2428","2602","3008","3462","5380","14806","0","14806"
"20213","11260690","신내2동","21208","10115","11093","3132","2583","2946","3221","3559","5767","1600","1316","1446","1569","1674","2510","1532","1267","1500","1652","1885","3257","9076","0","9076"
"20213","11290525","성북동","16832","7862","8970","1967","2808","2518","2545","2762","4232","1011","1287","1198","1210","1306","1850","956","1521","1320","1335","1456","2382","8225","0","8225"
"20213","11290555","삼선동","23545","11221","12324","3053","4275","3339","3694","3674","5510","1597","1907","1646","1807","1847","2417","1456","2368","1693","1887","1827","3093","11689","0","11689"
"20213","11290575","동선동","15583","6532","9051","1529","4477","2508","2036","1930","3103","712","1421","1154","973","958","1314","817","3056","1354","1063","972","1789","9347","0","9347"
"20213","11290580","돈암1동","15288","7144","8144","2174","2082","1981","2215","2719","4117","1053","964","979","1037","1300","1811","1121","1118","1002","1178","1419","2306","6236","0","6236"
"20213","11290590","돈암2동","24591","11692","12899","4892","3025","3040","4516","4079","5039","2475","1488","1421","2127","1965","2216","2417","1537","1619","2389","2114","2823","8735","0","8735"
"20213","11290600","안암동","14908","7511","7397","1279","5070","2002","1660","2004","2893","660","2643","1121","851","990","1246","619","2427","881","809","1014","1647","9202","0","9202"
"20213","11290610","보문동","15749","7608","8141","1933","2707","2624","2415","2553","3517","952","1335","1332","1227","1219","1543","981","1372","1292","1188","1334","1974","7827","0","7827"
"20213","11290620","정릉1동","18647","9008","9639","3231","2318","2650","3258","2855","4335","1648","1159","1295","1589","1411","1906","1583","1159","1355","1669","1444","2429","7502","0","7502"
"20213","11290630","정릉2동","23495","11368","12127","3412","3249","3158","3632","3747","6297","1740","1643","1612","1793","1808","2772","1672","1606","1546","1839","1939","3525","9882","0","9882"
"20213","11290640","정릉3동","15532","7689","7843","1596","3171","1909","1949","2386","4521","817","1745","1074","958","1167","1928","779","1426","835","991","1219","2593","8011","0","8011"
"20213","11290650","정릉4동","25601","12380","13221","3856","3267","3292","4220","4171","6795","2019","1691","1590","2086","2015","2979","1837","1576","1702","2134","2156","3816","10979","0","10979"
"20213","11290660","길음1동","36397","17304","19093","8899","3486","4714","7942","4966","6390","4450","1667","2121","3814","2536","2716","4449","1819","2593","4128","2430","3674","12775","0","12775"
"20213","11290685","길음2동","17041","8242","8799","2879","2126","2532","2956","2771","3777","1526","1016","1235","1410","1368","1687","1353","1110","1297","1546","1403","2090","7118","0","7118"
"20213","11290705","종암동","39773","19588","20185","6415","5839","5234","6460","6365","9460","3409","3066","2603","3187","3172","4151","3006","2773","2631","3273","3193","5309","17435","0","17435"
"20213","11290715","월곡1동","26920","13023","13897","4720","3043","3598","4607","4260","6692","2330","1462","1765","2323","2105","3038","2390","1581","1833","2284","2155","3654","10916","0","10916"
"20213","11290725","월곡2동","19925","9584","10341","2596","3584","2738","2870","3042","5095","1341","1527","1415","1452","1549","2300","1255","2057","1323","1418","1493","2795","9615","0","9615"
"20213","11290760","장위1동","20207","9845","10362","2501","3027","2472","2908","3818","5481","1259","1553","1355","1404","1833","2441","1242","1474","1117","1504","1985","3040","9162","0","9162"
"20213","11290770","장위2동","13848","6857","6991","1506","1925","1701","1967","2454","4295","755","964","906","1057","1255","1920","751","961","795","910","1199","2375","6593","0","6593"
"20213","11290780","장위3동","17221","8518","8703","3194","2227","2772","2748","2712","3568","1632","1082","1354","1393","1384","1673","1562","1145","1418","1355","1328","1895","7094","0","7094"
"20213","11290810","석관동","35589","17616","17973","4272","5198","5027","5177","6014","9901","2230","2573","2584","2693","2957","4579","2042","2625","2443","2484","3057","5322","16697","0","16697"
"20213","11305534","삼양동","24555","12239","12316","3286","3153","3031","3666","4374","7045","1720","1627","1609","1868","2210","3205","1566","1526","1422","1798","2164","3840","11377","0","11377"
"20213","11305535","미아동","22217","10700","11517","2132","3868","2899","3093","3846","6379","1135","1674","1533","1614","1861","2883","997","2194","1366","1479","1985","3496","11775","0","11775"
"20213","11305545","송중동","30349","14594","15755","3618","4271","4115","4607","5199","8539","1809","2091","2072","2347","2453","3822","1809","2180","2043","2260","2746","4717","14073","0","14073"
"20213","11305555","송천동","27466","13641","13825","2718","3703","3290","3934","5055","8766","1375","1888","1760","2072","2547","3999","1343","1815","1530","1862","2508","4767","13795","0","13795"
"20213","11305575","삼각산동","31996","15394","16602","7015","3387","3850","6493","4975","6276","3608","1678","1804","3139","2475","2690","3407","1709","2046","3354","2500","3586","11742","0","11742"
"20213","11305595","번1동","19057","9573","9484","1792","3283","2816","2946","3130","5090","948","1587","1524","1560","1627","2327","844","1696","1292","1386","1503","2763","10476","0","10476"
"20213","11305603","번2동","16440","7977","8463","1781","2212","1808","2427","2776","5436","941","1153","1005","1234","1352","2292","840","1059","803","1193","1424","3144","7659","0","7659"
"20213","11305608","번3동","17545","8257","9288","2317","1943","1748","2673","2831","6033","1179","991","904","1367","1362","2454","1138","952","844","1306","1469","3579","7579","0","7579"
"20213","11305615","수유1동","21236","10516","10720","2420","3068","2789","3014","3628","6317","1237","1558","1504","1620","1757","2840","1183","1510","1285","1394","1871","3477","10452","0","10452"
"20213","11305625","수유2동","21476","10289","11187","2498","2993","2581","3060","3784","6560","1316","1436","1372","1523","1793","2849","1182","1557","1209","1537","1991","3711","9731","0","9731"
"20213","11305635","수유3동","23512","11646","11866","1962","4305","3385","3309","4036","6515","1021","2065","1846","1748","2040","2926","941","2240","1539","1561","1996","3589","12998","0","12998"
"20213","11305645","우이동","20955","10206","10749","2501","2678","2592","3005","3588","6591","1333","1253","1397","1543","1730","2950","1168","1425","1195","1462","1858","3641","9647","0","9647"
"20213","11305660","인수동","31311","15131","16180","3707","4100","3842","4506","5425","9731","1862","2053","2026","2304","2587","4299","1845","2047","1816","2202","2838","5432","14563","0","14563"
"20213","11320511","창1동","25241","12027","13214","3749","3307","3413","4121","4181","6470","1899","1643","1707","1996","1944","2838","1850","1664","1706","2125","2237","3632","10877","0","10877"
"20213","11320512","창2동","29648","14474","15174","4104","4143","4145","4588","5178","7490","2143","2064","2079","2327","2465","3396","1961","2079","2066","2261","2713","4094","12458","0","12458"
"20213","11320513","창3동","14305","7124","7181","1863","1828","1710","2167","2621","4116","972","951","913","1114","1297","1877","891","877","797","1053","1324","2239","6654","0","6654"
"20213","11320514","창4동","27197","13076","14121","4413","3735","3420","4429","4919","6281","2270","1895","1656","2085","2324","2846","2143","1840","1764","2344","2595","3435","10753","0","10753"
"20213","11320515","창5동","25203","12123","13080","3530","3726","3560","3569","4456","6362","1829","1824","1829","1689","2050","2902","1701","1902","1731","1880","2406","3460","10266","0","10266"
"20213","11320521","도봉1동","21653","10950","10703","2080","2634","2404","2927","3810","7798","1080","1409","1328","1589","1903","3641","1000","1225","1076","1338","1907","4157","10426","0","10426"
"20213","11320522","도봉2동","27800","13600","14200","3388","3341","3654","3809","4506","9102","1749","1687","1858","1932","2193","4181","1639","1654","1796","1877","2313","4921","12123","0","12123"
"20213","11320660","쌍문1동","21794","10500","11294","2809","3096","2598","3250","3692","6349","1395","1467","1335","1653","1769","2881","1414","1629","1263","1597","1923","3468","9441","0","9441"
"20213","11320670","쌍문2동","19253","9269","9984","2422","2545","2624","2799","3329","5534","1274","1299","1355","1408","1499","2434","1148","1246","1269","1391","1830","3100","8673","0","8673"
"20213","11320680","쌍문3동","16762","8136","8626","1819","2499","2380","2433","2846","4785","938","1227","1233","1259","1319","2160","881","1272","1147","1174","1527","2625","7896","0","7896"
"20213","11320681","쌍문4동","19259","9090","10169","3249","2568","2322","3007","3437","4676","1648","1290","1120","1366","1548","2118","1601","1278","1202","1641","1889","2558","7196","0","7196"
"20213","11320690","방학1동","28975","14420","14555","3761","3904","3352","4238","5428","8292","1893","2031","1733","2100","2731","3932","1868","1873","1619","2138","2697","4360","12737","0","12737"
"20213","11320700","방학2동","20278","10245","10033","2435","2723","2210","2949","3774","6187","1269","1488","1213","1526","1867","2882","1166","1235","997","1423","1907","3305","9509","0","9509"
"20213","11320710","방학3동","27895","13583","14312","4769","3369","3212","4256","4835","7454","2561","1841","1613","1998","2244","3326","2208","1528","1599","2258","2591","4128","10068","0","10068"
"20213","11350560","월계1동","22454","11554","10900","2925","3873","2717","3440","3569","5930","1545","2226","1478","1774","1796","2735","1380","1647","1239","1666","1773","3195","10472","0","10472"
"20213","11350570","월계2동","27466","13247","14219","3943","3244","3238","4338","4625","8078","2022","1726","1633","2197","2212","3457","1921","1518","1605","2141","2413","4621","12063","0","12063"
"20213","11350580","월계3동","30593","14662","15931","4410","3601","4627","4676","4803","8476","2277","1801","2329","2358","2243","3654","2133","1800","2298","2318","2560","4822","13009","0","13009"
"20213","11350595","공릉1동","37700","18335","19365","4795","6830","5406","5406","5849","9414","2423","3395","2741","2754","2813","4209","2372","3435","2665","2652","3036","5205","18300","0","18300"
"20213","11350600","공릉2동","39784","19394","20390","7324","6721","5226","6584","6121","7808","3763","3325","2611","3110","3009","3576","3561","3396","2615","3474","3112","4232","16502","0","16502"
"20213","11350611","하계1동","27479","13234","14245","4354","4696","2748","4237","4977","6467","2399","2514","1385","1874","2411","2651","1955","2182","1363","2363","2566","3816","11662","0","11662"
"20213","11350612","하계2동","22673","10808","11865","4351","3096","2556","4071","3921","4678","2243","1577","1212","1896","1889","1991","2108","1519","1344","2175","2032","2687","8303","0","8303"
"20213","11350619","중계본동","24840","12174","12666","6075","3245","1908","5083","4554","3975","3112","1709","900","2222","2366","1865","2963","1536","1008","2861","2188","2110","8624","0","8624"
"20213","11350621","중계1동","27473","13374","14099","7750","2973","2006","6627","4469","3648","4106","1542","854","2884","2391","1597","3644","1431","1152","3743","2078","2051","9073","0","9073"
"20213","11350624","중계4동","20700","9999","10701","3504","2613","1993","3542","3612","5436","1885","1369","1010","1643","1814","2278","1619","1244","983","1899","1798","3158","8476","0","8476"
"20213","11350625","중계2?3동","35461","16354","19107","5317","4341","4303","5926","5653","9921","2597","2229","2087","2909","2654","3878","2720","2112","2216","3017","2999","6043","15408","0","15408"
"20213","11350630","상계1동","39064","18975","20089","5741","5302","4946","5735","7015","10325","2980","2717","2468","2753","3308","4749","2761","2585","2478","2982","3707","5576","15655","0","15655"
"20213","11350640","상계2동","20557","10167","10390","2880","3323","2335","3102","3944","4973","1464","1667","1226","1491","1981","2338","1416","1656","1109","1611","1963","2635","8798","0","8798"
"20213","11350665","상계3?4동","27081","13471","13610","3538","3256","2965","4002","4808","8512","1869","1757","1560","2016","2435","3834","1669","1499","1405","1986","2373","4678","12221","0","12221"
"20213","11350670","상계5동","24691","11998","12693","3176","3492","2631","3739","4552","7101","1613","1839","1383","1831","2219","3113","1563","1653","1248","1908","2333","3988","11023","0","11023"
"20213","11350695","상계6?7동","33550","15577","17973","5569","4630","4941","5572","5658","7180","2892","2225","2320","2562","2580","2998","2677","2405","2621","3010","3078","4182","13946","0","13946"
"20213","11350700","상계8동","22935","11020","11915","4551","2687","4732","3919","3012","4034","2318","1324","2326","1956","1418","1678","2233","1363","2406","1963","1594","2356","9169","0","9169"
"20213","11350710","상계9동","21136","10040","11096","3541","2753","2810","3507","3620","4905","1828","1434","1422","1589","1683","2084","1713","1319","1388","1918","1937","2821","8424","0","8424"
"20213","11350720","상계10동","17437","8034","9403","2668","2543","2640","2729","3073","3784","1325","1204","1293","1215","1381","1616","1343","1339","1347","1514","1692","2168","7083","0","7083"
"20213","11380510","녹번동","37380","17807","19573","4821","5070","6066","5831","5883","9709","2410","2384","3031","2940","2805","4237","2411","2686","3035","2891","3078","5472","17479","0","17479"
"20213","11380520","불광1동","39732","18809","20923","5092","5477","5445","6021","6771","10926","2665","2663","2665","2910","3167","4739","2427","2814","2780","3111","3604","6187","17969","0","17969"
"20213","11380530","불광2동","28437","13802","14635","2952","4339","3867","3953","4928","8398","1488","2181","2035","2040","2285","3773","1464","2158","1832","1913","2643","4625","13956","0","13956"
"20213","11380551","갈현1동","23146","11280","11866","2591","3751","3056","3331","4008","6409","1351","1910","1617","1671","1856","2875","1240","1841","1439","1660","2152","3534","11152","0","11152"
"20213","11380552","갈현2동","28872","13674","15198","4039","4370","3917","4715","4798","7033","2045","2101","1928","2263","2245","3092","1994","2269","1989","2452","2553","3941","12643","0","12643"
"20213","11380560","구산동","32750","16287","16463","4675","4439","4119","5130","5670","8717","2300","2191","2118","2577","2856","4245","2375","2248","2001","2553","2814","4472","13401","0","13401"
"20213","11380570","대조동","27235","12691","14544","2851","4889","4193","4105","4138","7059","1396","2140","2083","2018","2001","3053","1455","2749","2110","2087","2137","4006","14312","0","14312"
"20213","11380580","응암1동","30938","14680","16258","4886","4201","5148","5227","4581","6895","2518","1922","2524","2564","2234","2918","2368","2279","2624","2663","2347","3977","14058","0","14058"
"20213","11380590","응암2동","27580","13401","14179","5535","2765","5059","5193","3605","5423","2864","1395","2388","2662","1763","2329","2671","1370","2671","2531","1842","3094","11005","0","11005"
"20213","11380600","응암3동","25229","12332","12897","2631","3648","3379","3615","4242","7714","1371","1853","1784","1854","2130","3340","1260","1795","1595","1761","2112","4374","12765","0","12765"
"20213","11380625","역촌동","46566","22003","24563","6216","6530","6700","7609","7651","11860","3133","3114","3252","3792","3591","5121","3083","3416","3448","3817","4060","6739","20857","0","20857"
"20213","11380631","신사1동","27543","13312","14231","3745","3920","4102","4204","4492","7080","1902","2004","2079","2072","2096","3159","1843","1916","2023","2132","2396","3921","11838","0","11838"
"20213","11380632","신사2동","20812","10392","10420","2782","2938","2797","3166","3509","5620","1503","1523","1475","1616","1682","2593","1279","1415","1322","1550","1827","3027","9044","0","9044"
"20213","11380640","증산동","15338","7474","7864","1940","2110","2024","2248","2579","4437","988","1044","1038","1104","1261","2039","952","1066","986","1144","1318","2398","6891","0","6891"
"20213","11380650","수색동","11132","5498","5634","1442","1485","1729","1505","1965","3006","766","761","880","750","991","1350","676","724","849","755","974","1656","4737","0","4737"
"20213","11380690","진관동","57020","26773","30247","12180","7112","6887","10773","8409","11659","6267","3087","3005","5018","4217","5179","5913","4025","3882","5755","4192","6480","21642","0","21642"
"20213","11410520","천연동","17742","8412","9330","2727","2276","2419","2808","3004","4508","1362","1109","1178","1362","1485","1916","1365","1167","1241","1446","1519","2592","8016","0","8016"
"20213","11410555","북아현동","16643","7949","8694","2524","2381","2894","2685","2778","3381","1279","1079","1417","1351","1375","1448","1245","1302","1477","1334","1403","1933","7469","0","7469"
"20213","11410565","충현동","20756","9990","10766","2595","3434","3262","3046","3349","5070","1289","1650","1614","1535","1658","2244","1306","1784","1648","1511","1691","2826","10379","0","10379"
"20213","11410585","신촌동","19272","8599","10673","1594","7419","3286","1982","1999","2992","809","2877","1645","970","1000","1298","785","4542","1641","1012","999","1694","13316","0","13316"
"20213","11410615","연희동","36200","17437","18763","4151","7591","5620","5114","5256","8468","2102","3871","2818","2446","2492","3708","2049","3720","2802","2668","2764","4760","18862","0","18862"
"20213","11410620","홍제1동","24329","11424","12905","3451","3166","3452","3793","4088","6379","1705","1557","1666","1825","1898","2773","1746","1609","1786","1968","2190","3606","10489","0","10489"
"20213","11410640","홍제3동","15810","7661","8149","1897","2120","1969","2206","2714","4904","990","1065","1027","1100","1370","2109","907","1055","942","1106","1344","2795","7117","0","7117"
"20213","11410655","홍제2동","14233","6779","7454","1910","1857","1925","2050","2570","3921","991","926","960","974","1225","1703","919","931","965","1076","1345","2218","5908","0","5908"
"20213","11410660","홍은1동","22956","11085","11871","3264","2921","2994","3450","3966","6361","1647","1466","1519","1687","1950","2816","1617","1455","1475","1763","2016","3545","9716","0","9716"
"20213","11410685","홍은2동","26960","13019","13941","3464","4245","3479","3999","4588","7185","1763","2139","1822","1971","2192","3132","1701","2106","1657","2028","2396","4053","12304","0","12304"
"20213","11410690","남가좌1동","15900","7657","8243","3606","1553","2487","3089","2130","3035","1774","753","1104","1630","1043","1353","1832","800","1383","1459","1087","1682","5889","0","5889"
"20213","11410700","남가좌2동","30036","14498","15538","5089","4293","4609","4921","4409","6715","2535","2087","2273","2490","2177","2936","2554","2206","2336","2431","2232","3779","13308","0","13308"
"20213","11410710","북가좌1동","18445","8896","9549","3394","2173","2402","3277","3020","4179","1769","1051","1125","1637","1447","1867","1625","1122","1277","1640","1573","2312","6990","0","6990"
"20213","11410720","북가좌2동","32607","15868","16739","4116","4817","4306","5035","5442","8891","2121","2443","2225","2462","2627","3990","1995","2374","2081","2573","2815","4901","14785","0","14785"
"20213","11440555","아현동","25772","12061","13711","4469","3208","5156","4239","3878","4822","2155","1421","2382","2127","1859","2117","2314","1787","2774","2112","2019","2705","10610","0","10610"
"20213","11440565","공덕동","37964","17907","20057","4584","6428","6526","5543","6396","8487","2344","2820","3154","2748","3136","3705","2240","3608","3372","2795","3260","4782","18628","0","18628"
"20213","11440585","도화동","21763","10454","11309","3114","3007","3633","3231","3484","5294","1671","1449","1758","1549","1679","2348","1443","1558","1875","1682","1805","2946","9539","0","9539"
"20213","11440590","용강동","21842","10278","11564","4294","2232","3775","4430","2940","4171","2082","1027","1722","2136","1469","1842","2212","1205","2053","2294","1471","2329","9300","0","9300"
"20213","11440600","대흥동","14388","6943","7445","1565","3355","2375","2090","2036","2967","830","1511","1201","1045","1069","1287","735","1844","1174","1045","967","1680","8385","0","8385"
"20213","11440610","염리동","12125","5839","6286","2088","1801","1869","2190","1765","2412","1045","869","901","1107","886","1031","1043","932","968","1083","879","1381","5677","0","5677"
"20213","11440630","신수동","23146","11271","11875","3604","3477","3770","3911","3566","4818","1913","1749","1834","1839","1785","2151","1691","1728","1936","2072","1781","2667","10213","0","10213"
"20213","11440655","서강동","24664","11742","12922","3605","4648","4109","4000","3678","4624","1832","2224","1937","1920","1751","2078","1773","2424","2172","2080","1927","2546","11619","0","11619"
"20213","11440660","서교동","23682","10810","12872","1830","5964","5177","3499","2754","4458","914","2494","2421","1719","1338","1924","916","3470","2756","1780","1416","2534","14891","0","14891"
"20213","11440680","합정동","19846","9219","10627","2303","3878","3956","2888","2722","4099","1149","1722","1882","1381","1299","1786","1154","2156","2074","1507","1423","2313","10285","0","10285"
"20213","11440690","망원1동","20802","9777","11025","2377","3494","3922","3265","2974","4770","1185","1626","1868","1584","1468","2046","1192","1868","2054","1681","1506","2724","10513","0","10513"
"20213","11440700","망원2동","19023","8954","10069","2766","2909","2976","3266","2821","4285","1375","1343","1408","1605","1387","1836","1391","1566","1568","1661","1434","2449","8571","0","8571"
"20213","11440710","연남동","15575","7355","8220","1429","3229","3101","2336","2033","3447","743","1496","1506","1172","958","1480","686","1733","1595","1164","1075","1967","8854","0","8854"
"20213","11440720","성산1동","19357","9097","10260","2453","3135","3401","3329","2884","4155","1204","1473","1643","1593","1367","1817","1249","1662","1758","1736","1517","2338","9419","0","9419"
"20213","11440730","성산2동","40394","18378","22016","6010","6782","6742","6586","5765","8509","3097","2723","3065","3170","2809","3514","2913","4059","3677","3416","2956","4995","19041","0","19041"
"20213","11440740","상암동","31404","14976","16428","6769","4296","4026","6183","4503","5627","3459","1944","1836","2951","2341","2445","3310","2352","2190","3232","2162","3182","12766","0","12766"
"20213","11470510","목1동","31563","15159","16404","8109","3423","3302","6956","5008","4765","4075","1669","1392","3172","2622","2229","4034","1754","1910","3784","2386","2536","10556","0","10556"
"20213","11470520","목2동","30445","14797","15648","4279","5011","5248","4629","4952","6326","2227","2449","2685","2219","2342","2875","2052","2562","2563","2410","2610","3451","13239","0","13239"
"20213","11470530","목3동","22470","10726","11744","2922","3560","4033","3216","3652","5087","1564","1729","1974","1542","1653","2264","1358","1831","2059","1674","1999","2823","10117","0","10117"
"20213","11470540","목4동","25946","12676","13270","4779","4172","2819","4581","4843","4752","2501","2196","1397","2031","2401","2150","2278","1976","1422","2550","2442","2602","10128","0","10128"
"20213","11470550","목5동","42205","20895","21310","11030","4518","4004","9236","6680","6737","5957","2345","1744","4130","3455","3264","5073","2173","2260","5106","3225","3473","13578","0","13578"
"20213","11470560","신월1동","20959","10757","10202","2336","2696","2770","3113","3915","6129","1198","1430","1526","1624","2051","2928","1138","1266","1244","1489","1864","3201","10203","0","10203"
"20213","11470570","신월2동","21351","10461","10890","3225","2709","3045","3335","3356","5681","1617","1401","1550","1692","1627","2574","1608","1308","1495","1643","1729","3107","8607","0","8607"
"20213","11470580","신월3동","15749","8297","7452","2039","2040","2036","2245","2962","4427","1075","1066","1110","1256","1628","2162","964","974","926","989","1334","2265","8040","0","8040"
"20213","11470590","신월4동","18411","9050","9361","3120","2186","2512","3051","2841","4701","1617","1137","1244","1550","1376","2126","1503","1049","1268","1501","1465","2575","6961","0","6961"
"20213","11470600","신월5동","15055","7459","7596","2281","2154","2110","2308","2549","3653","1195","1094","1114","1145","1215","1696","1086","1060","996","1163","1334","1957","6487","0","6487"
"20213","11470610","신월6동","13741","6769","6972","2688","1606","2583","2159","2032","2673","1365","816","1294","1081","978","1235","1323","790","1289","1078","1054","1438","5226","0","5226"
"20213","11470611","신월7동","20514","10068","10446","2446","2659","2642","2986","3601","6180","1259","1407","1392","1549","1759","2702","1187","1252","1250","1437","1842","3478","9234","0","9234"
"20213","11470620","신정1동","20964","10227","10737","4914","2473","2078","4116","3542","3841","2536","1254","908","1933","1817","1779","2378","1219","1170","2183","1725","2062","7213","0","7213"
"20213","11470630","신정2동","20051","9822","10229","4278","2592","1811","3814","3625","3931","2208","1334","845","1760","1857","1818","2070","1258","966","2054","1768","2113","7141","0","7141"
"20213","11470640","신정3동","46374","22599","23775","8701","5912","5752","8007","7827","10175","4478","3059","2826","3872","3820","4544","4223","2853","2926","4135","4007","5631","17831","0","17831"
"20213","11470650","신정4동","33533","16434","17099","4030","5286","5095","5263","5421","8438","2089","2536","2705","2624","2606","3874","1941","2750","2390","2639","2815","4564","16066","0","16066"
"20213","11470670","신정6동","25017","12160","12857","5769","3198","2749","4744","4416","4141","2975","1640","1222","2137","2199","1987","2794","1558","1527","2607","2217","2154","8300","0","8300"
"20213","11470680","신정7동","29891","14452","15439","5458","3604","3231","5210","5281","7107","2815","1880","1541","2501","2615","3100","2643","1724","1690","2709","2666","4007","11604","0","11604"
"20213","11500510","염창동","41853","20346","21507","8696","5432","7332","7676","5956","6761","4472","2518","3483","3759","2925","3189","4224","2914","3849","3917","3031","3572","15820","0","15820"
"20213","11500520","등촌1동","24118","11283","12835","2654","4989","6008","3255","3033","4179","1455","1994","2894","1605","1474","1861","1199","2995","3114","1650","1559","2318","13153","0","13153"
"20213","11500530","등촌2동","21104","10340","10764","2962","3315","3540","3071","3453","4763","1604","1658","1791","1495","1601","2191","1358","1657","1749","1576","1852","2572","8766","0","8766"
"20213","11500535","등촌3동","31490","15009","16481","3782","4182","4663","3927","5370","9566","1969","2152","2403","1873","2461","4151","1813","2030","2260","2054","2909","5415","15067","0","15067"
"20213","11500540","화곡1동","51115","24830","26285","5142","9133","10320","7382","7240","11898","2596","4115","5477","3856","3406","5380","2546","5018","4843","3526","3834","6518","26338","0","26338"
"20213","11500550","화곡2동","17836","8686","9150","2559","2533","2796","3000","2785","4163","1290","1276","1471","1516","1307","1826","1269","1257","1325","1484","1478","2337","7957","0","7957"
"20213","11500560","화곡3동","21443","10303","11140","2897","3086","3161","3180","3268","5851","1501","1468","1580","1522","1547","2685","1396","1618","1581","1658","1721","3166","9239","0","9239"
"20213","11500570","화곡4동","20867","10214","10653","2499","2942","3333","3221","3401","5471","1296","1520","1731","1661","1616","2390","1203","1422","1602","1560","1785","3081","9638","0","9638"
"20213","11500590","화곡본동","38372","18719","19653","5238","6547","7107","6129","5477","7874","2753","3077","3808","3121","2574","3386","2485","3470","3299","3008","2903","4488","18579","0","18579"
"20213","11500591","화곡6동","24230","11844","12386","2858","4152","4039","3536","3860","5785","1539","1967","2075","1787","1837","2639","1319","2185","1964","1749","2023","3146","11873","0","11873"
"20213","11500593","화곡8동","24746","11897","12849","2940","3770","4188","3938","3696","6214","1476","1845","2187","2001","1658","2730","1464","1925","2001","1937","2038","3484","11583","0","11583"
"20213","11500603","가양1동","34206","15801","18405","3618","8428","8327","4599","4299","4935","1870","2872","4201","2404","2066","2388","1748","5556","4126","2195","2233","2547","20072","0","20072"
"20213","11500604","가양2동","14520","6884","7636","1002","1712","2413","1504","2215","5674","515","768","1249","770","1034","2548","487","944","1164","734","1181","3126","8052","0","8052"
"20213","11500605","가양3동","15544","7269","8275","1344","1846","3144","1929","2277","5004","691","885","1578","1018","1069","2028","653","961","1566","911","1208","2976","7912","0","7912"
"20213","11500611","발산1동","37403","17751","19652","8455","4620","4428","7260","5715","6925","4173","2271","2104","3445","2759","2999","4282","2349","2324","3815","2956","3926","13523","0","13523"
"20213","11500615","우장산동","43678","20888","22790","9278","5266","5575","8655","6506","8398","4537","2517","2657","4051","3239","3887","4741","2749","2918","4604","3267","4511","16129","0","16129"
"20213","11500620","공항동","26929","13662","13267","4329","3789","5023","4292","3815","5681","2235","1907","2615","2307","1938","2660","2094","1882","2408","1985","1877","3021","12784","0","12784"
"20213","11500630","방화1동","44340","21631","22709","8542","5323","6504","7719","6535","9717","4264","2565","3196","3916","3186","4504","4278","2758","3308","3803","3349","5213","17489","0","17489"
"20213","11500640","방화2동","23107","11401","11706","2617","3321","3480","3188","3709","6792","1375","1594","1877","1690","1845","3020","1242","1727","1603","1498","1864","3772","11644","0","11644"
"20213","11500641","방화3동","23471","11391","12080","2893","2599","3732","3470","3614","7163","1488","1349","1923","1768","1741","3122","1405","1250","1809","1702","1873","4041","11330","0","11330"
"20213","11530510","신도림동","36197","17684","18513","7148","4343","6241","6543","5098","6824","3622","2102","2985","3216","2514","3245","3526","2241","3256","3327","2584","3579","13483","0","13483"
"20213","11530520","구로1동","21220","10412","10808","3848","2824","3884","3634","3012","4018","2016","1343","1949","1829","1433","1842","1832","1481","1935","1805","1579","2176","8364","0","8364"
"20213","11530530","구로2동","24606","12419","12187","2338","3251","2934","3507","4720","7856","1232","1697","1620","1857","2466","3547","1106","1554","1314","1650","2254","4309","12794","0","12794"
"20213","11530540","구로3동","23853","12153","11700","2782","4134","5016","4016","3059","4846","1440","2015","2716","2213","1608","2161","1342","2119","2300","1803","1451","2685","13227","0","13227"
"20213","11530550","구로4동","20378","9883","10495","1962","2826","2934","2972","3533","6151","994","1340","1521","1510","1779","2739","968","1486","1413","1462","1754","3412","10711","0","10711"
"20213","11530560","구로5동","29372","14272","15100","3455","5067","5452","4126","4556","6716","1764","2225","2725","2110","2303","3145","1691","2842","2727","2016","2253","3571","14707","0","14707"
"20213","11530595","가리봉동","9271","5026","4245","523","1489","1256","1183","1866","2954","287","781","728","670","1107","1453","236","708","528","513","759","1501","6040","0","6040"
"20213","11530720","고척1동","23146","11542","11604","3293","3293","2908","3512","3936","6204","1708","1726","1514","1778","1922","2894","1585","1567","1394","1734","2014","3310","9619","0","9619"
"20213","11530730","고척2동","27366","13549","13817","4073","3615","3326","4289","4791","7272","2075","1861","1677","2166","2368","3402","1998","1754","1649","2123","2423","3870","11610","0","11610"
"20213","11530740","개봉1동","34336","17169","17167","4655","4632","5074","4975","5860","9140","2348","2370","2651","2570","2913","4317","2307","2262","2423","2405","2947","4823","14937","0","14937"
"20213","11530750","개봉2동","31775","15502","16273","4516","3870","4570","4857","4978","8984","2301","1947","2289","2488","2344","4133","2215","1923","2281","2369","2634","4851","12605","0","12605"
"20213","11530760","개봉3동","20845","10201","10644","2668","2612","2786","3224","3495","6060","1373","1339","1442","1654","1643","2750","1295","1273","1344","1570","1852","3310","8842","0","8842"
"20213","11530770","오류1동","22669","11102","11567","2472","3979","4361","3183","3057","5617","1247","1777","2260","1660","1539","2619","1225","2202","2101","1523","1518","2998","11785","0","11785"
"20213","11530780","오류2동","39127","18870","20257","7244","4661","5182","6707","5695","9638","3694","2271","2548","3375","2716","4266","3550","2390","2634","3332","2979","5372","15629","0","15629"
"20213","11530790","수궁동","23972","11848","12124","3493","3088","3317","3833","3932","6309","1869","1608","1699","1902","1866","2904","1624","1480","1618","1931","2066","3405","9967","0","9967"
"20213","11530800","항동","16279","8030","8249","3918","1720","3914","2663","1745","2319","2034","808","1894","1419","801","1074","1884","912","2020","1244","944","1245","6135","0","6135"
"20213","11545510","가산동","23050","12608","10442","1401","6523","5434","2749","2970","3973","677","3035","3382","1711","1740","2063","724","3488","2052","1038","1230","1910","15924","0","15924"
"20213","11545610","독산1동","42270","21748","20522","5535","7328","8449","6238","6244","8476","2809","3664","4707","3402","3148","4018","2726","3664","3742","2836","3096","4458","21131","0","21131"
"20213","11545620","독산2동","19016","9631","9385","2117","2842","2493","2608","3813","5143","1101","1488","1352","1324","1918","2448","1016","1354","1141","1284","1895","2695","9436","0","9436"
"20213","11545630","독산3동","24503","12308","12195","2380","3852","3545","3276","4761","6689","1212","1917","1979","1708","2361","3131","1168","1935","1566","1568","2400","3558","12553","0","12553"
"20213","11545640","독산4동","15537","7838","7699","1633","2287","1980","2113","3248","4276","826","1163","1097","1053","1661","2038","807","1124","883","1060","1587","2238","7657","0","7657"
"20213","11545670","시흥1동","33778","16865","16913","4166","5050","4789","5006","5947","8820","2187","2577","2554","2554","2915","4078","1979","2473","2235","2452","3032","4742","16124","0","16124"
"20213","11545680","시흥2동","21962","10590","11372","3715","2495","2481","3497","3808","5966","1841","1292","1215","1719","1794","2729","1874","1203","1266","1778","2014","3237","8474","0","8474"
"20213","11545690","시흥3동","11130","5525","5605","1259","1445","1431","1564","2015","3416","624","772","763","811","974","1581","635","673","668","753","1041","1835","4771","0","4771"
"20213","11545700","시흥4동","20791","10307","10484","2627","2732","2585","2974","3923","5950","1333","1430","1373","1495","1880","2796","1294","1302","1212","1479","2043","3154","9154","0","9154"
"20213","11545710","시흥5동","19686","9806","9880","2392","2548","2284","2890","3563","6009","1205","1368","1229","1502","1823","2679","1187","1180","1055","1388","1740","3330","9414","0","9414"
"20213","11560515","영등포본동","21466","11010","10456","2702","2850","3306","3147","3652","5809","1396","1535","1733","1658","1906","2782","1306","1315","1573","1489","1746","3027","10338","0","10338"
"20213","11560535","영등포동","28026","15044","12982","2095","6712","6875","3512","3593","5239","1066","2922","3839","2082","2232","2903","1029","3790","3036","1430","1361","2336","18953","0","18953"
"20213","11560540","여의동","34156","16052","18104","5856","3872","5277","5485","5170","8496","2924","1791","2411","2587","2511","3828","2932","2081","2866","2898","2659","4668","13784","0","13784"
"20213","11560550","당산1동","20750","10190","10560","2137","3542","4245","2927","3064","4835","1067","1602","2227","1521","1543","2230","1070","1940","2018","1406","1521","2605","10797","0","10797"
"20213","11560560","당산2동","37551","17619","19932","5102","7320","8220","5249","4820","6840","2561","3028","3962","2584","2310","3174","2541","4292","4258","2665","2510","3666","18478","0","18478"
"20213","11560585","도림동","18248","9159","9089","1948","2777","3231","2742","3001","4549","1022","1303","1708","1461","1577","2088","926","1474","1523","1281","1424","2461","9436","0","9436"
"20213","11560605","문래동","33159","16250","16909","6315","3845","6194","5984","4184","6637","3259","1830","2974","3018","2104","3065","3056","2015","3220","2966","2080","3572","13355","0","13355"
"20213","11560610","양평1동","17384","8564","8820","2234","2734","4319","2766","2051","3280","1176","1174","2251","1463","1053","1447","1058","1560","2068","1303","998","1833","9134","0","9134"
"20213","11560620","양평2동","22389","11124","11265","3257","3686","5186","3358","3054","3848","1686","1688","2679","1689","1591","1791","1571","1998","2507","1669","1463","2057","10325","0","10325"
"20213","11560630","신길1동","17447","8874","8573","1483","3387","2981","2441","2551","4604","752","1672","1710","1339","1335","2066","731","1715","1271","1102","1216","2538","10413","0","10413"
"20213","11560650","신길3동","16891","8320","8571","2331","2166","2546","2490","2900","4458","1212","1070","1311","1284","1442","2001","1119","1096","1235","1206","1458","2457","7653","0","7653"
"20213","11560660","신길4동","10489","5201","5288","1221","1420","1452","1496","1851","3049","620","752","774","758","927","1370","601","668","678","738","924","1679","5042","0","5042"
"20213","11560670","신길5동","11179","5420","5759","1586","1391","1637","1647","1942","2976","791","695","866","830","941","1297","795","696","771","817","1001","1679","4997","0","4997"
"20213","11560680","신길6동","19624","9600","10024","2527","3210","3293","2849","2953","4792","1374","1515","1653","1464","1427","2167","1153","1695","1640","1385","1526","2625","9247","0","9247"
"20213","11560690","신길7동","20286","10120","10166","3830","2814","3497","3315","3101","3729","2047","1424","1728","1667","1541","1713","1783","1390","1769","1648","1560","2016","7911","0","7911"
"20213","11560700","대림1동","14842","7366","7476","1761","2165","1995","2123","2533","4265","963","1073","1044","1134","1239","1913","798","1092","951","989","1294","2352","7219","0","7219"
"20213","11560710","대림2동","12409","6100","6309","1050","1896","1704","1695","2198","3866","528","973","925","883","1071","1720","522","923","779","812","1127","2146","6977","0","6977"
"20213","11560720","대림3동","22896","11479","11417","2642","3167","3292","3186","4257","6352","1368","1652","1778","1590","2128","2963","1274","1515","1514","1596","2129","3389","10429","0","10429"
"20213","11590510","노량진1동","32054","15972","16082","3941","5592","5423","4353","4703","8042","2017","2937","2923","2265","2275","3555","1924","2655","2500","2088","2428","4487","15709","0","15709"
"20213","11590520","노량진2동","12664","6491","6173","913","2337","1917","1552","2144","3801","477","1211","1127","853","1091","1732","436","1126","790","699","1053","2069","7466","0","7466"
"20213","11590530","상도1동","45153","21834","23319","6123","9857","6311","6578","6345","9939","3111","4984","3119","3261","2960","4399","3012","4873","3192","3317","3385","5540","21584","0","21584"
"20213","11590540","상도2동","27835","13383","14452","4175","4297","4679","4310","4116","6258","2137","2046","2276","2160","1975","2789","2038","2251","2403","2150","2141","3469","12575","0","12575"
"20213","11590550","상도3동","25071","11976","13095","2902","4223","4208","3690","3881","6167","1480","1952","2186","1817","1849","2692","1422","2271","2022","1873","2032","3475","12051","0","12051"
"20213","11590560","상도4동","28885","14018","14867","3599","4580","4840","4380","4403","7083","1897","2185","2522","2215","2092","3107","1702","2395","2318","2165","2311","3976","13804","0","13804"
"20213","11590605","흑석동","32306","15694","16612","4521","5138","4548","4891","5216","7992","2321","2681","2248","2501","2478","3465","2200","2457","2300","2390","2738","4527","14266","0","14266"
"20213","11590620","사당1동","23072","10944","12128","1730","5253","4655","2944","3088","5402","899","2260","2433","1510","1404","2438","831","2993","2222","1434","1684","2964","13289","0","13289"
"20213","11590630","사당2동","27227","13111","14116","3452","3684","4489","4047","4186","7369","1852","1759","2225","1987","1994","3294","1600","1925","2264","2060","2192","4075","11947","0","11947"
"20213","11590640","사당3동","25027","12119","12908","3769","3398","4133","3830","3640","6257","1968","1584","1974","1963","1721","2909","1801","1814","2159","1867","1919","3348","10564","0","10564"
"20213","11590650","사당4동","14426","6900","7526","1501","2526","2494","2072","2102","3731","789","1168","1267","1076","967","1633","712","1358","1227","996","1135","2098","7154","0","7154"
"20213","11590651","사당5동","14690","7131","7559","2065","2219","2597","2336","2184","3289","1067","1084","1321","1162","1031","1466","998","1135","1276","1174","1153","1823","6600","0","6600"
"20213","11590660","대방동","38781","18450","20331","6483","6483","5434","6622","5833","7926","3192","3069","2662","3199","2929","3399","3291","3414","2772","3423","2904","4527","17282","0","17282"
"20213","11590670","신대방1동","23662","11391","12271","4053","3406","3095","4027","3728","5353","2017","1635","1525","1917","1864","2433","2036","1771","1570","2110","1864","2920","10234","0","10234"
"20213","11590680","신대방2동","20916","9943","10973","3271","3590","3408","3367","2789","4491","1652","1582","1665","1667","1341","2036","1619","2008","1743","1700","1448","2455","9769","0","9769"
"20213","11620525","보라매동","23236","11427","11809","2448","4518","3839","3217","3219","5995","1286","2178","2100","1657","1518","2688","1162","2340","1739","1560","1701","3307","12009","0","12009"
"20213","11620545","청림동","15551","7619","7932","2441","1851","2604","2481","2323","3851","1269","981","1307","1259","1142","1661","1172","870","1297","1222","1181","2190","6553","0","6553"
"20213","11620565","성현동","33366","16092","17274","5398","4672","4512","5523","5221","8040","2827","2292","2250","2746","2528","3449","2571","2380","2262","2777","2693","4591","14122","0","14122"
"20213","11620575","행운동","28912","14070","14842","2547","7342","5965","3654","3417","5987","1292","3311","3182","1915","1676","2694","1255","4031","2783","1739","1741","3293","17137","0","17137"
"20213","11620585","낙성대동","15664","7865","7799","1312","5066","3223","1829","1583","2651","640","2416","1813","963","827","1206","672","2650","1410","866","756","1445","10254","0","10254"
"20213","11620595","청룡동","34681","16671","18010","2915","11004","6667","4022","3847","6226","1431","4833","3542","2086","1942","2837","1484","6171","3125","1936","1905","3389","22229","0","22229"
"20213","11620605","은천동","33720","16494","17226","4752","5449","5331","5238","4853","8097","2471","2592","2762","2702","2376","3591","2281","2857","2569","2536","2477","4506","15937","0","15937"
"20213","11620615","중앙동","15166","7234","7932","1001","4394","2978","1720","1798","3275","507","1802","1624","936","899","1466","494","2592","1354","784","899","1809","9605","0","9605"
"20213","11620625","인헌동","25460","12424","13036","2650","5694","4837","3503","3379","5397","1372","2688","2523","1778","1650","2413","1278","3006","2314","1725","1729","2984","13908","0","13908"
"20213","11620630","남현동","18396","8882","9514","1833","3952","3720","2307","2559","4025","922","1783","1974","1198","1165","1840","911","2169","1746","1109","1394","2185","9538","0","9538"
"20213","11620645","서원동","22343","11505","10838","1495","6371","4452","2707","2732","4586","770","3244","2599","1489","1305","2098","725","3127","1853","1218","1427","2488","13823","0","13823"
"20213","11620655","신원동","18098","9066","9032","1459","4347","3218","2251","2420","4403","712","2194","1849","1221","1197","1893","747","2153","1369","1030","1223","2510","10797","0","10797"
"20213","11620665","서림동","25506","13917","11589","2099","6035","5061","3556","3385","5370","1080","3335","3097","2132","1784","2489","1019","2700","1964","1424","1601","2881","15523","0","15523"
"20213","11620685","신사동","22688","11352","11336","1931","5761","3910","2995","3223","4868","1039","2713","2213","1551","1600","2236","892","3048","1697","1444","1623","2632","13680","0","13680"
"20213","11620695","신림동","21839","11395","10444","839","8411","5604","2485","1751","2749","416","4061","3225","1428","983","1282","423","4350","2379","1057","768","1467","17289","0","17289"
"20213","11620715","난향동","15780","7777","8003","2670","1723","1904","2973","2567","3943","1355","886","944","1501","1293","1798","1315","837","960","1472","1274","2145","6422","0","6422"
"20213","11620725","조원동","17480","8832","8648","1515","4082","3265","2234","2393","3991","759","1858","1834","1189","1265","1927","756","2224","1431","1045","1128","2064","10649","0","10649"
"20213","11620735","대학동","24481","14713","9768","1847","6547","4989","3662","3212","4224","955","3889","3323","2473","2007","2066","892","2658","1666","1189","1205","2158","16777","0","16777"
"20213","11620745","삼성동","23760","11871","11889","2455","2905","2688","3408","4238","8066","1308","1551","1525","1819","2119","3549","1147","1354","1163","1589","2119","4517","11204","0","11204"
"20213","11620765","미성동","30979","15172","15807","4055","4797","4264","4700","4963","8200","2026","2369","2225","2407","2380","3765","2029","2428","2039","2293","2583","4435","14102","0","14102"
"20213","11620775","난곡동","27330","13700","13630","3204","4102","3697","3921","4891","7515","1666","2135","2017","2058","2377","3447","1538","1967","1680","1863","2514","4068","12972","0","12972"
"20213","11650510","서초1동","21009","10095","10914","3483","2834","3598","3801","2998","4295","1805","1355","1646","1827","1453","2009","1678","1479","1952","1974","1545","2286","9350","0","9350"
"20213","11650520","서초2동","21404","10200","11204","3682","3055","4227","3838","2854","3748","1894","1368","1938","1830","1427","1743","1788","1687","2289","2008","1427","2005","9671","0","9671"
"20213","11650530","서초3동","31930","15560","16370","4574","5251","5390","5052","4888","6775","2553","2465","2562","2392","2409","3179","2021","2786","2828","2660","2479","3596","14565","0","14565"
"20213","11650531","서초4동","31457","15285","16172","7211","3587","3731","6395","4772","5761","3761","1736","1601","2974","2491","2722","3450","1851","2130","3421","2281","3039","11005","0","11005"
"20213","11650540","잠원동","28349","13589","14760","5634","3683","3857","5551","4624","5000","2905","1773","1764","2544","2319","2284","2729","1910","2093","3007","2305","2716","11449","0","11449"
"20213","11650550","반포본동","11947","5637","6310","2490","1494","892","2258","2175","2638","1277","719","401","924","1105","1211","1213","775","491","1334","1070","1427","4107","0","4107"
"20213","11650560","반포1동","32298","15597","16701","6603","4226","5496","6623","4116","5234","3348","1923","2493","3327","2130","2376","3255","2303","3003","3296","1986","2858","14274","0","14274"
"20213","11650570","반포2동","16079","7668","8411","4625","1360","1541","3721","2142","2690","2335","665","610","1697","1152","1209","2290","695","931","2024","990","1481","5109","0","5109"
"20213","11650580","반포3동","22333","10576","11757","4968","2497","2613","4569","3491","4195","2554","1232","1151","2045","1768","1826","2414","1265","1462","2524","1723","2369","7739","0","7739"
"20213","11650581","반포4동","19377","9164","10213","3854","2328","2649","3579","2865","4102","2017","1114","1171","1625","1372","1865","1837","1214","1478","1954","1493","2237","7275","0","7275"
"20213","11650590","방배본동","21099","9797","11302","4277","2681","2432","3961","3423","4325","2062","1252","1077","1755","1706","1945","2215","1429","1355","2206","1717","2380","7997","0","7997"
"20213","11650600","방배1동","17245","8086","9159","2512","2499","2969","2797","2455","4013","1311","1188","1346","1291","1144","1806","1201","1311","1623","1506","1311","2207","7644","0","7644"
"20213","11650610","방배2동","20247","9493","10754","2819","2861","3177","3080","3164","5146","1434","1420","1474","1436","1433","2296","1385","1441","1703","1644","1731","2850","8671","0","8671"
"20213","11650620","방배3동","21283","10278","11005","3322","2781","2942","3220","3528","5490","1710","1453","1406","1479","1644","2586","1612","1328","1536","1741","1884","2904","8284","0","8284"
"20213","11650621","방배4동","23722","10840","12882","4290","3204","3625","4292","3525","4786","2036","1410","1603","1921","1708","2162","2254","1794","2022","2371","1817","2624","9812","0","9812"
"20213","11650651","양재1동","44542","21287","23255","8390","5396","6773","7771","6302","9910","4300","2637","3243","3789","3000","4318","4090","2759","3530","3982","3302","5592","18222","0","18222"
"20213","11650652","양재2동","22452","11264","11188","3064","3369","4543","3733","3340","4403","1606","1705","2366","1912","1643","2032","1458","1664","2177","1821","1697","2371","10829","0","10829"
"20213","11650660","내곡동","17915","8715","9200","3318","1925","2725","3049","2476","4422","1677","1006","1269","1547","1161","2055","1641","919","1456","1502","1315","2367","7209","0","7209"
"20213","11680510","신사동","16672","7731","8941","2650","2279","2384","2954","2499","3906","1354","1044","1054","1294","1235","1750","1296","1235","1330","1660","1264","2156","7323","0","7323"
"20213","11680521","논현1동","22994","10809","12185","1589","4626","5821","3871","2821","4266","767","2092","2774","1866","1410","1900","822","2534","3047","2005","1411","2366","14400","0","14400"
"20213","11680531","논현2동","21740","10121","11619","2445","3552","4562","3824","2978","4379","1264","1589","2048","1838","1458","1924","1181","1963","2514","1986","1520","2455","11676","0","11676"
"20213","11680545","압구정동","27248","12572","14676","4957","3193","3377","4883","4104","6734","2375","1503","1445","2226","2016","3007","2582","1690","1932","2657","2088","3727","10622","0","10622"
"20213","11680565","청담동","27014","12627","14387","4437","3801","4440","4805","3989","5542","2374","1718","1922","2212","1865","2536","2063","2083","2518","2593","2124","3006","11801","0","11801"
"20213","11680580","삼성1동","13407","6623","6784","2141","1913","1955","2183","2170","3045","1205","1031","910","1005","1046","1426","936","882","1045","1178","1124","1619","5675","0","5675"
"20213","11680590","삼성2동","30115","14342","15773","5917","3889","4981","6443","4143","4742","3215","1842","2094","2957","2115","2119","2702","2047","2887","3486","2028","2623","13439","0","13439"
"20213","11680600","대치1동","24900","12528","12372","7507","2475","1568","6133","3814","3403","4189","1266","610","2705","2126","1632","3318","1209","958","3428","1688","1771","7380","0","7380"
"20213","11680610","대치2동","37565","19103","18462","8358","4959","3268","7283","6730","6967","4874","2688","1512","3105","3518","3406","3484","2271","1756","4178","3212","3561","12986","0","12986"
"20213","11680630","대치4동","20478","9657","10821","3322","3441","3367","4104","3213","3031","1758","1649","1508","1761","1619","1362","1564","1792","1859","2343","1594","1669","10328","0","10328"
"20213","11680640","역삼1동","35804","17333","18471","2485","7528","10082","6058","4240","5411","1252","3206","5008","3103","2235","2529","1233","4322","5074","2955","2005","2882","23983","0","23983"
"20213","11680650","역삼2동","36944","17309","19635","8499","4687","5243","8651","4847","5017","4158","2022","2250","3998","2632","2249","4341","2665","2993","4653","2215","2768","15675","0","15675"
"20213","11680655","도곡1동","22087","10464","11623","4120","2986","3231","3872","3516","4362","1947","1400","1450","1848","1708","2111","2173","1586","1781","2024","1808","2251","8661","0","8661"
"20213","11680656","도곡2동","33941","15779","18162","7711","4013","3590","6550","5477","6600","3594","1857","1463","2932","2746","3187","4117","2156","2127","3618","2731","3413","11792","0","11792"
"20213","11680660","개포1동","6408","3121","3287","969","734","663","915","1044","2083","493","377","307","436","523","985","476","357","356","479","521","1098","2465","0","2465"
"20213","11680670","개포2동","22211","10732","11479","4194","2920","2791","3692","3834","4780","2084","1508","1314","1689","1847","2290","2110","1412","1477","2003","1987","2490","8033","0","8033"
"20213","11680690","개포4동","22529","10991","11538","3691","3161","3468","3759","3781","4669","1898","1599","1709","1775","1869","2141","1793","1562","1759","1984","1912","2528","9499","0","9499"
"20213","11680700","세곡동","44314","21044","23270","9067","5380","6879","7809","6014","9165","4496","2594","3149","3846","2925","4034","4571","2786","3730","3963","3089","5131","17965","0","17965"
"20213","11680720","일원본동","23927","11793","12134","5606","2620","2981","4542","3720","4458","3159","1363","1362","2093","1808","2008","2447","1257","1619","2449","1912","2450","8146","0","8146"
"20213","11680730","일원1동","15672","7693","7979","1950","2208","2268","2145","2515","4586","1060","1150","1195","1092","1205","1991","890","1058","1073","1053","1310","2595","7465","0","7465"
"20213","11680740","일원2동","17642","8556","9086","3007","1940","2579","3044","2602","4470","1748","1044","1243","1464","1255","1802","1259","896","1336","1580","1347","2668","7357","0","7357"
"20213","11680750","수서동","15241","6919","8322","1214","1614","2318","1654","2259","6182","611","827","1166","871","1011","2433","603","787","1152","783","1248","3749","7876","0","7876"
"20213","11710510","풍납1동","13896","6829","7067","1591","1720","1943","1993","2447","4202","854","906","1010","988","1184","1887","737","814","933","1005","1263","2315","6377","0","6377"
"20213","11710520","풍납2동","25501","12123","13378","4043","3836","4296","4061","3703","5562","2066","1685","2035","1964","1800","2573","1977","2151","2261","2097","1903","2989","11071","0","11071"
"20213","11710531","거여1동","12616","6407","6209","1624","1796","1715","1883","2273","3325","864","952","908","946","1149","1588","760","844","807","937","1124","1737","5510","0","5510"
"20213","11710532","거여2동","19174","9408","9766","2911","2233","2678","3028","3315","5009","1544","1149","1362","1477","1614","2262","1367","1084","1316","1551","1701","2747","8170","0","8170"
"20213","11710540","마천1동","19745","10078","9667","2616","2382","2237","2864","3618","6028","1349","1239","1240","1474","1930","2846","1267","1143","997","1390","1688","3182","8972","0","8972"
"20213","11710550","마천2동","19564","9919","9645","2299","2476","2292","2772","3724","6001","1169","1327","1268","1459","1893","2803","1130","1149","1024","1313","1831","3198","8886","0","8886"
"20213","11710561","방이1동","16193","7804","8389","2786","2490","2282","2697","2698","3240","1415","1272","1089","1237","1272","1519","1371","1218","1193","1460","1426","1721","6317","0","6317"
"20213","11710562","방이2동","26148","12310","13838","2469","5177","5982","3661","3645","5214","1325","2194","2922","1790","1703","2376","1144","2983","3060","1871","1942","2838","14550","0","14550"
"20213","11710566","오륜동","18483","9090","9393","4132","2182","1719","3403","3135","3912","2270","1153","720","1504","1557","1886","1862","1029","999","1899","1578","2026","5956","0","5956"
"20213","11710570","오금동","39515","19163","20352","6095","5603","5699","5845","6883","9390","3194","2896","2797","2740","3225","4311","2901","2707","2902","3105","3658","5079","15693","0","15693"
"20213","11710580","송파1동","24810","11632","13178","2634","4604","5425","3506","3518","5123","1313","2067","2648","1636","1622","2346","1321","2537","2777","1870","1896","2777","12434","0","12434"
"20213","11710590","송파2동","20645","9906","10739","3578","2924","3076","3185","3366","4516","1804","1372","1460","1526","1606","2138","1774","1552","1616","1659","1760","2378","7647","0","7647"
"20213","11710600","석촌동","32530","15505","17025","3554","5621","7052","4925","4728","6650","1809","2555","3402","2431","2280","3028","1745","3066","3650","2494","2448","3622","17072","0","17072"
"20213","11710610","삼전동","31448","14829","16619","3634","5375","6677","5192","4518","6052","1877","2401","3288","2482","2104","2677","1757","2974","3389","2710","2414","3375","16326","0","16326"
"20213","11710620","가락본동","27076","13418","13658","3532","4197","4793","3897","4753","5904","1836","2052","2439","1916","2319","2856","1696","2145","2354","1981","2434","3048","12010","0","12010"
"20213","11710631","가락1동","27823","13521","14302","5459","3556","5350","4458","4032","4968","2829","1755","2531","2168","1896","2342","2630","1801","2819","2290","2136","2626","9908","0","9908"
"20213","11710632","가락2동","33013","16237","16776","6137","4580","4836","5658","5272","6530","3225","2307","2343","2727","2549","3086","2912","2273","2493","2931","2723","3444","12379","0","12379"
"20213","11710641","문정1동","20369","10050","10319","2824","3252","3529","2842","3347","4575","1468","1612","1813","1383","1571","2203","1356","1640","1716","1459","1776","2372","8431","0","8431"
"20213","11710642","문정2동","29877","13858","16019","3239","5334","7644","4400","3626","5634","1659","2074","3549","2134","1773","2669","1580","3260","4095","2266","1853","2965","15761","0","15761"
"20213","11710646","장지동","30000","14522","15478","5192","4094","4784","4776","4875","6279","2658","2056","2409","2337","2279","2783","2534","2038","2375","2439","2596","3496","12080","0","12080"
"20213","11710647","위례동","30548","14863","15685","8837","2965","5317","6212","3558","3659","4431","1484","2420","3148","1765","1615","4406","1481","2897","3064","1793","2044","9900","0","9900"
"20213","11710650","잠실본동","28558","13478","15080","3080","5101","6179","4452","4131","5615","1544","2252","3021","2143","1953","2565","1536","2849","3158","2309","2178","3050","15419","0","15419"
"20213","11710670","잠실2동","36151","17260","18891","10069","3308","4094","8723","4853","5104","5081","1556","1644","4059","2641","2279","4988","1752","2450","4664","2212","2825","11899","0","11899"
"20213","11710680","잠실3동","35314","16819","18495","7348","3923","4489","6295","5306","7953","3776","1876","1922","2920","2599","3726","3572","2047","2567","3375","2707","4227","12130","0","12130"
"20213","11710690","잠실4동","21711","10433","11278","5208","2036","3121","4381","2899","4066","2682","1004","1302","2126","1436","1883","2526","1032","1819","2255","1463","2183","7418","0","7418"
"20213","11710710","잠실6동","17212","8128","9084","3242","2014","2372","2779","2661","4144","1632","956","1051","1293","1232","1964","1610","1058","1321","1486","1429","2180","5983","0","5983"
"20213","11710720","잠실7동","9882","4607","5275","1631","1286","1024","1402","1672","2867","733","615","466","621","813","1359","898","671","558","781","859","1508","3465","0","3465"
"20213","11740515","강일동","35390","17082","18308","7624","4276","4332","5989","5365","7804","3929","2126","2040","2881","2636","3470","3695","2150","2292","3108","2729","4334","12960","0","12960"
"20213","11740520","상일동","33197","16367","16830","7513","3597","5313","5919","4811","6044","3853","1862","2450","2986","2287","2929","3660","1735","2863","2933","2524","3115","11601","0","11601"
"20213","11740530","명일1동","26280","12827","13453","4659","3266","4153","4261","4065","5876","2431","1635","2082","2044","1941","2694","2228","1631","2071","2217","2124","3182","10105","0","10105"
"20213","11740540","명일2동","17494","8654","8840","3702","2192","1882","3116","2750","3852","1985","1129","937","1397","1358","1848","1717","1063","945","1719","1392","2004","6115","0","6115"
"20213","11740550","고덕1동","25955","13187","12768","6578","2474","3548","5474","3467","4414","3612","1324","1661","2745","1769","2076","2966","1150","1887","2729","1698","2338","8800","0","8800"
"20213","11740560","고덕2동","22444","11355","11089","4516","2448","3993","3796","3301","4390","2357","1289","1957","1975","1660","2117","2159","1159","2036","1821","1641","2273","8705","0","8705"
"20213","11740570","암사1동","35440","17548","17892","4836","4853","5290","5602","6013","8846","2458","2531","2738","2867","2944","4010","2378","2322","2552","2735","3069","4836","16172","0","16172"
"20213","11740580","암사2동","15439","7481","7958","2450","2002","2920","2411","2241","3415","1230","967","1444","1210","1072","1558","1220","1035","1476","1201","1169","1857","6352","0","6352"
"20213","11740590","암사3동","18359","8985","9374","3974","1970","2617","3282","2693","3823","2051","976","1202","1630","1298","1828","1923","994","1415","1652","1395","1995","6369","0","6369"
"20213","11740600","천호1동","27485","13505","13980","3234","3850","4108","4108","4623","7562","1642","1932","2155","2155","2190","3431","1592","1918","1953","1953","2433","4131","12913","0","12913"
"20213","11740610","천호2동","34494","17015","17479","3607","4975","6295","5026","5716","8875","1868","2349","3246","2600","2851","4101","1739","2626","3049","2426","2865","4774","17730","0","17730"
"20213","11740620","천호3동","26573","12981","13592","2625","4225","4803","3788","4258","6874","1357","1864","2403","1968","2204","3185","1268","2361","2400","1820","2054","3689","13901","0","13901"
"20213","11740640","성내1동","20230","9815","10415","3333","2716","3393","3322","3043","4423","1742","1345","1649","1613","1440","2026","1591","1371","1744","1709","1603","2397","8258","0","8258"
"20213","11740650","성내2동","24318","11935","12383","2332","3995","4327","3504","3832","6328","1187","1811","2265","1813","1900","2959","1145","2184","2062","1691","1932","3369","12909","0","12909"
"20213","11740660","성내3동","23440","11544","11896","3073","3628","3584","3615","3975","5565","1725","1882","1823","1766","1892","2456","1348","1746","1761","1849","2083","3109","10606","0","10606"
"20213","11740685","길동","46576","22715","23861","5584","7189","7606","6859","7605","11733","2907","3400","3893","3508","3615","5392","2677","3789","3713","3351","3990","6341","21589","0","21589"
"20213","11740690","둔촌1동","24","17","7","4","3","4","0","3","10","4","3","2","0","1","7","0","0","2","0","2","3","14","0","14"
"20213","11740700","둔촌2동","26347","12961","13386","4011","3746","3861","3901","4390","6438","2095","1883","1967","1950","2073","2993","1916","1863","1894","1951","2317","3445","11040","0","11040"
"20231","11410585","신촌동","17521","8062","9459","1229","2308","5614","2464","2053","3853","632","873","2618","1206","1016","1717","597","1435","2996","1258","1037","2136","10857","0","10857"
"20232","11710550","마천2동","19813","10146","9667","2023","2254","2525","2889","3454","6668","1038","1220","1361","1545","1797","3185","985","1034","1164","1344","1657","3483","8886","0","8886"
"20232","11710561","방이1동","16181","7874","8307","2081","2389","2216","2379","2998","4118","1049","1227","1108","1092","1412","1986","1032","1162","1108","1287","1586","2132","6317","0","6317"
"20232","11710562","방이2동","24312","11851","12461","2598","2393","4748","4613","3624","6336","1383","1233","2280","2334","1715","2906","1215","1160","2468","2279","1909","3430","14550","0","14550"
"20232","11710566","오륜동","19267","9403","9864","2497","3408","2086","2332","4086","4858","1310","1813","1020","919","1968","2373","1187","1595","1066","1413","2118","2485","5956","0","5956"
"20232","11710590","송파2동","21811","10629","11182","2867","3057","3149","3147","3653","5938","1502","1503","1563","1515","1731","2815","1365","1554","1586","1632","1922","3123","7647","0","7647"
"20232","11710600","석촌동","34527","16735","17792","3778","3320","6899","6562","5157","8811","1895","1743","3243","3305","2517","4032","1883","1577","3656","3257","2640","4779","17072","0","17072"